0 0.21814903846153846 0.9302884615384616 0.06610576923076923 0.03365384615384616
0 0.3671875 0.5210336538461539 0.056490384615384616 0.054086538461538464
0 0.4483173076923077 0.5342548076923077 0.09375 0.08293269230769232
0 0.7325721153846154 0.2950721153846154 0.05168269230769231 0.08052884615384616
0 0.7157451923076924 0.2542067307692308 0.09495192307692309 0.14543269230769232
0 0.7764423076923077 0.2698317307692308 0.08653846153846154 0.15504807692307693
0 0.7680288461538461 0.5204326923076923 0.06971153846153846 0.04326923076923077
0 0.6358173076923077 0.7932692307692308 0.09615384615384616 0.06730769230769232
0 0.8341346153846154 0.7596153846153847 0.06730769230769232 0.05288461538461539
0 0.8762019230769231 0.9014423076923077 0.05288461538461539 0.028846153846153848
