0 0.9381009615384616 0.017427884615384616 0.054086538461538464 0.03485576923076923
0 0.9579326923076924 0.06129807692307693 0.057692307692307696 0.06009615384615385
0 0.9236778846153847 0.42728365384615385 0.08774038461538462 0.08293269230769232
0 0.8209134615384616 0.38762019230769235 0.11778846153846155 0.109375
0 0.7638221153846154 0.5751201923076923 0.03966346153846154 0.03245192307692308
0 0.6730769230769231 0.5306490384615384 0.038461538461538464 0.030048076923076924
0 0.6995192307692308 0.5829326923076923 0.038461538461538464 0.03125
0 0.6478365384615385 0.6069711538461539 0.03605769230769231 0.03605769230769231
0 0.6370192307692308 0.5931490384615385 0.03605769230769231 0.030048076923076924
0 0.6268028846153847 0.5739182692307693 0.03245192307692308 0.030048076923076924
0 0.615985576923077 0.5582932692307693 0.03485576923076923 0.030048076923076924
0 0.6658653846153847 0.5991586538461539 0.057692307692307696 0.09495192307692309
0 0.6063701923076923 0.5372596153846154 0.037259615384615384 0.03605769230769231
0 0.43149038461538464 0.24278846153846156 0.06730769230769232 0.04807692307692308
0 0.4561298076923077 0.30528846153846156 0.06850961538461539 0.05528846153846154
2 0.5991586538461539 0.8852163461538463 0.056490384615384616 0.11658653846153846
0 0.4669471153846154 0.8257211538461539 0.06129807692307693 0.040865384615384616
