0 0.9933894230769231 0.2139423076923077 0.013221153846153848 0.04326923076923077
0 0.9483173076923077 0.32512019230769235 0.10336538461538462 0.11177884615384616
0 0.6051682692307693 0.3106971153846154 0.15504807692307693 0.12620192307692307
0 0.4633413461538462 0.3864182692307693 0.16466346153846154 0.12379807692307693
0 0.16887019230769232 0.6899038461538461 0.17427884615384617 0.13942307692307693
0 0.29387019230769235 0.615985576923077 0.15024038461538464 0.12139423076923078
0 0.8317307692307693 0.5877403846153847 0.06490384615384616 0.07451923076923077
0 0.7608173076923077 0.6243990384615385 0.05048076923076923 0.07572115384615385
0 0.6682692307692308 0.6959134615384616 0.20192307692307693 0.14903846153846154
0 0.48978365384615385 0.7337740384615385 0.09735576923076923 0.11899038461538462
0 0.4405048076923077 0.6490384615384616 0.09735576923076923 0.10817307692307693
0 0.4014423076923077 0.5667067307692308 0.07211538461538462 0.09495192307692309
0 0.4495192307692308 0.5342548076923077 0.09855769230769232 0.09014423076923077
0 0.5108173076923077 0.655048076923077 0.11298076923076923 0.21153846153846156
