0 0.9951923076923077 0.6412259615384616 0.009615384615384616 0.04447115384615385
0 0.9573317307692308 0.5913461538461539 0.04447115384615385 0.04326923076923077
0 0.7704326923076924 0.3515625 0.040865384615384616 0.046875
0 0.6286057692307693 0.5330528846153847 0.06009615384615385 0.030048076923076924
0 0.5721153846153847 0.48918269230769235 0.06490384615384616 0.03605769230769231
0 0.5679086538461539 0.6099759615384616 0.12139423076923078 0.1045673076923077
0 0.4296875 0.16045673076923078 0.08293269230769232 0.08774038461538462
0 0.0546875 0.5685096153846154 0.08774038461538462 0.09134615384615385
0 0.2842548076923077 0.8587740384615385 0.04927884615384616 0.03966346153846154
0 0.25480769230769235 0.8954326923076924 0.04567307692307693 0.04567307692307693
0 0.1268028846153846 0.9951923076923077 0.07572115384615385 0.009615384615384616
