0 0.71875 0.015024038461538462 0.06009615384615385 0.020432692307692308
0 0.15564903846153846 0.03185096153846154 0.16947115384615385 0.06370192307692309
0 0.3046875 0.17427884615384617 0.1935096153846154 0.19711538461538464
0 0.2139423076923077 0.2566105769230769 0.19230769230769232 0.1983173076923077
0 0.11117788461538462 0.3389423076923077 0.19591346153846154 0.19230769230769232
0 0.45492788461538464 0.3347355769230769 0.07572115384615385 0.03245192307692308
0 0.4477163461538462 0.3617788461538462 0.1045673076923077 0.04326923076923077
0 0.4411057692307693 0.3864182692307693 0.1514423076923077 0.054086538461538464
0 0.4290865384615385 0.4140625 0.2139423076923077 0.06370192307692309
0 0.421875 0.43930288461538464 0.2644230769230769 0.0733173076923077
0 0.9549278846153847 0.3239182692307693 0.09014423076923077 0.21514423076923078
0 0.05709134615384616 0.41947115384615385 0.11418269230769232 0.19951923076923078
0 0.40625 0.4669471153846154 0.3245192307692308 0.09254807692307693
0 0.4098557692307693 0.4879807692307693 0.3509615384615385 0.09134615384615385
0 0.46634615384615385 0.5018028846153847 0.2692307692307693 0.07572115384615385
0 0.4717548076923077 0.522235576923077 0.28966346153846156 0.08533653846153846
0 0.4044471153846154 0.5582932692307693 0.2512019230769231 0.07091346153846154
0 0.47836538461538464 0.5895432692307693 0.2932692307692308 0.08052884615384616
0 0.45432692307692313 0.6171875 0.2451923076923077 0.0733173076923077
0 0.4453125 0.6412259615384616 0.18149038461538464 0.054086538461538464
0 0.43028846153846156 0.6658653846153847 0.12740384615384617 0.040865384615384616
0 0.6057692307692308 0.6965144230769231 0.3269230769230769 0.08533653846153846
0 0.6129807692307693 0.7211538461538461 0.35336538461538464 0.09375
0 0.6274038461538461 0.740985576923077 0.34855769230769235 0.09014423076923077
0 0.6466346153846154 0.7608173076923077 0.3509615384615385 0.0889423076923077
0 0.6658653846153847 0.7788461538461539 0.3557692307692308 0.09134615384615385
0 0.6736778846153847 0.7962740384615385 0.3449519230769231 0.09254807692307693
0 0.6766826923076923 0.8221153846153847 0.2932692307692308 0.08173076923076923
0 0.655048076923077 0.8719951923076924 0.18509615384615385 0.06129807692307693
0 0.6664663461538461 0.8443509615384616 0.24639423076923078 0.0733173076923077
0 0.6460336538461539 0.8960336538461539 0.14302884615384617 0.046875
