0 0.33653846153846156 0.07091346153846154 0.3822115384615385 0.14182692307692307
0 0.5570913461538461 0.26322115384615385 0.08052884615384616 0.06730769230769232
0 0.608173076923077 0.29747596153846156 0.08173076923076923 0.058894230769230775
0 0.6676682692307693 0.3419471153846154 0.07572115384615385 0.08533653846153846
0 0.7139423076923077 0.3786057692307693 0.09134615384615385 0.09615384615384616
0 0.7704326923076924 0.4086538461538462 0.09134615384615385 0.09375
0 0.8257211538461539 0.4338942307692308 0.07692307692307693 0.07692307692307693
0 0.5060096153846154 0.4747596153846154 0.08653846153846154 0.0625
0 0.8149038461538461 0.5204326923076923 0.05288461538461539 0.06490384615384616
0 0.7608173076923077 0.5895432692307693 0.09855769230769232 0.11658653846153846
0 0.686298076923077 0.6730769230769231 0.11778846153846155 0.125
0 0.8798076923076924 0.7037259615384616 0.14903846153846154 0.12860576923076925
