0 0.23076923076923078 0.5240384615384616 0.05288461538461539 0.05048076923076923
0 0.1983173076923077 0.5649038461538461 0.05288461538461539 0.05288461538461539
0 0.17848557692307693 0.5895432692307693 0.042067307692307696 0.03966346153846154
0 0.1640625 0.655048076923077 0.0733173076923077 0.06009615384615385
0 0.13461538461538464 0.6929086538461539 0.05528846153846154 0.06370192307692309
0 0.1887019230769231 0.7367788461538461 0.08653846153846154 0.07692307692307693
0 0.23677884615384617 0.7181490384615385 0.06490384615384616 0.05168269230769231
0 0.3046875 0.5372596153846154 0.07091346153846154 0.06490384615384616
0 0.3509615384615385 0.5787259615384616 0.040865384615384616 0.037259615384615384
0 0.3317307692307693 0.6039663461538461 0.05048076923076923 0.04927884615384616
0 0.2806490384615385 0.5697115384615385 0.08293269230769232 0.07451923076923077
0 0.25480769230769235 0.6069711538461539 0.08173076923076923 0.06730769230769232
0 0.22896634615384617 0.6334134615384616 0.06850961538461539 0.06009615384615385
0 0.31310096153846156 0.6508413461538461 0.0733173076923077 0.06850961538461539
0 0.29146634615384615 0.6820913461538461 0.06850961538461539 0.054086538461538464
0 0.3737980769230769 0.6977163461538461 0.07451923076923077 0.07091346153846154
0 0.3473557692307693 0.7265625 0.06971153846153846 0.06129807692307693
0 0.4435096153846154 0.6484375 0.03365384615384616 0.03485576923076923
0 0.4645432692307693 0.7115384615384616 0.0733173076923077 0.07451923076923077
0 0.4885817307692308 0.6838942307692308 0.06850961538461539 0.05528846153846154
0 0.5348557692307693 0.7181490384615385 0.040865384615384616 0.03966346153846154
0 0.5132211538461539 0.7481971153846154 0.05528846153846154 0.05168269230769231
0 0.48137019230769235 0.7806490384615385 0.054086538461538464 0.046875
0 0.43449519230769235 0.7506009615384616 0.0733173076923077 0.06850961538461539
0 0.4603365384615385 0.8149038461538461 0.04807692307692308 0.038461538461538464
0 0.4086538461538462 0.7770432692307693 0.07211538461538462 0.06129807692307693
0 0.4435096153846154 0.873798076923077 0.04567307692307693 0.05048076923076923
0 0.40024038461538464 0.9194711538461539 0.05288461538461539 0.06490384615384616
0 0.8131009615384616 0.15564903846153846 0.056490384615384616 0.08052884615384616
