0 0.8762019230769231 0.7824519230769231 0.14182692307692307 0.13942307692307693
0 0.9723557692307693 0.6598557692307693 0.05528846153846154 0.10336538461538462
0 0.9080528846153847 0.5162259615384616 0.11177884615384616 0.10216346153846155
0 0.8671875 0.4909855769230769 0.037259615384615384 0.042067307692307696
0 0.8888221153846154 0.4729567307692308 0.037259615384615384 0.03245192307692308
0 0.9110576923076924 0.45853365384615385 0.03365384615384616 0.03485576923076923
0 0.7890625 0.6039663461538461 0.14543269230769232 0.12860576923076925
0 0.7103365384615385 0.5919471153846154 0.04807692307692308 0.04927884615384616
0 0.7313701923076924 0.5757211538461539 0.046875 0.04326923076923077
0 0.7530048076923077 0.5582932692307693 0.046875 0.05168269230769231
0 0.7758413461538461 0.5420673076923077 0.04447115384615385 0.04567307692307693
0 0.795673076923077 0.5276442307692308 0.05048076923076923 0.040865384615384616
0 0.5793269230769231 0.4801682692307693 0.07211538461538462 0.06370192307692309
0 0.6183894230769231 0.43449519230769235 0.109375 0.1045673076923077
0 0.6736778846153847 0.3671875 0.1045673076923077 0.09975961538461539
0 0.733173076923077 0.30649038461538464 0.10576923076923078 0.10817307692307693
0 0.6989182692307693 0.2265625 0.06850961538461539 0.054086538461538464
0 0.6808894230769231 0.25060096153846156 0.058894230769230775 0.05168269230769231
0 0.6604567307692308 0.27043269230769235 0.06850961538461539 0.05288461538461539
0 0.6478365384615385 0.2932692307692308 0.06009615384615385 0.05048076923076923
0 0.6243990384615385 0.3125 0.056490384615384616 0.05048076923076923
0 0.6087740384615385 0.3341346153846154 0.06850961538461539 0.057692307692307696
0 0.5913461538461539 0.35697115384615385 0.05288461538461539 0.04807692307692308
0 0.5787259615384616 0.3780048076923077 0.058894230769230775 0.042067307692307696
0 0.5625 0.3978365384615385 0.057692307692307696 0.04807692307692308
0 0.5414663461538461 0.4206730769230769 0.05168269230769231 0.04326923076923077
0 0.5246394230769231 0.4447115384615385 0.05168269230769231 0.04567307692307693
0 0.37680288461538464 0.4639423076923077 0.11899038461538462 0.11057692307692309
0 0.4795673076923077 0.1826923076923077 0.20673076923076925 0.1875
0 0.3293269230769231 0.12860576923076925 0.06009615384615385 0.10096153846153846
0 0.2932692307692308 0.18990384615384617 0.0889423076923077 0.06971153846153846
0 0.24399038461538464 0.3058894230769231 0.09375 0.07091346153846154
0 0.3034855769230769 0.38461538461538464 0.07091346153846154 0.08173076923076923
0 0.10216346153846155 0.5048076923076923 0.07451923076923077 0.06490384615384616
0 0.1310096153846154 0.46634615384615385 0.07932692307692309 0.07932692307692309
0 0.15625 0.42247596153846156 0.06490384615384616 0.058894230769230775
0 0.08413461538461539 0.0234375 0.09615384615384616 0.046875
