0 0.08473557692307693 0.3137019230769231 0.16947115384615385 0.24278846153846156
0 0.19891826923076925 0.5564903846153847 0.08052884615384616 0.06730769230769232
0 0.25 0.5907451923076923 0.08173076923076923 0.058894230769230775
0 0.30949519230769235 0.6352163461538461 0.07572115384615385 0.08533653846153846
0 0.3557692307692308 0.671875 0.09134615384615385 0.09615384615384616
0 0.4122596153846154 0.701923076923077 0.09134615384615385 0.09375
0 0.4675480769230769 0.7271634615384616 0.07692307692307693 0.07692307692307693
0 0.14783653846153846 0.7680288461538461 0.08653846153846154 0.0625
0 0.4567307692307693 0.8137019230769231 0.05288461538461539 0.06490384615384616
0 0.4026442307692308 0.8828125 0.09855769230769232 0.11658653846153846
0 0.328125 0.951923076923077 0.11778846153846155 0.09615384615384616
0 0.5216346153846154 0.9663461538461539 0.14903846153846154 0.06730769230769232
0 0.9489182692307693 0.9068509615384616 0.10216346153846155 0.11177884615384616
