0 0.34615384615384615 0.47355769230769235 0.07211538461538462 0.10576923076923078
0 0.38461538461538464 0.5288461538461539 0.07692307692307693 0.057692307692307696
0 0.6400240384615385 0.4368990384615385 0.05168269230769231 0.03966346153846154
0 0.6496394230769231 0.46995192307692313 0.04447115384615385 0.03605769230769231
0 0.6646634615384616 0.4945913461538462 0.04567307692307693 0.030048076923076924
0 0.6790865384615385 0.522235576923077 0.04326923076923077 0.03245192307692308
0 0.6893028846153847 0.5486778846153847 0.046875 0.025240384615384616
0 0.703125 0.5763221153846154 0.04567307692307693 0.030048076923076924
0 0.7151442307692308 0.6039663461538461 0.04326923076923077 0.03245192307692308
0 0.7530048076923077 0.8203125 0.09254807692307693 0.1358173076923077
0 0.8485576923076924 0.8058894230769231 0.09615384615384616 0.09254807692307693
0 0.9747596153846154 0.6959134615384616 0.05048076923076923 0.23798076923076925
