0 0.034254807692307696 0.027043269230769232 0.06850961538461539 0.030048076923076924
0 0.03365384615384616 0.04026442307692308 0.06730769230769232 0.030048076923076924
0 0.030649038461538464 0.05348557692307693 0.06129807692307693 0.030048076923076924
0 0.028245192307692308 0.06610576923076923 0.056490384615384616 0.03125
0 0.39603365384615385 0.631610576923077 0.07091346153846154 0.042067307692307696
0 0.47055288461538464 0.6592548076923077 0.078125 0.046875
0 0.7692307692307693 0.9098557692307693 0.07451923076923077 0.08413461538461539
0 0.7121394230769231 0.8918269230769231 0.06610576923076923 0.08413461538461539
0 0.7475961538461539 0.9729567307692308 0.06971153846153846 0.054086538461538464
0 0.6893028846153847 0.9651442307692308 0.06610576923076923 0.06971153846153846
0 0.5649038461538461 0.9399038461538463 0.10576923076923078 0.0889423076923077
0 0.47355769230769235 0.9074519230769231 0.10817307692307693 0.08413461538461539
0 0.2481971153846154 0.8365384615384616 0.1983173076923077 0.1201923076923077
0 0.049879807692307696 0.7764423076923077 0.08293269230769232 0.07932692307692309
0 0.025841346153846156 0.07752403846153846 0.05168269230769231 0.037259615384615384
0 0.02403846153846154 0.09254807692307693 0.04807692307692308 0.03365384615384616
0 0.022235576923076924 0.109375 0.04447115384615385 0.03125
