0 0.3275240384615385 0.14242788461538464 0.058894230769230775 0.03966346153846154
0 0.2614182692307692 0.15324519230769232 0.04927884615384616 0.06129807692307693
0 0.31790865384615385 0.05048076923076923 0.020432692307692308 0.04807692307692308
0 0.36478365384615385 0.36117788461538464 0.046875 0.056490384615384616
0 0.4807692307692308 0.32211538461538464 0.05528846153846154 0.04807692307692308
0 0.9290865384615385 0.35216346153846156 0.11057692307692309 0.038461538461538464
0 0.9861778846153847 0.5264423076923077 0.02764423076923077 0.038461538461538464
0 0.8756009615384616 0.5150240384615384 0.078125 0.06850961538461539
0 0.9068509615384616 0.5883413461538461 0.0733173076923077 0.078125
0 0.5204326923076923 0.4603365384615385 0.038461538461538464 0.019230769230769232
0 0.4092548076923077 0.31310096153846156 0.03485576923076923 0.018028846153846156
