0 0.4675480769230769 0.021634615384615384 0.3028846153846154 0.02403846153846154
0 0.8401442307692308 0.002403846153846154 0.3197115384615385 0.004807692307692308
0 0.8106971153846154 0.01622596153846154 0.3353365384615385 0.02764423076923077
0 0.7848557692307693 0.04266826923076923 0.34134615384615385 0.02764423076923077
0 0.8431490384615385 0.6520432692307693 0.3137019230769231 0.5733173076923077
0 0.7602163461538461 0.06670673076923077 0.3137019230769231 0.02764423076923077
0 0.7289663461538461 0.09194711538461539 0.3353365384615385 0.02764423076923077
0 0.7091346153846154 0.11538461538461539 0.3317307692307693 0.026442307692307696
0 0.6814903846153847 0.140625 0.31730769230769235 0.026442307692307696
0 0.65625 0.16766826923076925 0.3293269230769231 0.02764423076923077
0 0.6322115384615385 0.19110576923076925 0.3197115384615385 0.03365384615384616
0 0.5991586538461539 0.2169471153846154 0.3137019230769231 0.030048076923076924
0 0.5763221153846154 0.24098557692307693 0.32572115384615385 0.03245192307692308
0 0.5528846153846154 0.2686298076923077 0.3293269230769231 0.030048076923076924
0 0.5192307692307693 0.29146634615384615 0.3245192307692308 0.025240384615384616
0 0.49699519230769235 0.3167067307692308 0.33052884615384615 0.030048076923076924
0 0.4729567307692308 0.3425480769230769 0.33052884615384615 0.026442307692307696
0 0.43930288461538464 0.3665865384615385 0.328125 0.026442307692307696
0 0.42307692307692313 0.3936298076923077 0.32211538461538464 0.02764423076923077
0 0.40384615384615385 0.4140625 0.31490384615384615 0.025240384615384616
0 0.3852163461538462 0.4405048076923077 0.2848557692307693 0.030048076923076924
0 0.3774038461538462 0.4639423076923077 0.2572115384615385 0.021634615384615384
0 0.38822115384615385 0.49278846153846156 0.19230769230769232 0.026442307692307696
0 0.3780048076923077 0.515625 0.140625 0.019230769230769232
0 0.3762019230769231 0.5438701923076923 0.09855769230769232 0.020432692307692308
0 0.37980769230769235 0.5703125 0.06009615384615385 0.020432692307692308
0 0.4320913461538462 0.05168269230769231 0.296875 0.02403846153846154
0 0.3948317307692308 0.0859375 0.29927884615384615 0.025240384615384616
0 0.36478365384615385 0.11838942307692309 0.3137019230769231 0.025240384615384616
0 0.3275240384615385 0.1514423076923077 0.3040865384615385 0.02403846153846154
0 0.29867788461538464 0.18389423076923078 0.3040865384615385 0.026442307692307696
0 0.2620192307692308 0.21754807692307693 0.3028846153846154 0.026442307692307696
0 0.2355769230769231 0.25240384615384615 0.3004807692307693 0.02403846153846154
0 0.21574519230769232 0.28365384615384615 0.2608173076923077 0.02403846153846154
0 0.20853365384615385 0.31430288461538464 0.20552884615384617 0.02764423076923077
0 0.20973557692307693 0.3479567307692308 0.140625 0.020432692307692308
0 0.21033653846153846 0.3810096153846154 0.07692307692307693 0.021634615384615384
0 0.03125 0.7295673076923077 0.0625 0.19711538461538464
0 0.11598557692307693 0.8900240384615385 0.07572115384615385 0.03245192307692308
0 0.10877403846153846 0.9170673076923077 0.1045673076923077 0.04326923076923077
0 0.10216346153846155 0.9417067307692308 0.1514423076923077 0.054086538461538464
0 0.09855769230769232 0.96875 0.19711538461538464 0.0625
0 0.10757211538461539 0.9789663461538463 0.21514423076923078 0.042067307692307696
0 0.6736778846153847 0.8792067307692308 0.20552884615384617 0.21514423076923078
0 0.11478365384615385 0.9879807692307693 0.2295673076923077 0.02403846153846154
