0 0.7752403846153847 0.010216346153846154 0.1514423076923077 0.020432692307692308
0 0.8070913461538461 0.05709134615384616 0.11899038461538462 0.11418269230769232
0 0.8846153846153847 0.05528846153846154 0.11057692307692309 0.11057692307692309
0 0.9152644230769231 0.12379807692307693 0.11658653846153846 0.10576923076923078
0 0.6742788461538461 0.03185096153846154 0.09855769230769232 0.06370192307692309
0 0.7127403846153847 0.09375 0.09134615384615385 0.11298076923076923
0 0.8305288461538461 0.14603365384615385 0.11057692307692309 0.11418269230769232
0 0.859375 0.2217548076923077 0.09855769230769232 0.10216346153846155
0 0.8984375 0.2998798076923077 0.09495192307692309 0.09735576923076923
0 0.5859375 0.03545673076923077 0.109375 0.07091346153846154
0 0.5276442307692308 0.04807692307692308 0.07932692307692309 0.09615384615384616
0 0.5618990384615385 0.1484375 0.09735576923076923 0.13341346153846154
0 0.640625 0.1171875 0.10096153846153846 0.1310096153846154
0 0.7572115384615385 0.1778846153846154 0.09855769230769232 0.10576923076923078
0 0.6790865384615385 0.21153846153846156 0.09375 0.10336538461538462
0 0.7854567307692308 0.2578125 0.08533653846153846 0.10697115384615385
0 0.7133413461538461 0.28125 0.08533653846153846 0.08653846153846154
0 0.6045673076923077 0.2421875 0.09134615384615385 0.10697115384615385
0 0.4837740384615385 0.15504807692307693 0.09735576923076923 0.08653846153846154
0 0.4993990384615385 0.2061298076923077 0.08774038461538462 0.08293269230769232
0 0.40805288461538464 0.18389423076923078 0.08774038461538462 0.08173076923076923
0 0.4320913461538462 0.24399038461538464 0.09014423076923077 0.08173076923076923
0 0.5306490384615384 0.2776442307692308 0.09975961538461539 0.11057692307692309
0 0.4561298076923077 0.3058894230769231 0.09495192307692309 0.10697115384615385
0 0.6352163461538461 0.3263221153846154 0.08533653846153846 0.08293269230769232
0 0.37980769230769235 0.3359375 0.10096153846153846 0.1045673076923077
0 0.8149038461538461 0.33293269230769235 0.08413461538461539 0.09615384615384616
0 0.9308894230769231 0.3743990384615385 0.1045673076923077 0.11418269230769232
0 0.8545673076923077 0.4104567307692308 0.09855769230769232 0.09975961538461539
0 0.7463942307692308 0.3635817307692308 0.08653846153846154 0.09495192307692309
0 0.7782451923076924 0.43870192307692313 0.10216346153846155 0.10817307692307693
0 0.8094951923076924 0.5210336538461539 0.09254807692307693 0.09254807692307693
0 0.7427884615384616 0.5510817307692308 0.09615384615384616 0.09495192307692309
0 0.6724759615384616 0.39603365384615385 0.09735576923076923 0.09014423076923077
0 0.7049278846153847 0.4675480769230769 0.09495192307692309 0.10336538461538462
0 0.5625 0.35216346153846156 0.09134615384615385 0.09134615384615385
0 0.600360576923077 0.4242788461538462 0.08533653846153846 0.09134615384615385
0 0.6340144230769231 0.5030048076923077 0.09735576923076923 0.10697115384615385
0 0.4909855769230769 0.3828125 0.09014423076923077 0.09975961538461539
0 0.5192307692307693 0.4597355769230769 0.08173076923076923 0.09735576923076923
0 0.5594951923076923 0.5390625 0.10216346153846155 0.1045673076923077
0 0.4200721153846154 0.4176682692307693 0.08293269230769232 0.09975961538461539
0 0.3028846153846154 0.3707932692307693 0.09855769230769232 0.11418269230769232
0 0.33834134615384615 0.4483173076923077 0.09254807692307693 0.09855769230769232
0 0.4525240384615385 0.49338942307692313 0.08293269230769232 0.09495192307692309
0 0.4801682692307693 0.5715144230769231 0.10216346153846155 0.109375
0 0.4086538461538462 0.6033653846153847 0.10336538461538462 0.11778846153846155
0 0.37680288461538464 0.5282451923076923 0.1045673076923077 0.10697115384615385
0 0.49759615384615385 0.7259615384615385 0.09855769230769232 0.13461538461538464
0 0.45012019230769235 0.7469951923076924 0.09735576923076923 0.1358173076923077
