0 0.022836538461538464 0.3323317307692308 0.04567307692307693 0.11899038461538462
0 0.05348557692307693 0.3713942307692308 0.042067307692307696 0.05288461538461539
0 0.3167067307692308 0.9981971153846154 0.06610576923076923 0.003605769230769231
0 0.46574519230769235 0.6039663461538461 0.056490384615384616 0.054086538461538464
0 0.546875 0.6171875 0.09375 0.08293269230769232
0 0.8311298076923077 0.3780048076923077 0.05168269230769231 0.08052884615384616
0 0.8143028846153847 0.3371394230769231 0.09495192307692309 0.14543269230769232
0 0.875 0.3527644230769231 0.08653846153846154 0.15504807692307693
0 0.8665865384615385 0.6033653846153847 0.06971153846153846 0.04326923076923077
0 0.734375 0.8762019230769231 0.09615384615384616 0.06730769230769232
0 0.9326923076923077 0.842548076923077 0.06730769230769232 0.05288461538461539
0 0.9741586538461539 0.984375 0.05168269230769231 0.028846153846153848
