0 0.12319711538461539 0.4759615384615385 0.12379807692307693 0.13942307692307693
0 0.21454326923076925 0.4134615384615385 0.13341346153846154 0.13461538461538464
0 0.3112980769230769 0.35697115384615385 0.125 0.13701923076923078
0 0.39603365384615385 0.29927884615384615 0.10697115384615385 0.12980769230769232
0 0.6664663461538461 0.2872596153846154 0.07091346153846154 0.0889423076923077
0 0.6448317307692308 0.3028846153846154 0.07572115384615385 0.09615384615384616
0 0.5733173076923077 0.3431490384615385 0.07451923076923077 0.09975961538461539
0 0.5504807692307693 0.36117788461538464 0.08173076923076923 0.08774038461538462
0 0.4825721153846154 0.40024038461538464 0.07091346153846154 0.09855769230769232
0 0.4519230769230769 0.42247596153846156 0.0889423076923077 0.09735576923076923
0 0.42668269230769235 0.44290865384615385 0.07451923076923077 0.09495192307692309
0 0.3539663461538462 0.48197115384615385 0.078125 0.09855769230769232
0 0.3311298076923077 0.5012019230769231 0.07572115384615385 0.09134615384615385
0 0.25961538461538464 0.5438701923076923 0.07451923076923077 0.09254807692307693
0 0.23617788461538464 0.5606971153846154 0.08293269230769232 0.09735576923076923
0 0.3082932692307693 0.6766826923076923 0.09735576923076923 0.12980769230769232
0 0.3395432692307693 0.6574519230769231 0.10697115384615385 0.13461538461538464
0 0.3948317307692308 0.6195913461538461 0.109375 0.13341346153846154
0 0.43028846153846156 0.5967548076923077 0.11057692307692309 0.12620192307692307
0 0.4885817307692308 0.5600961538461539 0.11177884615384616 0.13461538461538464
0 0.5258413461538461 0.5396634615384616 0.10697115384615385 0.13461538461538464
0 0.5588942307692308 0.5138221153846154 0.10336538461538462 0.13341346153846154
0 0.6201923076923077 0.47836538461538464 0.10817307692307693 0.13461538461538464
0 0.6526442307692308 0.45492788461538464 0.10817307692307693 0.1310096153846154
0 0.7085336538461539 0.42307692307692313 0.10697115384615385 0.13461538461538464
0 0.7379807692307693 0.40024038461538464 0.10096153846153846 0.12740384615384617
0 0.7620192307692308 0.5276442307692308 0.0625 0.08173076923076923
0 0.7163461538461539 0.5540865384615385 0.08173076923076923 0.09375
0 0.6838942307692308 0.5757211538461539 0.08413461538461539 0.09375
0 0.6231971153846154 0.6147836538461539 0.08533653846153846 0.09014423076923077
0 0.5895432692307693 0.6352163461538461 0.08293269230769232 0.09495192307692309
0 0.5540865384615385 0.65625 0.07932692307692309 0.09134615384615385
0 0.49399038461538464 0.6971153846153847 0.07932692307692309 0.0889423076923077
0 0.4603365384615385 0.7181490384615385 0.07692307692307693 0.09735576923076923
0 0.4020432692307693 0.7548076923076924 0.07572115384615385 0.09375
0 0.37199519230769235 0.7770432692307693 0.07572115384615385 0.08774038461538462
0 0.06850961538461539 0.748798076923077 0.13701923076923078 0.4254807692307693
0 0.02764423076923077 0.8587740384615385 0.05528846153846154 0.2824519230769231
0 0.12379807692307693 0.7091346153846154 0.24759615384615385 0.4278846153846154
