0 0.6754807692307693 0.5570913461538461 0.08173076923076923 0.030048076923076924
0 0.59375 0.5324519230769231 0.08413461538461539 0.028846153846153848
0 0.5132211538461539 0.5246394230769231 0.06009615384615385 0.03245192307692308
0 0.5504807692307693 0.5480769230769231 0.14423076923076925 0.05048076923076923
0 0.5895432692307693 0.5462740384615385 0.07572115384615385 0.030048076923076924
0 0.6742788461538461 0.5703125 0.08173076923076923 0.030048076923076924
0 0.6694711538461539 0.5835336538461539 0.07932692307692309 0.030048076923076924
0 0.6646634615384616 0.5961538461538461 0.07932692307692309 0.03125
0 0.5462740384615385 0.5655048076923077 0.14783653846153846 0.04927884615384616
0 0.5438701923076923 0.5757211538461539 0.14543269230769232 0.05048076923076923
0 0.5384615384615385 0.5907451923076923 0.1514423076923077 0.054086538461538464
0 0.6592548076923077 0.6075721153846154 0.08052884615384616 0.037259615384615384
0 0.65625 0.6225961538461539 0.07932692307692309 0.03365384615384616
0 0.6526442307692308 0.639423076923077 0.07932692307692309 0.03125
0 0.569110576923077 0.615985576923077 0.07572115384615385 0.03245192307692308
