0 0.7115384615384616 0.00420673076923077 0.14423076923076925 0.00841346153846154
0 0.7145432692307693 0.030048076923076924 0.203125 0.026442307692307696
0 0.7151442307692308 0.06370192307692309 0.2716346153846154 0.02403846153846154
0 0.6911057692307693 0.09555288461538462 0.3125 0.030048076923076924
0 0.6568509615384616 0.1280048076923077 0.29447115384615385 0.022836538461538464
0 0.6189903846153847 0.16045673076923078 0.2956730769230769 0.022836538461538464
0 0.6015625 0.1935096153846154 0.27043269230769235 0.021634615384615384
0 0.5985576923076923 0.2265625 0.20192307692307693 0.022836538461538464
0 0.5979567307692308 0.2590144230769231 0.13341346153846154 0.020432692307692308
0 0.5979567307692308 0.2932692307692308 0.07091346153846154 0.02403846153846154
0 0.8804086538461539 0.11838942307692309 0.058894230769230775 0.020432692307692308
0 0.8713942307692308 0.1436298076923077 0.10576923076923078 0.020432692307692308
0 0.8719951923076924 0.17127403846153846 0.1622596153846154 0.022836538461538464
0 0.881610576923077 0.19771634615384617 0.21274038461538464 0.022836538461538464
0 0.8671875 0.22235576923076925 0.24158653846153846 0.026442307692307696
0 0.8569711538461539 0.24459134615384617 0.28605769230769235 0.02764423076923077
0 0.8479567307692308 0.2716346153846154 0.3040865384615385 0.026442307692307696
0 0.826923076923077 0.2950721153846154 0.3125 0.022836538461538464
0 0.8125 0.3239182692307693 0.2980769230769231 0.02764423076923077
0 0.7974759615384616 0.3479567307692308 0.2848557692307693 0.02764423076923077
0 0.7830528846153847 0.3695913461538462 0.24639423076923078 0.025240384615384616
0 0.7890625 0.39903846153846156 0.1935096153846154 0.021634615384615384
0 0.7848557692307693 0.42247596153846156 0.16105769230769232 0.018028846153846156
0 0.7842548076923077 0.4495192307692308 0.08533653846153846 0.019230769230769232
0 0.43509615384615385 0.2295673076923077 0.07932692307692309 0.021634615384615384
0 0.43449519230769235 0.2668269230769231 0.14783653846153846 0.021634615384615384
0 0.4368990384615385 0.2998798076923077 0.21033653846153846 0.022836538461538464
0 0.4326923076923077 0.3317307692307693 0.28365384615384615 0.026442307692307696
0 0.40324519230769235 0.3665865384615385 0.28966346153846156 0.02403846153846154
0 0.36778846153846156 0.3972355769230769 0.3004807692307693 0.022836538461538464
0 0.5931490384615385 0.3996394230769231 0.10216346153846155 0.022836538461538464
0 0.5883413461538461 0.4320913461538462 0.1358173076923077 0.022836538461538464
0 0.592548076923077 0.45432692307692313 0.19230769230769232 0.021634615384615384
0 0.5919471153846154 0.47836538461538464 0.2247596153846154 0.026442307692307696
0 0.5877403846153847 0.5048076923076923 0.2884615384615385 0.028846153846153848
0 0.5757211538461539 0.5306490384615384 0.3197115384615385 0.030048076923076924
0 0.553485576923077 0.5546875 0.32091346153846156 0.022836538461538464
0 0.3311298076923077 0.42728365384615385 0.3040865384615385 0.018028846153846156
0 0.3028846153846154 0.4639423076923077 0.31009615384615385 0.02403846153846154
0 0.2692307692307693 0.49699519230769235 0.2956730769230769 0.02764423076923077
0 0.23918269230769232 0.5294471153846154 0.3028846153846154 0.022836538461538464
0 0.20372596153846154 0.5594951923076923 0.30649038461538464 0.022836538461538464
0 0.16947115384615385 0.592548076923077 0.3028846153846154 0.02403846153846154
0 0.1436298076923077 0.623798076923077 0.2872596153846154 0.026442307692307696
0 0.1268028846153846 0.6598557692307693 0.2536057692307692 0.02403846153846154
0 0.5474759615384616 0.5823317307692308 0.30168269230769235 0.022836538461538464
0 0.5 0.6057692307692308 0.3293269230769231 0.026442307692307696
0 0.4759615384615385 0.6310096153846154 0.32211538461538464 0.02403846153846154
0 0.4453125 0.6544471153846154 0.3353365384615385 0.02764423076923077
0 0.41947115384615385 0.6808894230769231 0.34134615384615385 0.02764423076923077
0 0.8599759615384616 0.7151442307692308 0.20552884615384617 0.21634615384615385
0 0.8407451923076924 0.7301682692307693 0.203125 0.21274038461538464
0 0.8251201923076924 0.7469951923076924 0.20072115384615385 0.21274038461538464
0 0.8076923076923077 0.7626201923076924 0.21153846153846156 0.21033653846153846
0 0.7926682692307693 0.7818509615384616 0.21274038461538464 0.21514423076923078
0 0.3948317307692308 0.7049278846153847 0.3137019230769231 0.02764423076923077
0 0.3635817307692308 0.7301682692307693 0.3353365384615385 0.02764423076923077
0 0.34375 0.7536057692307693 0.3317307692307693 0.026442307692307696
0 0.3161057692307693 0.7788461538461539 0.31730769230769235 0.026442307692307696
0 0.29086538461538464 0.8058894230769231 0.3293269230769231 0.02764423076923077
0 0.2668269230769231 0.8293269230769231 0.3197115384615385 0.03365384615384616
0 0.23377403846153846 0.8551682692307693 0.3137019230769231 0.030048076923076924
0 0.2109375 0.8792067307692308 0.32572115384615385 0.03245192307692308
0 0.1875 0.9068509615384616 0.3293269230769231 0.030048076923076924
0 0.15805288461538464 0.9296875 0.3161057692307693 0.025240384615384616
0 0.1484375 0.9549278846153847 0.296875 0.030048076923076924
0 0.13641826923076925 0.9807692307692308 0.2728365384615385 0.026442307692307696
0 0.11899038461538462 0.9957932692307693 0.23798076923076925 0.00841346153846154
0 0.10757211538461539 0.6899038461538461 0.21514423076923078 0.02403846153846154
0 0.08954326923076923 0.7241586538461539 0.17908653846153846 0.025240384615384616
0 0.078125 0.756610576923077 0.15625 0.025240384615384616
0 0.05709134615384616 0.7896634615384616 0.11418269230769232 0.02403846153846154
0 0.04266826923076923 0.8221153846153847 0.08533653846153846 0.026442307692307696
0 0.02403846153846154 0.8557692307692308 0.04807692307692308 0.026442307692307696
