0 0.13762019230769232 0.7121394230769231 0.058894230769230775 0.03245192307692308
0 0.13762019230769232 0.515625 0.06850961538461539 0.028846153846153848
0 0.2950721153846154 0.1826923076923077 0.03245192307692308 0.021634615384615384
0 0.6899038461538461 0.24639423076923078 0.040865384615384616 0.03125
0 0.41466346153846156 0.5060096153846154 0.17307692307692307 0.09134615384615385
0 0.4951923076923077 0.7764423076923077 0.09855769230769232 0.0625
0 0.6141826923076923 0.7247596153846154 0.03125 0.057692307692307696
0 0.6280048076923077 0.71875 0.02764423076923077 0.05288461538461539
0 0.6412259615384616 0.7151442307692308 0.03245192307692308 0.057692307692307696
0 0.6586538461538461 0.7139423076923077 0.03365384615384616 0.057692307692307696
0 0.6730769230769231 0.7091346153846154 0.03365384615384616 0.057692307692307696
0 0.6905048076923077 0.7013221153846154 0.030048076923076924 0.056490384615384616
0 0.7067307692307693 0.694110576923077 0.021634615384615384 0.058894230769230775
0 0.7247596153846154 0.703125 0.021634615384615384 0.03125
