0 0.9411057692307693 0.030649038461538464 0.06971153846153846 0.06129807692307693
0 0.08353365384615385 0.3870192307692308 0.10697115384615385 0.11057692307692309
0 0.018028846153846156 0.9789663461538463 0.03605769230769231 0.042067307692307696
0 0.15264423076923078 0.6153846153846154 0.038461538461538464 0.038461538461538464
0 0.19711538461538464 0.265625 0.07211538461538462 0.07932692307692309
0 0.2764423076923077 0.2716346153846154 0.07451923076923077 0.0625
0 0.7524038461538461 0.3215144230769231 0.04326923076923077 0.037259615384615384
0 0.3852163461538462 0.787860576923077 0.03485576923076923 0.03245192307692308
0 0.44290865384615385 0.8263221153846154 0.030048076923076924 0.02764423076923077
0 0.5727163461538461 0.6893028846153847 0.030048076923076924 0.037259615384615384
0 0.6364182692307693 0.9489182692307693 0.02764423076923077 0.037259615384615384
0 0.4026442307692308 0.35997596153846156 0.04326923076923077 0.046875
0 0.8479567307692308 0.5805288461538461 0.037259615384615384 0.03605769230769231
0 0.8960336538461539 0.6201923076923077 0.03966346153846154 0.03605769230769231
0 0.8016826923076924 0.8155048076923077 0.09855769230769232 0.054086538461538464
0 0.7752403846153847 0.9951923076923077 0.040865384615384616 0.009615384615384616
