0 0.1856971153846154 0.647235576923077 0.058894230769230775 0.03245192307692308
0 0.1856971153846154 0.45072115384615385 0.06850961538461539 0.028846153846153848
0 0.3431490384615385 0.11778846153846155 0.03245192307692308 0.021634615384615384
0 0.7379807692307693 0.18149038461538464 0.040865384615384616 0.03125
0 0.46274038461538464 0.4411057692307693 0.17307692307692307 0.09134615384615385
0 0.5432692307692308 0.7115384615384616 0.09855769230769232 0.0625
0 0.6622596153846154 0.6598557692307693 0.03125 0.057692307692307696
0 0.6760817307692308 0.6538461538461539 0.02764423076923077 0.05288461538461539
0 0.6893028846153847 0.6502403846153847 0.03245192307692308 0.057692307692307696
0 0.7067307692307693 0.6490384615384616 0.03365384615384616 0.057692307692307696
0 0.7211538461538461 0.6442307692307693 0.03365384615384616 0.057692307692307696
0 0.7385817307692308 0.6364182692307693 0.030048076923076924 0.056490384615384616
0 0.7548076923076924 0.6292067307692308 0.021634615384615384 0.058894230769230775
0 0.7728365384615385 0.6382211538461539 0.021634615384615384 0.03125
0 0.5618990384615385 0.9795673076923077 0.08293269230769232 0.040865384615384616
