0 0.6917067307692308 0.01983173076923077 0.11658653846153846 0.03966346153846154
0 0.48918269230769235 0.006610576923076924 0.09134615384615385 0.013221153846153848
0 0.6069711538461539 0.033052884615384616 0.11057692307692309 0.06610576923076923
0 0.6358173076923077 0.08473557692307693 0.09855769230769232 0.10216346153846155
0 0.6748798076923077 0.16286057692307693 0.09495192307692309 0.09735576923076923
0 0.33834134615384615 0.0390625 0.09735576923076923 0.078125
0 0.4170673076923077 0.022836538461538464 0.10096153846153846 0.04567307692307693
0 0.5336538461538461 0.046875 0.09855769230769232 0.09375
0 0.4555288461538462 0.07451923076923077 0.09375 0.10336538461538462
0 0.5618990384615385 0.12079326923076923 0.08533653846153846 0.10697115384615385
0 0.48978365384615385 0.14423076923076925 0.08533653846153846 0.08653846153846154
0 0.3810096153846154 0.10516826923076923 0.09134615384615385 0.10697115384615385
0 0.26021634615384615 0.030649038461538464 0.09735576923076923 0.06129807692307693
0 0.27584134615384615 0.06911057692307693 0.08774038461538462 0.08293269230769232
0 0.18449519230769232 0.046875 0.08774038461538462 0.08173076923076923
0 0.20853365384615385 0.10697115384615385 0.09014423076923077 0.08173076923076923
0 0.30709134615384615 0.140625 0.09975961538461539 0.11057692307692309
0 0.2325721153846154 0.16887019230769232 0.09495192307692309 0.10697115384615385
0 0.41165865384615385 0.18930288461538464 0.08533653846153846 0.08293269230769232
0 0.15625 0.19891826923076925 0.10096153846153846 0.1045673076923077
0 0.5913461538461539 0.19591346153846154 0.08413461538461539 0.09615384615384616
0 0.7073317307692308 0.2373798076923077 0.1045673076923077 0.11418269230769232
0 0.6310096153846154 0.2734375 0.09855769230769232 0.09975961538461539
0 0.5228365384615384 0.2265625 0.08653846153846154 0.09495192307692309
0 0.5546875 0.30168269230769235 0.10216346153846155 0.10817307692307693
0 0.5859375 0.3840144230769231 0.09254807692307693 0.09254807692307693
0 0.5192307692307693 0.4140625 0.09615384615384616 0.09495192307692309
0 0.4489182692307693 0.2590144230769231 0.09735576923076923 0.09014423076923077
0 0.48137019230769235 0.33052884615384615 0.09495192307692309 0.10336538461538462
0 0.3389423076923077 0.21514423076923078 0.09134615384615385 0.09134615384615385
0 0.37680288461538464 0.2872596153846154 0.08533653846153846 0.09134615384615385
0 0.4104567307692308 0.3659855769230769 0.09735576923076923 0.10697115384615385
0 0.26742788461538464 0.24579326923076925 0.09014423076923077 0.09975961538461539
0 0.2956730769230769 0.32271634615384615 0.08173076923076923 0.09735576923076923
0 0.3359375 0.4020432692307693 0.10216346153846155 0.1045673076923077
0 0.1965144230769231 0.2806490384615385 0.08293269230769232 0.09975961538461539
0 0.07932692307692309 0.23377403846153846 0.09855769230769232 0.11418269230769232
0 0.11478365384615385 0.3112980769230769 0.09254807692307693 0.09855769230769232
0 0.22896634615384617 0.35637019230769235 0.08293269230769232 0.09495192307692309
0 0.2566105769230769 0.43449519230769235 0.10216346153846155 0.109375
0 0.18509615384615385 0.46634615384615385 0.10336538461538462 0.11778846153846155
0 0.15324519230769232 0.39122596153846156 0.1045673076923077 0.10697115384615385
0 0.27403846153846156 0.5889423076923077 0.09855769230769232 0.13461538461538464
0 0.2265625 0.6099759615384616 0.09735576923076923 0.1358173076923077
