0 0.8449519230769231 0.608173076923077 0.14182692307692307 0.13942307692307693
0 0.9561298076923077 0.48557692307692313 0.08533653846153846 0.10336538461538462
0 0.8768028846153847 0.3419471153846154 0.11177884615384616 0.10216346153846155
0 0.8359375 0.3167067307692308 0.037259615384615384 0.042067307692307696
0 0.8575721153846154 0.29867788461538464 0.037259615384615384 0.03245192307692308
0 0.8798076923076924 0.2842548076923077 0.03365384615384616 0.03485576923076923
0 0.7578125 0.4296875 0.14543269230769232 0.12860576923076925
0 0.6790865384615385 0.4176682692307693 0.04807692307692308 0.04927884615384616
0 0.7001201923076924 0.4014423076923077 0.046875 0.04326923076923077
0 0.7217548076923077 0.3840144230769231 0.046875 0.05168269230769231
0 0.7445913461538461 0.36778846153846156 0.04447115384615385 0.04567307692307693
0 0.764423076923077 0.35336538461538464 0.05048076923076923 0.040865384615384616
0 0.5480769230769231 0.3058894230769231 0.07211538461538462 0.06370192307692309
0 0.5871394230769231 0.26021634615384615 0.109375 0.1045673076923077
0 0.6424278846153847 0.19290865384615385 0.1045673076923077 0.09975961538461539
0 0.701923076923077 0.13221153846153846 0.10576923076923078 0.10817307692307693
0 0.6676682692307693 0.05228365384615385 0.06850961538461539 0.054086538461538464
0 0.6496394230769231 0.07632211538461539 0.058894230769230775 0.05168269230769231
0 0.6292067307692308 0.09615384615384616 0.06850961538461539 0.05288461538461539
0 0.6165865384615385 0.11899038461538462 0.06009615384615385 0.05048076923076923
0 0.5931490384615385 0.13822115384615385 0.056490384615384616 0.05048076923076923
0 0.5775240384615385 0.15985576923076925 0.06850961538461539 0.057692307692307696
0 0.5600961538461539 0.1826923076923077 0.05288461538461539 0.04807692307692308
0 0.5474759615384616 0.20372596153846154 0.058894230769230775 0.042067307692307696
0 0.53125 0.22355769230769232 0.057692307692307696 0.04807692307692308
0 0.5102163461538461 0.24639423076923078 0.05168269230769231 0.04326923076923077
0 0.49338942307692313 0.27043269230769235 0.05168269230769231 0.04567307692307693
0 0.34555288461538464 0.28966346153846156 0.11899038461538462 0.11057692307692309
0 0.4483173076923077 0.051081730769230775 0.20673076923076925 0.10216346153846155
0 0.2620192307692308 0.025240384615384616 0.0889423076923077 0.05048076923076923
0 0.21274038461538464 0.13161057692307693 0.09375 0.07091346153846154
0 0.2722355769230769 0.21033653846153846 0.07091346153846154 0.08173076923076923
0 0.07091346153846154 0.33052884615384615 0.07451923076923077 0.06490384615384616
0 0.09975961538461539 0.2920673076923077 0.07932692307692309 0.07932692307692309
0 0.125 0.2481971153846154 0.06490384615384616 0.058894230769230775
