0 0.11959134615384616 0.010817307692307692 0.1358173076923077 0.021634615384615384
0 0.2776442307692308 0.20733173076923078 0.5552884615384616 0.41466346153846156
0 0.5949519230769231 0.22055288461538464 0.23317307692307693 0.21754807692307693
0 0.6526442307692308 0.2764423076923077 0.21634615384615385 0.19951923076923078
0 0.49278846153846156 0.4591346153846154 0.22115384615384617 0.22115384615384617
0 0.35216346153846156 0.5967548076923077 0.19951923076923078 0.1935096153846154
0 0.33653846153846156 0.48557692307692313 0.28125 0.2692307692307693
0 0.328125 0.2043269230769231 0.04807692307692308 0.021634615384615384
0 0.32271634615384615 0.2355769230769231 0.09735576923076923 0.02403846153846154
0 0.3040865384615385 0.2620192307692308 0.1201923076923077 0.021634615384615384
0 0.2686298076923077 0.29146634615384615 0.11899038461538462 0.022836538461538464
0 0.20973557692307693 0.3527644230769231 0.12379807692307693 0.025240384615384616
0 0.24098557692307693 0.3215144230769231 0.12139423076923078 0.022836538461538464
0 0.18329326923076925 0.38040865384615385 0.11418269230769232 0.025240384615384616
0 0.15084134615384617 0.40625 0.12139423076923078 0.02403846153846154
0 0.14963942307692307 0.43509615384615385 0.058894230769230775 0.021634615384615384
0 0.38341346153846156 0.2770432692307693 0.057692307692307696 0.025240384615384616
0 0.38822115384615385 0.2998798076923077 0.10336538461538462 0.03245192307692308
0 0.3743990384615385 0.3203125 0.10216346153846155 0.02764423076923077
0 0.35336538461538464 0.33653846153846156 0.10817307692307693 0.028846153846153848
0 0.32992788461538464 0.3551682692307693 0.11177884615384616 0.030048076923076924
0 0.3167067307692308 0.3701923076923077 0.10697115384615385 0.03365384615384616
0 0.29927884615384615 0.3894230769230769 0.10817307692307693 0.028846153846153848
0 0.28125 0.4056490384615385 0.09375 0.02764423076923077
0 0.265625 0.4254807692307693 0.10817307692307693 0.02403846153846154
0 0.2421875 0.44230769230769235 0.11177884615384616 0.03125
0 0.21875 0.4591346153846154 0.10817307692307693 0.026442307692307696
0 0.20793269230769232 0.5 0.06490384615384616 0.021634615384615384
0 0.20793269230769232 0.5228365384615384 0.03365384615384616 0.019230769230769232
0 0.2091346153846154 0.4789663461538462 0.10336538461538462 0.030048076923076924
