0 0.5901442307692308 0.037259615384615384 0.07451923076923077 0.021634615384615384
0 0.5829326923076923 0.07271634615384616 0.14423076923076925 0.025240384615384616
0 0.5859375 0.10697115384615385 0.203125 0.026442307692307696
0 0.5865384615384616 0.140625 0.2716346153846154 0.02403846153846154
0 0.5625 0.17247596153846154 0.3125 0.030048076923076924
0 0.5282451923076923 0.20492788461538464 0.29447115384615385 0.022836538461538464
0 0.4903846153846154 0.2373798076923077 0.2956730769230769 0.022836538461538464
0 0.4729567307692308 0.27043269230769235 0.27043269230769235 0.021634615384615384
0 0.46995192307692313 0.3034855769230769 0.20192307692307693 0.022836538461538464
0 0.46935096153846156 0.3359375 0.13341346153846154 0.020432692307692308
0 0.46935096153846156 0.3701923076923077 0.07091346153846154 0.02403846153846154
0 0.7518028846153847 0.1953125 0.058894230769230775 0.020432692307692308
0 0.7427884615384616 0.22055288461538464 0.10576923076923078 0.020432692307692308
0 0.7433894230769231 0.2481971153846154 0.1622596153846154 0.022836538461538464
0 0.7530048076923077 0.2746394230769231 0.21274038461538464 0.022836538461538464
0 0.7385817307692308 0.29927884615384615 0.24158653846153846 0.026442307692307696
0 0.7385817307692308 0.3215144230769231 0.30649038461538464 0.02764423076923077
0 0.7277644230769231 0.34855769230769235 0.32091346153846156 0.026442307692307696
0 0.6983173076923077 0.37199519230769235 0.3125 0.022836538461538464
0 0.6838942307692308 0.4008413461538462 0.2980769230769231 0.02764423076923077
0 0.6688701923076923 0.4248798076923077 0.2848557692307693 0.02764423076923077
0 0.6544471153846154 0.44651442307692313 0.24639423076923078 0.025240384615384616
0 0.6604567307692308 0.4759615384615385 0.1935096153846154 0.021634615384615384
0 0.65625 0.4993990384615385 0.16105769230769232 0.018028846153846156
0 0.6556490384615385 0.5264423076923077 0.08533653846153846 0.019230769230769232
0 0.30649038461538464 0.30649038461538464 0.07932692307692309 0.021634615384615384
0 0.3058894230769231 0.34375 0.14783653846153846 0.021634615384615384
0 0.3082932692307693 0.37680288461538464 0.21033653846153846 0.022836538461538464
0 0.3040865384615385 0.4086538461538462 0.28365384615384615 0.026442307692307696
0 0.2746394230769231 0.4435096153846154 0.28966346153846156 0.02403846153846154
0 0.23918269230769232 0.47415865384615385 0.3004807692307693 0.022836538461538464
0 0.4645432692307693 0.4765625 0.10216346153846155 0.022836538461538464
0 0.4597355769230769 0.5090144230769231 0.1358173076923077 0.022836538461538464
0 0.4639423076923077 0.53125 0.19230769230769232 0.021634615384615384
0 0.4633413461538462 0.5552884615384616 0.2247596153846154 0.026442307692307696
0 0.4591346153846154 0.5817307692307693 0.2884615384615385 0.028846153846153848
0 0.44711538461538464 0.6075721153846154 0.3197115384615385 0.030048076923076924
0 0.4248798076923077 0.631610576923077 0.32091346153846156 0.022836538461538464
0 0.20252403846153846 0.5042067307692308 0.3040865384615385 0.018028846153846156
0 0.17427884615384617 0.5408653846153847 0.31009615384615385 0.02403846153846154
0 0.14423076923076925 0.5739182692307693 0.2884615384615385 0.02764423076923077
0 0.1310096153846154 0.6063701923076923 0.2620192307692308 0.022836538461538464
0 0.11418269230769232 0.6364182692307693 0.22836538461538464 0.022836538461538464
0 0.09615384615384616 0.6694711538461539 0.19230769230769232 0.02403846153846154
0 0.07932692307692309 0.7007211538461539 0.15865384615384617 0.026442307692307696
0 0.0625 0.7367788461538461 0.125 0.02403846153846154
0 0.41887019230769235 0.6592548076923077 0.30168269230769235 0.022836538461538464
0 0.3713942307692308 0.6826923076923077 0.3293269230769231 0.026442307692307696
0 0.3473557692307693 0.7079326923076924 0.32211538461538464 0.02403846153846154
0 0.3167067307692308 0.7313701923076924 0.3353365384615385 0.02764423076923077
0 0.29086538461538464 0.7578125 0.34134615384615385 0.02764423076923077
0 0.7313701923076924 0.7920673076923077 0.20552884615384617 0.21634615384615385
0 0.7121394230769231 0.8070913461538461 0.203125 0.21274038461538464
0 0.6965144230769231 0.8239182692307693 0.20072115384615385 0.21274038461538464
0 0.6790865384615385 0.8395432692307693 0.21153846153846156 0.21033653846153846
0 0.6640625 0.8587740384615385 0.21274038461538464 0.21514423076923078
0 0.26622596153846156 0.7818509615384616 0.3137019230769231 0.02764423076923077
0 0.23497596153846156 0.8070913461538461 0.3353365384615385 0.02764423076923077
0 0.21514423076923078 0.8305288461538461 0.3317307692307693 0.026442307692307696
0 0.1875 0.8557692307692308 0.31730769230769235 0.026442307692307696
0 0.16346153846153846 0.8828125 0.3269230769230769 0.02764423076923077
0 0.14903846153846154 0.90625 0.2980769230769231 0.03365384615384616
0 0.1310096153846154 0.9320913461538463 0.2620192307692308 0.030048076923076924
0 0.12259615384615385 0.9561298076923077 0.2451923076923077 0.03245192307692308
0 0.11177884615384616 0.9837740384615385 0.22355769230769232 0.030048076923076924
0 0.09375 0.9969951923076924 0.1875 0.006009615384615385
0 0.04326923076923077 0.7668269230769231 0.08653846153846154 0.02403846153846154
0 0.025240384615384616 0.8010817307692308 0.05048076923076923 0.025240384615384616
