0 0.3659855769230769 0.47836538461538464 0.08052884615384616 0.06971153846153846
0 0.4290865384615385 0.45072115384615385 0.07692307692307693 0.06490384615384616
0 0.5204326923076923 0.4086538461538462 0.14903846153846154 0.09855769230769232
0 0.65625 0.4098557692307693 0.0889423076923077 0.09615384615384616
0 0.6905048076923077 0.47776442307692313 0.08052884615384616 0.09254807692307693
0 0.7247596153846154 0.5540865384615385 0.08173076923076923 0.10336538461538462
0 0.7151442307692308 0.3828125 0.08653846153846154 0.10697115384615385
0 0.7776442307692308 0.5132211538461539 0.13461538461538464 0.19951923076923078
0 0.6856971153846154 0.6983173076923077 0.10216346153846155 0.0889423076923077
0 0.6039663461538461 0.7349759615384616 0.11177884615384616 0.09735576923076923
0 0.5180288461538461 0.7776442307692308 0.11298076923076923 0.08653846153846154
