0 0.40625 0.31490384615384615 0.15625 0.13701923076923078
0 0.30168269230769235 0.3557692307692308 0.10336538461538462 0.10817307692307693
0 0.44711538461538464 0.3984375 0.1514423076923077 0.1310096153846154
0 0.4789663461538462 0.49278846153846156 0.11899038461538462 0.12980769230769232
0 0.5564903846153847 0.49759615384615385 0.11057692307692309 0.11298076923076923
0 0.5871394230769231 0.5673076923076923 0.11658653846153846 0.10576923076923078
0 0.34615384615384615 0.44711538461538464 0.09855769230769232 0.1201923076923077
0 0.38461538461538464 0.5372596153846154 0.09134615384615385 0.11298076923076923
0 0.5024038461538461 0.5895432692307693 0.11057692307692309 0.11418269230769232
0 0.53125 0.6652644230769231 0.09855769230769232 0.10216346153846155
0 0.5703125 0.7433894230769231 0.09495192307692309 0.09735576923076923
0 0.2578125 0.4495192307692308 0.109375 0.12980769230769232
0 0.19951923076923078 0.47836538461538464 0.07932692307692309 0.12259615384615385
0 0.23377403846153846 0.5919471153846154 0.09735576923076923 0.13341346153846154
0 0.3125 0.5606971153846154 0.10096153846153846 0.1310096153846154
0 0.4290865384615385 0.6213942307692308 0.09855769230769232 0.10576923076923078
0 0.3509615384615385 0.655048076923077 0.09375 0.10336538461538462
0 0.4573317307692308 0.7013221153846154 0.08533653846153846 0.10697115384615385
0 0.3852163461538462 0.7247596153846154 0.08533653846153846 0.08653846153846154
0 0.2764423076923077 0.6856971153846154 0.09134615384615385 0.10697115384615385
0 0.15564903846153846 0.5985576923076923 0.09735576923076923 0.08653846153846154
0 0.17127403846153846 0.6496394230769231 0.08774038461538462 0.08293269230769232
0 0.07992788461538462 0.6274038461538461 0.08774038461538462 0.08173076923076923
0 0.10396634615384616 0.6875 0.09014423076923077 0.08173076923076923
0 0.20252403846153846 0.7211538461538461 0.09975961538461539 0.11057692307692309
0 0.1280048076923077 0.7493990384615385 0.09495192307692309 0.10697115384615385
0 0.30709134615384615 0.7698317307692308 0.08533653846153846 0.08293269230769232
0 0.05168269230769231 0.7794471153846154 0.10096153846153846 0.1045673076923077
0 0.4867788461538462 0.7764423076923077 0.08413461538461539 0.09615384615384616
0 0.6027644230769231 0.8179086538461539 0.1045673076923077 0.11418269230769232
0 0.5264423076923077 0.8539663461538463 0.09855769230769232 0.09975961538461539
0 0.4182692307692308 0.8070913461538461 0.08653846153846154 0.09495192307692309
0 0.45012019230769235 0.8822115384615385 0.10216346153846155 0.10817307692307693
0 0.48137019230769235 0.9591346153846154 0.09254807692307693 0.08173076923076923
0 0.41466346153846156 0.9735576923076924 0.09615384615384616 0.05288461538461539
0 0.34435096153846156 0.8395432692307693 0.09735576923076923 0.09014423076923077
0 0.37680288461538464 0.9110576923076924 0.09495192307692309 0.10336538461538462
0 0.234375 0.795673076923077 0.09134615384615385 0.09134615384615385
0 0.2722355769230769 0.8677884615384616 0.08533653846153846 0.09134615384615385
0 0.3058894230769231 0.9465144230769231 0.09735576923076923 0.10697115384615385
0 0.16286057692307693 0.8263221153846154 0.09014423076923077 0.09975961538461539
0 0.19110576923076925 0.9032451923076924 0.08173076923076923 0.09735576923076923
0 0.23137019230769232 0.9651442307692308 0.10216346153846155 0.06971153846153846
0 0.09194711538461539 0.8611778846153847 0.08293269230769232 0.09975961538461539
0 0.01201923076923077 0.8143028846153847 0.02403846153846154 0.11418269230769232
0 0.028245192307692308 0.8918269230769231 0.056490384615384616 0.09855769230769232
0 0.12439903846153846 0.9368990384615385 0.08293269230769232 0.09495192307692309
0 0.15204326923076925 0.9801682692307693 0.10216346153846155 0.03966346153846154
0 0.08052884615384616 0.9939903846153847 0.10336538461538462 0.01201923076923077
0 0.05048076923076923 0.9591346153846154 0.10096153846153846 0.08173076923076923
