0 0.5889423076923077 0.06610576923076923 0.07451923076923077 0.021634615384615384
0 0.5817307692307693 0.1015625 0.14423076923076925 0.025240384615384616
0 0.584735576923077 0.1358173076923077 0.203125 0.026442307692307696
0 0.5853365384615385 0.16947115384615385 0.2716346153846154 0.02403846153846154
0 0.561298076923077 0.2013221153846154 0.3125 0.030048076923076924
0 0.5270432692307693 0.23377403846153846 0.29447115384615385 0.022836538461538464
0 0.48918269230769235 0.26622596153846156 0.2956730769230769 0.022836538461538464
0 0.4717548076923077 0.29927884615384615 0.27043269230769235 0.021634615384615384
0 0.46875 0.3323317307692308 0.20192307692307693 0.022836538461538464
0 0.4681490384615385 0.36478365384615385 0.13341346153846154 0.020432692307692308
0 0.4681490384615385 0.39903846153846156 0.07091346153846154 0.02403846153846154
0 0.7506009615384616 0.22415865384615385 0.058894230769230775 0.020432692307692308
0 0.7415865384615385 0.24939903846153846 0.10576923076923078 0.020432692307692308
0 0.7421875 0.2770432692307693 0.1622596153846154 0.022836538461538464
0 0.7518028846153847 0.3034855769230769 0.21274038461538464 0.022836538461538464
0 0.7373798076923077 0.328125 0.24158653846153846 0.026442307692307696
0 0.7373798076923077 0.3503605769230769 0.30649038461538464 0.02764423076923077
0 0.7265625 0.3774038461538462 0.32091346153846156 0.026442307692307696
0 0.6971153846153847 0.4008413461538462 0.3125 0.022836538461538464
0 0.6826923076923077 0.4296875 0.2980769230769231 0.02764423076923077
0 0.6676682692307693 0.45372596153846156 0.2848557692307693 0.02764423076923077
0 0.6532451923076923 0.4753605769230769 0.24639423076923078 0.025240384615384616
0 0.6592548076923077 0.5048076923076923 0.1935096153846154 0.021634615384615384
0 0.655048076923077 0.5282451923076923 0.16105769230769232 0.018028846153846156
0 0.6544471153846154 0.5552884615384616 0.08533653846153846 0.019230769230769232
0 0.30528846153846156 0.3353365384615385 0.07932692307692309 0.021634615384615384
0 0.3046875 0.37259615384615385 0.14783653846153846 0.021634615384615384
0 0.30709134615384615 0.4056490384615385 0.21033653846153846 0.022836538461538464
0 0.3028846153846154 0.4375 0.28365384615384615 0.026442307692307696
0 0.2734375 0.4723557692307693 0.28966346153846156 0.02403846153846154
0 0.23798076923076925 0.5030048076923077 0.3004807692307693 0.022836538461538464
0 0.4633413461538462 0.5054086538461539 0.10216346153846155 0.022836538461538464
0 0.45853365384615385 0.537860576923077 0.1358173076923077 0.022836538461538464
0 0.46274038461538464 0.5600961538461539 0.19230769230769232 0.021634615384615384
0 0.46213942307692313 0.5841346153846154 0.2247596153846154 0.026442307692307696
0 0.45793269230769235 0.6105769230769231 0.2884615384615385 0.028846153846153848
0 0.44591346153846156 0.6364182692307693 0.3197115384615385 0.030048076923076924
0 0.42367788461538464 0.6604567307692308 0.32091346153846156 0.022836538461538464
0 0.2013221153846154 0.5330528846153847 0.3040865384615385 0.018028846153846156
0 0.17307692307692307 0.5697115384615385 0.31009615384615385 0.02403846153846154
0 0.1436298076923077 0.6027644230769231 0.2872596153846154 0.02764423076923077
0 0.13040865384615385 0.6352163461538461 0.2608173076923077 0.022836538461538464
0 0.11358173076923078 0.6652644230769231 0.22716346153846156 0.022836538461538464
0 0.09555288461538462 0.6983173076923077 0.19110576923076925 0.02403846153846154
0 0.07872596153846154 0.7295673076923077 0.15745192307692307 0.026442307692307696
0 0.061899038461538464 0.765625 0.12379807692307693 0.02403846153846154
0 0.4176682692307693 0.6881009615384616 0.30168269230769235 0.022836538461538464
0 0.3701923076923077 0.7115384615384616 0.3293269230769231 0.026442307692307696
0 0.34615384615384615 0.7367788461538461 0.32211538461538464 0.02403846153846154
0 0.3155048076923077 0.7602163461538461 0.3353365384615385 0.02764423076923077
0 0.28966346153846156 0.7866586538461539 0.34134615384615385 0.02764423076923077
0 0.7301682692307693 0.8209134615384616 0.20552884615384617 0.21634615384615385
0 0.7109375 0.8359375 0.203125 0.21274038461538464
0 0.6953125 0.8527644230769231 0.20072115384615385 0.21274038461538464
0 0.6778846153846154 0.8683894230769231 0.21153846153846156 0.21033653846153846
0 0.662860576923077 0.8876201923076924 0.21274038461538464 0.21514423076923078
0 0.2650240384615385 0.8106971153846154 0.3137019230769231 0.02764423076923077
0 0.23377403846153846 0.8359375 0.3353365384615385 0.02764423076923077
0 0.2139423076923077 0.859375 0.3317307692307693 0.026442307692307696
0 0.18629807692307693 0.8846153846153847 0.31730769230769235 0.026442307692307696
0 0.16286057692307693 0.9116586538461539 0.32572115384615385 0.02764423076923077
0 0.1484375 0.9350961538461539 0.296875 0.03365384615384616
0 0.13040865384615385 0.9609375 0.2608173076923077 0.030048076923076924
0 0.12199519230769232 0.984375 0.24399038461538464 0.03125
0 0.04266826923076923 0.795673076923077 0.08533653846153846 0.02403846153846154
0 0.02463942307692308 0.8299278846153847 0.04927884615384616 0.025240384615384616
