0 0.33774038461538464 0.14783653846153846 0.05288461538461539 0.05048076923076923
0 0.30528846153846156 0.1887019230769231 0.05288461538461539 0.05288461538461539
0 0.2854567307692308 0.21334134615384617 0.042067307692307696 0.03966346153846154
0 0.27103365384615385 0.27884615384615385 0.0733173076923077 0.06009615384615385
0 0.24158653846153846 0.3167067307692308 0.05528846153846154 0.06370192307692309
0 0.2956730769230769 0.3605769230769231 0.08653846153846154 0.07692307692307693
0 0.34375 0.3419471153846154 0.06490384615384616 0.05168269230769231
0 0.41165865384615385 0.16105769230769232 0.07091346153846154 0.06490384615384616
0 0.45793269230769235 0.20252403846153846 0.040865384615384616 0.037259615384615384
0 0.43870192307692313 0.2277644230769231 0.05048076923076923 0.04927884615384616
0 0.38762019230769235 0.1935096153846154 0.08293269230769232 0.07451923076923077
0 0.3617788461538462 0.23076923076923078 0.08173076923076923 0.06730769230769232
0 0.3359375 0.2572115384615385 0.06850961538461539 0.06009615384615385
0 0.4200721153846154 0.2746394230769231 0.0733173076923077 0.06850961538461539
0 0.3984375 0.3058894230769231 0.06850961538461539 0.054086538461538464
0 0.4807692307692308 0.3215144230769231 0.07451923076923077 0.07091346153846154
0 0.45432692307692313 0.3503605769230769 0.06971153846153846 0.06129807692307693
0 0.5504807692307693 0.2722355769230769 0.03365384615384616 0.03485576923076923
0 0.5715144230769231 0.3353365384615385 0.0733173076923077 0.07451923076923077
0 0.5955528846153847 0.3076923076923077 0.06850961538461539 0.05528846153846154
0 0.6418269230769231 0.3419471153846154 0.040865384615384616 0.03966346153846154
0 0.6201923076923077 0.37199519230769235 0.05528846153846154 0.05168269230769231
0 0.5883413461538461 0.4044471153846154 0.054086538461538464 0.046875
0 0.5414663461538461 0.3743990384615385 0.0733173076923077 0.06850961538461539
0 0.5673076923076923 0.43870192307692313 0.04807692307692308 0.038461538461538464
0 0.515625 0.4008413461538462 0.07211538461538462 0.06129807692307693
0 0.5504807692307693 0.49759615384615385 0.04567307692307693 0.05048076923076923
0 0.5072115384615384 0.5432692307692308 0.05288461538461539 0.06490384615384616
0 0.125 0.639423076923077 0.028846153846153848 0.026442307692307696
