0 0.717548076923077 0.4284855769230769 0.10096153846153846 0.11418269230769232
0 0.6448317307692308 0.40805288461538464 0.08774038461538462 0.10697115384615385
0 0.5763221153846154 0.3786057692307693 0.09254807692307693 0.10817307692307693
0 0.5030048076923077 0.359375 0.09735576923076923 0.11298076923076923
0 0.42307692307692313 0.3317307692307693 0.09855769230769232 0.09375
0 0.6532451923076923 0.7638221153846154 0.10216346153846155 0.11177884615384616
0 0.5775240384615385 0.7457932692307693 0.09254807692307693 0.1045673076923077
0 0.5090144230769231 0.7229567307692308 0.09735576923076923 0.109375
0 0.4338942307692308 0.6977163461538461 0.10096153846153846 0.11177884615384616
0 0.35997596153846156 0.6772836538461539 0.10216346153846155 0.11418269230769232
