0 0.8731971153846154 0.27884615384615385 0.056490384615384616 0.057692307692307696
0 0.6201923076923077 0.2608173076923077 0.04326923076923077 0.040865384615384616
0 0.7235576923076924 0.3317307692307693 0.05288461538461539 0.05288461538461539
0 0.8756009615384616 0.5138221153846154 0.02764423076923077 0.030048076923076924
0 0.9158653846153847 0.5372596153846154 0.04326923076923077 0.03365384615384616
0 0.9627403846153847 0.5961538461538461 0.040865384615384616 0.05288461538461539
0 0.9212740384615385 0.75 0.06370192307692309 0.06730769230769232
0 0.865985576923077 0.6995192307692308 0.02764423076923077 0.03125
0 0.8215144230769231 0.6604567307692308 0.02764423076923077 0.022836538461538464
0 0.7079326923076924 0.7710336538461539 0.08653846153846154 0.08293269230769232
2 0.3822115384615385 0.6274038461538461 0.04326923076923077 0.05288461538461539
0 0.3245192307692308 0.5438701923076923 0.057692307692307696 0.06129807692307693
0 0.028846153846153848 0.8960336538461539 0.05528846153846154 0.058894230769230775
0 0.028245192307692308 0.984375 0.05168269230769231 0.03125
0 0.6592548076923077 0.29927884615384615 0.037259615384615384 0.03125
