0 0.4807692307692308 0.615985576923077 0.13942307692307693 0.020432692307692308
0 0.4825721153846154 0.631610576923077 0.1358173076923077 0.018028846153846156
0 0.4801682692307693 0.6454326923076923 0.140625 0.01682692307692308
0 0.4795673076923077 0.6622596153846154 0.13461538461538464 0.019230769230769232
0 0.4789663461538462 0.6772836538461539 0.1358173076923077 0.022836538461538464
0 0.43509615384615385 0.6965144230769231 0.040865384615384616 0.015625
0 0.5096153846153847 0.7133413461538461 0.07451923076923077 0.013221153846153848
0 0.5102163461538461 0.7265625 0.07572115384615385 0.018028846153846156
0 0.506610576923077 0.7445913461538461 0.06850961538461539 0.018028846153846156
0 0.5084134615384616 0.7602163461538461 0.07211538461538462 0.018028846153846156
0 0.5090144230769231 0.7734375 0.07572115384615385 0.018028846153846156
0 0.5072115384615384 0.7902644230769231 0.06971153846153846 0.020432692307692308
0 0.5060096153846154 0.8058894230769231 0.06730769230769232 0.018028846153846156
0 0.5036057692307693 0.8215144230769231 0.07451923076923077 0.013221153846153848
0 0.5060096153846154 0.8383413461538461 0.06971153846153846 0.018028846153846156
0 0.5036057692307693 0.8569711538461539 0.06730769230769232 0.019230769230769232
0 0.5036057692307693 0.8707932692307693 0.06730769230769232 0.018028846153846156
0 0.6971153846153847 0.8731971153846154 0.07451923076923077 0.018028846153846156
