0 0.5763221153846154 0.07271634615384616 0.03245192307692308 0.03245192307692308
0 0.881610576923077 0.9002403846153847 0.19591346153846154 0.16346153846153846
0 0.8335336538461539 0.9669471153846154 0.16947115384615385 0.06610576923076923
0 0.6604567307692308 0.8263221153846154 0.1310096153846154 0.09735576923076923
0 0.45853365384615385 0.6057692307692308 0.09014423076923077 0.0625
0 0.44651442307692313 0.6243990384615385 0.09014423076923077 0.058894230769230775
0 0.4320913461538462 0.6490384615384616 0.08052884615384616 0.05528846153846154
0 0.42367788461538464 0.6544471153846154 0.06610576923076923 0.046875
0 0.4170673076923077 0.6688701923076923 0.06730769230769232 0.04927884615384616
0 0.4122596153846154 0.6814903846153847 0.07211538461538462 0.04567307692307693
0 0.4098557692307693 0.6923076923076923 0.07211538461538462 0.04567307692307693
0 0.5048076923076923 0.7295673076923077 0.11057692307692309 0.09855769230769232
0 0.109375 0.48137019230769235 0.12740384615384617 0.09495192307692309
