0 0.7998798076923077 0.040865384615384616 0.022836538461538464 0.04326923076923077
0 0.765625 0.03786057692307693 0.026442307692307696 0.04927884615384616
0 0.7908653846153847 0.3040865384615385 0.0625 0.021634615384615384
0 0.6490384615384616 0.30949519230769235 0.06009615384615385 0.054086538461538464
0 0.6430288461538461 0.028846153846153848 0.11778846153846155 0.057692307692307696
0 0.9747596153846154 0.65625 0.05048076923076923 0.05288461538461539
0 0.9621394230769231 0.6177884615384616 0.04447115384615385 0.07692307692307693
0 0.9411057692307693 0.019230769230769232 0.026442307692307696 0.038461538461538464
0 0.5709134615384616 0.3088942307692308 0.09615384615384616 0.05048076923076923
0 0.6652644230769231 0.9098557692307693 0.042067307692307696 0.021634615384615384
