0 0.028846153846153848 0.09555288461538462 0.057692307692307696 0.078125
0 0.03245192307692308 0.5324519230769231 0.06490384615384616 0.1466346153846154
0 0.08353365384615385 0.4681490384615385 0.07572115384615385 0.054086538461538464
0 0.09735576923076923 0.5408653846153847 0.09134615384615385 0.09855769230769232
0 0.19411057692307693 0.49399038461538464 0.10216346153846155 0.14182692307692307
0 0.23978365384615385 0.6165865384615385 0.058894230769230775 0.040865384615384616
0 0.4008413461538462 0.5943509615384616 0.03485576923076923 0.02764423076923077
0 0.4092548076923077 0.6171875 0.03245192307692308 0.025240384615384616
0 0.4140625 0.6418269230769231 0.03245192307692308 0.02403846153846154
0 0.4212740384615385 0.6688701923076923 0.03245192307692308 0.030048076923076924
