0 0.025240384615384616 0.058894230769230775 0.05048076923076923 0.06009615384615385
2 0.8004807692307693 0.2926682692307693 0.038461538461538464 0.03966346153846154
0 0.8533653846153847 0.5655048076923077 0.11538461538461539 0.14543269230769232
0 0.6802884615384616 0.42668269230769235 0.03125 0.03365384615384616
0 0.9272836538461539 0.6376201923076923 0.07091346153846154 0.020432692307692308
0 0.9344951923076924 0.6496394230769231 0.08774038461538462 0.022836538461538464
0 0.9459134615384616 0.6610576923076923 0.07692307692307693 0.021634615384615384
0 0.9549278846153847 0.6814903846153847 0.054086538461538464 0.019230769230769232
0 0.8323317307692308 0.9579326923076924 0.06370192307692309 0.05288461538461539
0 0.7307692307692308 0.9735576923076924 0.23317307692307693 0.05288461538461539
0 0.010216346153846154 0.2668269230769231 0.020432692307692308 0.04807692307692308
0 0.03185096153846154 0.2451923076923077 0.054086538461538464 0.03365384615384616
