0 0.4405048076923077 0.09495192307692309 0.08052884615384616 0.06730769230769232
0 0.4915865384615385 0.12920673076923078 0.08173076923076923 0.058894230769230775
0 0.5510817307692308 0.17367788461538464 0.07572115384615385 0.08533653846153846
0 0.5973557692307693 0.21033653846153846 0.09134615384615385 0.09615384615384616
0 0.6538461538461539 0.2403846153846154 0.09134615384615385 0.09375
0 0.7091346153846154 0.265625 0.07692307692307693 0.07692307692307693
0 0.3894230769230769 0.30649038461538464 0.08653846153846154 0.0625
0 0.6983173076923077 0.35216346153846156 0.05288461538461539 0.06490384615384616
0 0.6442307692307693 0.4212740384615385 0.09855769230769232 0.11658653846153846
0 0.5697115384615385 0.5048076923076923 0.11778846153846155 0.125
0 0.7632211538461539 0.5354567307692308 0.14903846153846154 0.12860576923076925
