0 0.34555288461538464 0.44711538461538464 0.04927884615384616 0.040865384615384616
0 0.09615384615384616 0.3629807692307693 0.14182692307692307 0.13942307692307693
0 0.20733173076923078 0.2403846153846154 0.08533653846153846 0.10336538461538462
0 0.1280048076923077 0.0967548076923077 0.11177884615384616 0.10216346153846155
0 0.08713942307692309 0.07151442307692309 0.037259615384615384 0.042067307692307696
0 0.10877403846153846 0.05348557692307693 0.037259615384615384 0.03245192307692308
0 0.1310096153846154 0.0390625 0.03365384615384616 0.03485576923076923
0 0.040865384615384616 0.18449519230769232 0.08173076923076923 0.12860576923076925
0 0.009014423076923078 0.12259615384615385 0.018028846153846156 0.04567307692307693
0 0.020432692307692308 0.10817307692307693 0.040865384615384616 0.040865384615384616
0 0.5126201923076923 0.828125 0.1045673076923077 0.10817307692307693
