0 0.3629807692307693 0.2806490384615385 0.08173076923076923 0.030048076923076924
0 0.28125 0.2560096153846154 0.08413461538461539 0.028846153846153848
0 0.20072115384615385 0.2481971153846154 0.06009615384615385 0.03245192307692308
0 0.23798076923076925 0.2716346153846154 0.14423076923076925 0.05048076923076923
0 0.2770432692307693 0.2698317307692308 0.07572115384615385 0.030048076923076924
0 0.3617788461538462 0.29387019230769235 0.08173076923076923 0.030048076923076924
0 0.35697115384615385 0.30709134615384615 0.07932692307692309 0.030048076923076924
0 0.35216346153846156 0.3197115384615385 0.07932692307692309 0.03125
0 0.23377403846153846 0.2890625 0.14783653846153846 0.04927884615384616
0 0.23137019230769232 0.29927884615384615 0.14543269230769232 0.05048076923076923
0 0.22596153846153846 0.31430288461538464 0.1514423076923077 0.054086538461538464
0 0.7313701923076924 0.8852163461538463 0.07091346153846154 0.042067307692307696
0 0.8058894230769231 0.912860576923077 0.078125 0.046875
0 0.3852163461538462 0.9951923076923077 0.08293269230769232 0.009615384615384616
0 0.2962740384615385 0.9801682692307693 0.08533653846153846 0.03966346153846154
0 0.3467548076923077 0.3311298076923077 0.08052884615384616 0.037259615384615384
0 0.34375 0.34615384615384615 0.07932692307692309 0.03365384615384616
0 0.3401442307692308 0.3629807692307693 0.07932692307692309 0.03125
0 0.2566105769230769 0.3395432692307693 0.07572115384615385 0.03245192307692308
0 0.07512019230769232 0.9621394230769231 0.10697115384615385 0.07572115384615385
0 0.015625 0.944110576923077 0.03125 0.09735576923076923
