0 0.04447115384615385 0.030649038461538464 0.028846153846153848 0.022836538461538464
0 0.4008413461538462 0.4717548076923077 0.056490384615384616 0.07572115384615385
0 0.4669471153846154 0.46634615384615385 0.02764423076923077 0.04326923076923077
0 0.45432692307692313 0.5102163461538461 0.026442307692307696 0.03485576923076923
0 0.4807692307692308 0.2169471153846154 0.22115384615384617 0.09495192307692309
0 0.6808894230769231 0.3082932692307693 0.054086538461538464 0.078125
0 0.8377403846153847 0.09795673076923077 0.038461538461538464 0.037259615384615384
0 0.8551682692307693 0.1123798076923077 0.02764423076923077 0.042067307692307696
0 0.881610576923077 0.11177884615384616 0.02764423076923077 0.04567307692307693
0 0.9176682692307693 0.11358173076923078 0.03485576923076923 0.05168269230769231
0 0.6442307692307693 0.43870192307692313 0.04807692307692308 0.06009615384615385
0 0.7091346153846154 0.5348557692307693 0.06730769230769232 0.11538461538461539
0 0.8353365384615385 0.8647836538461539 0.06490384615384616 0.030048076923076924
