0 0.9759615384615385 0.21814903846153846 0.04807692307692308 0.11658653846153846
0 0.8052884615384616 0.5276442307692308 0.02403846153846154 0.026442307692307696
0 0.7127403846153847 0.6959134615384616 0.03365384615384616 0.038461538461538464
0 0.7596153846153847 0.7319711538461539 0.03605769230769231 0.040865384615384616
0 0.8263221153846154 0.7770432692307693 0.08774038461538462 0.09975961538461539
0 0.8653846153846154 0.8311298076923077 0.08653846153846154 0.09014423076923077
0 0.32872596153846156 0.18209134615384617 0.042067307692307696 0.03245192307692308
0 0.4326923076923077 0.27584134615384615 0.04807692307692308 0.03245192307692308
0 0.4801682692307693 0.28365384615384615 0.046875 0.04326923076923077
0 0.5180288461538461 0.3046875 0.04567307692307693 0.046875
0 0.3245192307692308 0.4453125 0.0625 0.0733173076923077
0 0.3737980769230769 0.46935096153846156 0.026442307692307696 0.030048076923076924
0 0.4729567307692308 0.5102163461538461 0.06850961538461539 0.07572115384615385
0 0.5108173076923077 0.5396634615384616 0.028846153846153848 0.03605769230769231
