0 0.07632211538461539 0.028245192307692308 0.15264423076923078 0.056490384615384616
0 0.025841346153846156 0.06790865384615385 0.05168269230769231 0.1358173076923077
0 0.29747596153846156 0.03545673076923077 0.07572115384615385 0.03245192307692308
0 0.2902644230769231 0.0625 0.1045673076923077 0.04326923076923077
0 0.28365384615384615 0.08713942307692309 0.1514423076923077 0.054086538461538464
0 0.2716346153846154 0.11478365384615385 0.2139423076923077 0.06370192307692309
0 0.2644230769230769 0.14002403846153846 0.2644230769230769 0.0733173076923077
0 0.8551682692307693 0.06610576923076923 0.20552884615384617 0.13221153846153846
0 0.24879807692307693 0.16766826923076925 0.3245192307692308 0.09254807692307693
0 0.25240384615384615 0.1887019230769231 0.3509615384615385 0.09134615384615385
0 0.3088942307692308 0.20252403846153846 0.2692307692307693 0.07572115384615385
0 0.31430288461538464 0.22295673076923078 0.28966346153846156 0.08533653846153846
0 0.24699519230769232 0.2590144230769231 0.2512019230769231 0.07091346153846154
0 0.32091346153846156 0.2902644230769231 0.2932692307692308 0.08052884615384616
0 0.296875 0.31790865384615385 0.2451923076923077 0.0733173076923077
0 0.2878605769230769 0.3419471153846154 0.18149038461538464 0.054086538461538464
0 0.2728365384615385 0.3665865384615385 0.12740384615384617 0.040865384615384616
0 0.4483173076923077 0.3972355769230769 0.3269230769230769 0.08533653846153846
0 0.4555288461538462 0.421875 0.35336538461538464 0.09375
0 0.46995192307692313 0.4417067307692308 0.34855769230769235 0.09014423076923077
0 0.48918269230769235 0.46153846153846156 0.3509615384615385 0.0889423076923077
0 0.5084134615384616 0.4795673076923077 0.3557692307692308 0.09134615384615385
0 0.5162259615384616 0.49699519230769235 0.3449519230769231 0.09254807692307693
0 0.5192307692307693 0.5228365384615384 0.2932692307692308 0.08173076923076923
0 0.49759615384615385 0.5727163461538461 0.18509615384615385 0.06129807692307693
0 0.5090144230769231 0.5450721153846154 0.24639423076923078 0.0733173076923077
0 0.4885817307692308 0.5967548076923077 0.14302884615384617 0.046875
