0 0.5763221153846154 0.018028846153846156 0.8473557692307693 0.03605769230769231
0 0.530048076923077 0.06490384615384616 0.9399038461538463 0.08413461538461539
0 0.5174278846153847 0.13521634615384617 0.9651442307692308 0.078125
0 0.5258413461538461 0.20673076923076925 0.9483173076923077 0.08173076923076923
0 0.5138221153846154 0.2824519230769231 0.890625 0.07692307692307693
0 0.47415865384615385 0.3449519230769231 0.7920673076923077 0.07692307692307693
0 0.4399038461538462 0.41586538461538464 0.6826923076923077 0.07211538461538462
0 0.4050480769230769 0.4807692307692308 0.576923076923077 0.07211538461538462
0 0.3707932692307693 0.5492788461538461 0.4723557692307693 0.06490384615384616
0 0.33774038461538464 0.6153846153846154 0.37259615384615385 0.05528846153846154
0 0.30228365384615385 0.6832932692307693 0.265625 0.04927884615384616
0 0.26802884615384615 0.7493990384615385 0.15865384615384617 0.054086538461538464
0 0.23137019230769232 0.8209134615384616 0.056490384615384616 0.03365384615384616
