0 0.7169471153846154 0.4495192307692308 0.04447115384615385 0.03125
0 0.6412259615384616 0.31790865384615385 0.03485576923076923 0.03485576923076923
0 0.3695913461538462 0.40805288461538464 0.03245192307692308 0.02764423076923077
0 0.0234375 0.3028846153846154 0.046875 0.06009615384615385
0 0.3587740384615385 0.006009615384615385 0.04927884615384616 0.01201923076923077
0 0.1045673076923077 0.5655048076923077 0.038461538461538464 0.018028846153846156
0 0.1622596153846154 0.7872596153846154 0.08173076923076923 0.04807692307692308
0 0.23858173076923078 0.7734375 0.037259615384615384 0.030048076923076924
0 0.47355769230769235 0.5775240384615385 0.08653846153846154 0.03485576923076923
0 0.9873798076923077 0.9104567307692308 0.025240384615384616 0.03245192307692308
