0 0.9855769230769231 0.8245192307692308 0.02403846153846154 0.026442307692307696
0 0.8930288461538463 0.9867788461538463 0.03365384615384616 0.026442307692307696
0 0.5090144230769231 0.4789663461538462 0.042067307692307696 0.03245192307692308
0 0.6129807692307693 0.5727163461538461 0.04807692307692308 0.03245192307692308
0 0.6604567307692308 0.5805288461538461 0.046875 0.04326923076923077
0 0.6983173076923077 0.6015625 0.04567307692307693 0.046875
0 0.5048076923076923 0.7421875 0.0625 0.0733173076923077
0 0.5540865384615385 0.7662259615384616 0.026442307692307696 0.030048076923076924
0 0.6532451923076923 0.8070913461538461 0.06850961538461539 0.07572115384615385
0 0.6911057692307693 0.8365384615384616 0.028846153846153848 0.03605769230769231
