0 0.1484375 0.3737980769230769 0.12379807692307693 0.13942307692307693
0 0.23978365384615385 0.3112980769230769 0.13341346153846154 0.13461538461538464
0 0.33653846153846156 0.25480769230769235 0.125 0.13701923076923078
0 0.4212740384615385 0.19711538461538464 0.10697115384615385 0.12980769230769232
0 0.6917067307692308 0.18509615384615385 0.07091346153846154 0.0889423076923077
0 0.6700721153846154 0.20072115384615385 0.07572115384615385 0.09615384615384616
0 0.5985576923076923 0.24098557692307693 0.07451923076923077 0.09975961538461539
0 0.5757211538461539 0.2590144230769231 0.08173076923076923 0.08774038461538462
0 0.5078125 0.2980769230769231 0.07091346153846154 0.09855769230769232
0 0.47716346153846156 0.3203125 0.0889423076923077 0.09735576923076923
0 0.4519230769230769 0.34074519230769235 0.07451923076923077 0.09495192307692309
0 0.3792067307692308 0.37980769230769235 0.078125 0.09855769230769232
0 0.35637019230769235 0.39903846153846156 0.07572115384615385 0.09134615384615385
0 0.2848557692307693 0.4417067307692308 0.07451923076923077 0.09254807692307693
0 0.2614182692307692 0.45853365384615385 0.08293269230769232 0.09735576923076923
0 0.33353365384615385 0.5745192307692308 0.09735576923076923 0.12980769230769232
0 0.36478365384615385 0.5552884615384616 0.10697115384615385 0.13461538461538464
0 0.4200721153846154 0.5174278846153847 0.109375 0.13341346153846154
0 0.4555288461538462 0.4945913461538462 0.11057692307692309 0.12620192307692307
0 0.5138221153846154 0.45793269230769235 0.11177884615384616 0.13461538461538464
0 0.5510817307692308 0.4375 0.10697115384615385 0.13461538461538464
0 0.5841346153846154 0.41165865384615385 0.10336538461538462 0.13341346153846154
0 0.6454326923076923 0.3762019230769231 0.10817307692307693 0.13461538461538464
0 0.6778846153846154 0.3527644230769231 0.10817307692307693 0.1310096153846154
0 0.7337740384615385 0.32091346153846156 0.10697115384615385 0.13461538461538464
0 0.7632211538461539 0.2980769230769231 0.10096153846153846 0.12740384615384617
0 0.7872596153846154 0.4254807692307693 0.0625 0.08173076923076923
0 0.7415865384615385 0.4519230769230769 0.08173076923076923 0.09375
0 0.7091346153846154 0.47355769230769235 0.08413461538461539 0.09375
0 0.6484375 0.5126201923076923 0.08533653846153846 0.09014423076923077
0 0.6147836538461539 0.5330528846153847 0.08293269230769232 0.09495192307692309
0 0.5793269230769231 0.5540865384615385 0.07932692307692309 0.09134615384615385
0 0.5192307692307693 0.5949519230769231 0.07932692307692309 0.0889423076923077
0 0.48557692307692313 0.615985576923077 0.07692307692307693 0.09735576923076923
0 0.42728365384615385 0.6526442307692308 0.07572115384615385 0.09375
0 0.3972355769230769 0.6748798076923077 0.07572115384615385 0.08774038461538462
0 0.0811298076923077 0.6466346153846154 0.1622596153846154 0.4254807692307693
0 0.020432692307692308 0.7896634615384616 0.040865384615384616 0.31490384615384615
0 0.04026442307692308 0.7692307692307693 0.08052884615384616 0.3076923076923077
0 0.13641826923076925 0.6069711538461539 0.2728365384615385 0.4278846153846154
