0 0.03125 0.18209134615384617 0.04326923076923077 0.05168269230769231
0 0.021033653846153848 0.1953125 0.042067307692307696 0.046875
0 0.013221153846153848 0.20853365384615385 0.026442307692307696 0.04447115384615385
0 0.004807692307692308 0.22055288461538464 0.009615384615384616 0.042067307692307696
0 0.046274038461538464 0.6911057692307693 0.09254807692307693 0.12980769230769232
0 0.3185096153846154 0.6646634615384616 0.10817307692307693 0.10576923076923078
0 0.37680288461538464 0.7169471153846154 0.06610576923076923 0.0733173076923077
0 0.4669471153846154 0.7692307692307693 0.11177884615384616 0.125
0 0.6935096153846154 0.819110576923077 0.03605769230769231 0.030048076923076924
0 0.8629807692307693 0.9429086538461539 0.06490384615384616 0.06129807692307693
0 0.9801682692307693 0.24459134615384617 0.03966346153846154 0.11899038461538462
