0 0.8245192307692308 0.3028846153846154 0.04326923076923077 0.028846153846153848
0 0.7463942307692308 0.3118990384615385 0.057692307692307696 0.06129807692307693
0 0.6989182692307693 0.3942307692307693 0.058894230769230775 0.038461538461538464
0 0.65625 0.4020432692307693 0.040865384615384616 0.030048076923076924
0 0.5637019230769231 0.4375 0.12259615384615385 0.10817307692307693
0 0.4483173076923077 0.7560096153846154 0.06490384615384616 0.12259615384615385
0 0.2217548076923077 0.6195913461538461 0.05168269230769231 0.03966346153846154
0 0.15865384615384617 0.6616586538461539 0.05528846153846154 0.05168269230769231
0 0.6965144230769231 0.9711538461538463 0.037259615384615384 0.028846153846153848
0 0.7602163461538461 0.984375 0.06610576923076923 0.03125
