0 0.7818509615384616 0.6033653846153847 0.04927884615384616 0.040865384615384616
0 0.5324519230769231 0.5192307692307693 0.14182692307692307 0.13942307692307693
0 0.6436298076923077 0.3966346153846154 0.08533653846153846 0.10336538461538462
0 0.5643028846153847 0.2530048076923077 0.11177884615384616 0.10216346153846155
0 0.5234375 0.2277644230769231 0.037259615384615384 0.042067307692307696
0 0.5450721153846154 0.20973557692307693 0.037259615384615384 0.03245192307692308
0 0.5673076923076923 0.1953125 0.03365384615384616 0.03485576923076923
0 0.4453125 0.34074519230769235 0.14543269230769232 0.12860576923076925
0 0.3665865384615385 0.32872596153846156 0.04807692307692308 0.04927884615384616
0 0.38762019230769235 0.3125 0.046875 0.04326923076923077
0 0.4092548076923077 0.2950721153846154 0.046875 0.05168269230769231
0 0.4320913461538462 0.27884615384615385 0.04447115384615385 0.04567307692307693
0 0.4519230769230769 0.2644230769230769 0.05048076923076923 0.040865384615384616
0 0.2355769230769231 0.2169471153846154 0.07211538461538462 0.06370192307692309
0 0.2746394230769231 0.17127403846153846 0.109375 0.1045673076923077
0 0.32992788461538464 0.10396634615384616 0.1045673076923077 0.09975961538461539
0 0.3894230769230769 0.048677884615384616 0.10576923076923078 0.09735576923076923
0 0.3371394230769231 0.006610576923076924 0.058894230769230775 0.013221153846153848
0 0.3167067307692308 0.01682692307692308 0.06850961538461539 0.03365384615384616
0 0.3040865384615385 0.030048076923076924 0.06009615384615385 0.05048076923076923
0 0.2806490384615385 0.04927884615384616 0.056490384615384616 0.05048076923076923
0 0.2650240384615385 0.07091346153846154 0.06850961538461539 0.057692307692307696
0 0.24759615384615385 0.09375 0.05288461538461539 0.04807692307692308
0 0.23497596153846156 0.11478365384615385 0.058894230769230775 0.042067307692307696
0 0.21875 0.13461538461538464 0.057692307692307696 0.04807692307692308
0 0.19771634615384617 0.15745192307692307 0.05168269230769231 0.04326923076923077
0 0.1808894230769231 0.18149038461538464 0.05168269230769231 0.04567307692307693
0 0.046274038461538464 0.20072115384615385 0.09254807692307693 0.11057692307692309
0 0.9483173076923077 0.9651442307692308 0.10336538461538462 0.06971153846153846
