0 0.022836538461538464 0.5 0.04567307692307693 0.05288461538461539
0 0.038461538461538464 0.5528846153846154 0.057692307692307696 0.06009615384615385
0 0.1310096153846154 0.6141826923076923 0.028846153846153848 0.03365384615384616
0 0.4278846153846154 0.4176682692307693 0.038461538461538464 0.030048076923076924
0 0.5114182692307693 0.45012019230769235 0.030048076923076924 0.025240384615384616
0 0.5012019230769231 0.47716346153846156 0.03125 0.026442307692307696
0 0.6460336538461539 0.021634615384615384 0.09735576923076923 0.04326923076923077
0 0.6953125 0.08052884615384616 0.08533653846153846 0.07692307692307693
0 0.8762019230769231 0.12860576923076925 0.057692307692307696 0.05288461538461539
0 0.8287259615384616 0.1045673076923077 0.04927884615384616 0.04807692307692308
0 0.881610576923077 0.17247596153846154 0.056490384615384616 0.054086538461538464
2 0.662860576923077 0.6778846153846154 0.056490384615384616 0.04326923076923077
0 0.02403846153846154 0.9188701923076924 0.04807692307692308 0.08293269230769232
