0 0.6514423076923077 0.29867788461538464 0.04326923076923077 0.05168269230769231
0 0.6388221153846154 0.3118990384615385 0.046875 0.046875
0 0.6201923076923077 0.32512019230769235 0.05288461538461539 0.04447115384615385
0 0.6087740384615385 0.3371394230769231 0.042067307692307696 0.042067307692307696
0 0.5919471153846154 0.35216346153846156 0.042067307692307696 0.040865384615384616
0 0.6604567307692308 0.8076923076923077 0.1045673076923077 0.12980769230769232
0 0.9387019230769231 0.78125 0.10817307692307693 0.10576923076923078
0 0.9819711538461539 0.8335336538461539 0.03605769230769231 0.0733173076923077
0 0.21454326923076925 0.2277644230769231 0.08774038461538462 0.078125
0 0.24759615384615385 0.1905048076923077 0.08413461538461539 0.06610576923076923
