0 0.6935096153846154 0.6015625 0.10096153846153846 0.11418269230769232
0 0.6207932692307693 0.5811298076923077 0.08774038461538462 0.10697115384615385
0 0.5522836538461539 0.5516826923076923 0.09254807692307693 0.10817307692307693
0 0.4789663461538462 0.5324519230769231 0.09735576923076923 0.11298076923076923
0 0.39903846153846156 0.5048076923076923 0.09855769230769232 0.09375
0 0.6292067307692308 0.9368990384615385 0.10216346153846155 0.11177884615384616
0 0.553485576923077 0.9188701923076924 0.09254807692307693 0.1045673076923077
0 0.48497596153846156 0.8960336538461539 0.09735576923076923 0.109375
0 0.4098557692307693 0.8707932692307693 0.10096153846153846 0.11177884615384616
0 0.3359375 0.850360576923077 0.10216346153846155 0.11418269230769232
