0 0.06430288461538462 0.6358173076923077 0.12379807692307693 0.13942307692307693
0 0.15564903846153846 0.5733173076923077 0.13341346153846154 0.13461538461538464
0 0.25240384615384615 0.5168269230769231 0.125 0.13701923076923078
0 0.3371394230769231 0.4591346153846154 0.10697115384615385 0.12980769230769232
0 0.6075721153846154 0.44711538461538464 0.07091346153846154 0.0889423076923077
0 0.5859375 0.46274038461538464 0.07572115384615385 0.09615384615384616
0 0.514423076923077 0.5030048076923077 0.07451923076923077 0.09975961538461539
0 0.4915865384615385 0.5210336538461539 0.08173076923076923 0.08774038461538462
0 0.42367788461538464 0.5600961538461539 0.07091346153846154 0.09855769230769232
0 0.3930288461538462 0.5823317307692308 0.0889423076923077 0.09735576923076923
0 0.36778846153846156 0.6027644230769231 0.07451923076923077 0.09495192307692309
0 0.2950721153846154 0.6418269230769231 0.078125 0.09855769230769232
0 0.2722355769230769 0.6610576923076923 0.07572115384615385 0.09134615384615385
0 0.20072115384615385 0.7037259615384616 0.07451923076923077 0.09254807692307693
0 0.17728365384615385 0.7205528846153847 0.08293269230769232 0.09735576923076923
0 0.24939903846153846 0.8365384615384616 0.09735576923076923 0.12980769230769232
0 0.2806490384615385 0.8173076923076924 0.10697115384615385 0.13461538461538464
0 0.3359375 0.7794471153846154 0.109375 0.13341346153846154
0 0.3713942307692308 0.756610576923077 0.11057692307692309 0.12620192307692307
0 0.4296875 0.7199519230769231 0.11177884615384616 0.13461538461538464
0 0.4669471153846154 0.6995192307692308 0.10697115384615385 0.13461538461538464
0 0.5 0.6736778846153847 0.10336538461538462 0.13341346153846154
0 0.561298076923077 0.6382211538461539 0.10817307692307693 0.13461538461538464
0 0.59375 0.6147836538461539 0.10817307692307693 0.1310096153846154
0 0.6496394230769231 0.5829326923076923 0.10697115384615385 0.13461538461538464
0 0.6790865384615385 0.5600961538461539 0.10096153846153846 0.12740384615384617
0 0.703125 0.6875 0.0625 0.08173076923076923
0 0.6574519230769231 0.7139423076923077 0.08173076923076923 0.09375
0 0.625 0.7355769230769231 0.08413461538461539 0.09375
0 0.5643028846153847 0.7746394230769231 0.08533653846153846 0.09014423076923077
0 0.5306490384615384 0.7950721153846154 0.08293269230769232 0.09495192307692309
0 0.4951923076923077 0.8161057692307693 0.07932692307692309 0.09134615384615385
0 0.43509615384615385 0.8569711538461539 0.07932692307692309 0.0889423076923077
0 0.4014423076923077 0.8780048076923077 0.07692307692307693 0.09735576923076923
0 0.3431490384615385 0.9146634615384616 0.07572115384615385 0.09375
0 0.31310096153846156 0.9368990384615385 0.07572115384615385 0.08774038461538462
0 0.0390625 0.8479567307692308 0.078125 0.3040865384615385
0 0.09435096153846155 0.8275240384615385 0.1887019230769231 0.3449519230769231
