0 0.5204326923076923 0.2734375 0.16586538461538464 0.17427884615384617
0 0.3659855769230769 0.6844951923076923 0.14543269230769232 0.140625
0 0.29927884615384615 0.7596153846153847 0.14423076923076925 0.14182692307692307
0 0.7848557692307693 0.1045673076923077 0.36778846153846156 0.2091346153846154
0 0.875 0.4074519230769231 0.25 0.22596153846153846
0 0.834735576923077 0.06790865384615385 0.33052884615384615 0.1358173076923077
0 0.9182692307692308 0.7530048076923077 0.16346153846153846 0.1935096153846154
0 0.8701923076923077 0.7776442307692308 0.1514423076923077 0.17548076923076925
0 0.23016826923076925 0.8359375 0.1358173076923077 0.140625
0 0.3545673076923077 0.84375 0.6225961538461539 0.3125
