0 0.34915865384615385 0.0078125 0.03245192307692308 0.015625
0 0.39603365384615385 0.0078125 0.03245192307692308 0.015625
0 0.9951923076923077 0.4633413461538462 0.009615384615384616 0.03245192307692308
0 0.9609375 0.4483173076923077 0.037259615384615384 0.04807692307692308
0 0.3936298076923077 0.3605769230769231 0.02764423076923077 0.03125
0 0.3629807692307693 0.3575721153846154 0.026442307692307696 0.02764423076923077
0 0.33653846153846156 0.4639423076923077 0.08173076923076923 0.11778846153846155
0 0.2764423076923077 0.4483173076923077 0.08413461538461539 0.10817307692307693
0 0.1905048076923077 0.49278846153846156 0.02764423076923077 0.028846153846153848
0 0.14002403846153846 0.45492788461538464 0.08293269230769232 0.05168269230769231
0 0.21814903846153846 0.9224759615384616 0.06370192307692309 0.056490384615384616
0 0.028846153846153848 0.4044471153846154 0.057692307692307696 0.08052884615384616
