0 0.5919471153846154 0.061899038461538464 0.15985576923076925 0.12379807692307693
0 0.6448317307692308 0.12980769230769232 0.15504807692307693 0.13221153846153846
0 0.5294471153846154 0.2746394230769231 0.17908653846153846 0.140625
0 0.3701923076923077 0.7037259615384616 0.04567307692307693 0.03966346153846154
0 0.05348557692307693 0.7944711538461539 0.08774038461538462 0.07692307692307693
0 0.017427884615384616 0.7391826923076924 0.03485576923076923 0.08413461538461539
0 0.01201923076923077 0.8251201923076924 0.02403846153846154 0.20552884615384617
0 0.9212740384615385 0.8635817307692308 0.037259615384615384 0.03966346153846154
0 0.2734375 0.7716346153846154 0.1358173076923077 0.125
0 0.5318509615384616 0.5078125 0.056490384615384616 0.03966346153846154
