0 0.9459134615384616 0.15685096153846154 0.06009615384615385 0.030048076923076924
0 0.889423076923077 0.11298076923076923 0.06490384615384616 0.03605769230769231
0 0.8852163461538463 0.23377403846153846 0.12139423076923078 0.1045673076923077
0 0.37199519230769235 0.19230769230769232 0.08774038461538462 0.09134615384615385
0 0.6015625 0.4825721153846154 0.04927884615384616 0.03966346153846154
0 0.5721153846153847 0.5192307692307693 0.04567307692307693 0.04567307692307693
0 0.4825721153846154 0.6730769230769231 0.046875 0.05048076923076923
0 0.4441105769230769 0.6490384615384616 0.07572115384615385 0.06971153846153846
0 0.09254807692307693 0.7397836538461539 0.11298076923076923 0.12620192307692307
0 0.08834134615384616 0.796875 0.058894230769230775 0.057692307692307696
