0 0.19170673076923078 0.1171875 0.38341346153846156 0.234375
0 0.20372596153846154 0.15504807692307693 0.4074519230769231 0.31009615384615385
0 0.2121394230769231 0.1953125 0.4242788461538462 0.390625
0 0.22115384615384617 0.2355769230769231 0.44230769230769235 0.4711538461538462
0 0.24158653846153846 0.27584134615384615 0.4831730769230769 0.5516826923076923
0 0.2481971153846154 0.3167067307692308 0.4963942307692308 0.6334134615384616
0 0.2566105769230769 0.3557692307692308 0.5132211538461539 0.7115384615384616
0 0.24579326923076925 0.4212740384615385 0.4915865384615385 0.7391826923076924
0 0.5637019230769231 0.3635817307692308 0.11057692307692309 0.046875
0 0.5408653846153847 0.43088942307692313 0.21153846153846156 0.05168269230769231
0 0.5216346153846154 0.5042067307692308 0.3125 0.05168269230769231
0 0.5012019230769231 0.5685096153846154 0.4182692307692308 0.05528846153846154
0 0.4717548076923077 0.6352163461538461 0.5228365384615384 0.054086538461538464
0 0.44711538461538464 0.7043269230769231 0.6298076923076923 0.0625
0 0.421875 0.772235576923077 0.7355769230769231 0.07091346153846154
0 0.4044471153846154 0.8359375 0.8088942307692308 0.078125
0 0.4104567307692308 0.905048076923077 0.8209134615384616 0.08413461538461539
0 0.4182692307692308 0.9657451923076924 0.8365384615384616 0.06850961538461539
