0 0.4795673076923077 0.41947115384615385 0.3822115384615385 0.24278846153846156
0 0.7001201923076924 0.6622596153846154 0.08052884615384616 0.06730769230769232
0 0.7512019230769231 0.6965144230769231 0.08173076923076923 0.058894230769230775
0 0.8106971153846154 0.740985576923077 0.07572115384615385 0.08533653846153846
0 0.8569711538461539 0.7776442307692308 0.09134615384615385 0.09615384615384616
0 0.9134615384615385 0.8076923076923077 0.09134615384615385 0.09375
0 0.9651442307692308 0.8329326923076924 0.06971153846153846 0.07692307692307693
0 0.6490384615384616 0.873798076923077 0.08653846153846154 0.0625
0 0.9579326923076924 0.9194711538461539 0.05288461538461539 0.06490384615384616
0 0.9038461538461539 0.9651442307692308 0.09855769230769232 0.06971153846153846
