0 0.038461538461538464 0.04146634615384616 0.07692307692307693 0.08293269230769232
0 0.11478365384615385 0.0889423076923077 0.16947115384615385 0.15384615384615385
0 0.234375 0.17247596153846154 0.17067307692307693 0.1622596153846154
0 0.53125 0.3215144230769231 0.24759615384615385 0.20793269230769232
0 0.40384615384615385 0.6382211538461539 0.17548076923076925 0.1826923076923077
0 0.296875 0.5108173076923077 0.057692307692307696 0.040865384615384616
0 0.3671875 0.5582932692307693 0.037259615384615384 0.02764423076923077
0 0.3185096153846154 0.5474759615384616 0.11538461538461539 0.08052884615384616
0 0.31009615384615385 0.5594951923076923 0.11778846153846155 0.08052884615384616
0 0.30168269230769235 0.5751201923076923 0.11538461538461539 0.08052884615384616
0 0.2920673076923077 0.5877403846153847 0.11298076923076923 0.07692307692307693
0 0.3191105769230769 0.6243990384615385 0.04447115384615385 0.030048076923076924
0 0.30528846153846156 0.6352163461538461 0.04326923076923077 0.037259615384615384
0 0.3004807692307693 0.6538461538461539 0.04326923076923077 0.03125
