1 0.826923076923077 0.265625 0.040865384615384616 0.05048076923076923
0 0.6340144230769231 0.05228365384615385 0.030048076923076924 0.03485576923076923
0 0.6388221153846154 0.3605769230769231 0.09735576923076923 0.125
0 0.33052884615384615 0.4056490384615385 0.06490384615384616 0.05168269230769231
0 0.28365384615384615 0.3371394230769231 0.06971153846153846 0.06370192307692309
0 0.5204326923076923 0.4825721153846154 0.028846153846153848 0.022836538461538464
0 0.3942307692307693 0.608173076923077 0.0625 0.057692307692307696
0 0.05829326923076923 0.8990384615384616 0.042067307692307696 0.04807692307692308
0 0.03665865384615385 0.9651442307692308 0.03485576923076923 0.057692307692307696
0 0.015024038461538462 0.9663461538461539 0.030048076923076924 0.03125
0 0.013221153846153848 0.9350961538461539 0.026442307692307696 0.028846153846153848
0 0.3425480769230769 0.6520432692307693 0.08413461538461539 0.08293269230769232
0 0.5366586538461539 0.8924278846153847 0.030048076923076924 0.03485576923076923
0 0.32091346153846156 0.9537259615384616 0.02403846153846154 0.02764423076923077
