0 0.013221153846153848 0.1544471153846154 0.026442307692307696 0.046875
0 0.3028846153846154 0.19771634615384617 0.04326923076923077 0.03966346153846154
0 0.3888221153846154 0.3503605769230769 0.09495192307692309 0.10697115384615385
0 0.4945913461538462 0.49399038461538464 0.054086538461538464 0.05288461538461539
0 0.514423076923077 0.546875 0.057692307692307696 0.06009615384615385
0 0.6069711538461539 0.608173076923077 0.028846153846153848 0.03365384615384616
0 0.9038461538461539 0.41165865384615385 0.038461538461538464 0.030048076923076924
0 0.9861778846153847 0.4441105769230769 0.02764423076923077 0.025240384615384616
0 0.9771634615384616 0.4711538461538462 0.03125 0.026442307692307696
0 0.4801682692307693 0.912860576923077 0.08774038461538462 0.08293269230769232
0 0.3774038461538462 0.8731971153846154 0.11778846153846155 0.109375
0 0.010817307692307692 0.7283653846153847 0.021634615384615384 0.04807692307692308
0 0.0234375 0.7908653846153847 0.046875 0.05528846153846154
