0 0.8431490384615385 0.35637019230769235 0.21274038461538464 0.16947115384615385
0 0.7860576923076924 0.3864182692307693 0.17307692307692307 0.1310096153846154
0 0.8443509615384616 0.5546875 0.140625 0.12379807692307693
0 0.4561298076923077 0.19951923076923078 0.19591346153846154 0.16346153846153846
0 0.40805288461538464 0.29387019230769235 0.16947115384615385 0.12139423076923078
0 0.3509615384615385 0.5192307692307693 0.15384615384615385 0.17307692307692307
0 0.23497596153846156 0.12560096153846154 0.1310096153846154 0.09735576923076923
0 0.07932692307692309 0.0390625 0.11057692307692309 0.078125
0 0.23016826923076925 0.5288461538461539 0.2247596153846154 0.3004807692307693
0 0.2806490384615385 0.6442307692307693 0.15745192307692307 0.17307692307692307
0 0.5787259615384616 0.6177884615384616 0.1670673076923077 0.17307692307692307
0 0.6712740384615385 0.6953125 0.171875 0.17427884615384617
