0 0.022235576923076924 0.8810096153846154 0.02764423076923077 0.04326923076923077
0 0.011418269230769232 0.9248798076923077 0.022836538461538464 0.03485576923076923
0 0.0733173076923077 0.631610576923077 0.1466346153846154 0.09495192307692309
0 0.23617788461538464 0.7229567307692308 0.054086538461538464 0.078125
0 0.3930288461538462 0.5126201923076923 0.038461538461538464 0.037259615384615384
0 0.4104567307692308 0.5270432692307693 0.02764423076923077 0.042067307692307696
0 0.4368990384615385 0.5264423076923077 0.02764423076923077 0.04567307692307693
0 0.4729567307692308 0.5282451923076923 0.03485576923076923 0.05168269230769231
0 0.19951923076923078 0.8533653846153847 0.04807692307692308 0.06009615384615385
0 0.2644230769230769 0.9459134615384616 0.06730769230769232 0.10817307692307693
