0 0.6953125 0.018629807692307692 0.609375 0.037259615384615384
0 0.6496394230769231 0.06370192307692309 0.7007211538461539 0.08413461538461539
0 0.6033653846153847 0.13461538461538464 0.7932692307692308 0.08413461538461539
0 0.5907451923076923 0.20492788461538464 0.8185096153846154 0.078125
0 0.5991586538461539 0.2764423076923077 0.8016826923076924 0.08173076923076923
0 0.6075721153846154 0.35216346153846156 0.7848557692307693 0.07692307692307693
0 0.6123798076923077 0.41466346153846156 0.7752403846153847 0.07692307692307693
0 0.5865384615384616 0.48557692307692313 0.6826923076923077 0.07211538461538462
0 0.5516826923076923 0.5504807692307693 0.576923076923077 0.07211538461538462
0 0.5174278846153847 0.6189903846153847 0.4723557692307693 0.06490384615384616
0 0.484375 0.6850961538461539 0.37259615384615385 0.05528846153846154
0 0.4489182692307693 0.7530048076923077 0.265625 0.04927884615384616
0 0.41466346153846156 0.819110576923077 0.15865384615384617 0.054086538461538464
0 0.3780048076923077 0.890625 0.056490384615384616 0.03365384615384616
