0 0.4639423076923077 0.4152644230769231 0.08173076923076923 0.030048076923076924
0 0.3822115384615385 0.390625 0.08413461538461539 0.028846153846153848
0 0.30168269230769235 0.3828125 0.06009615384615385 0.03245192307692308
0 0.3389423076923077 0.40625 0.14423076923076925 0.05048076923076923
0 0.3780048076923077 0.4044471153846154 0.07572115384615385 0.030048076923076924
0 0.46274038461538464 0.4284855769230769 0.08173076923076923 0.030048076923076924
0 0.45793269230769235 0.4417067307692308 0.07932692307692309 0.030048076923076924
0 0.453125 0.45432692307692313 0.07932692307692309 0.03125
0 0.3347355769230769 0.42367788461538464 0.14783653846153846 0.04927884615384616
0 0.3323317307692308 0.4338942307692308 0.14543269230769232 0.05048076923076923
0 0.3269230769230769 0.4489182692307693 0.1514423076923077 0.054086538461538464
0 0.4477163461538462 0.46574519230769235 0.08052884615384616 0.037259615384615384
0 0.4447115384615385 0.4807692307692308 0.07932692307692309 0.03365384615384616
0 0.4411057692307693 0.49759615384615385 0.07932692307692309 0.03125
0 0.3575721153846154 0.47415865384615385 0.07572115384615385 0.03245192307692308
