0 0.5997596153846154 0.0078125 0.06490384615384616 0.015625
0 0.7896634615384616 0.06670673076923077 0.028846153846153848 0.022836538461538464
0 0.6634615384615385 0.19230769230769232 0.0625 0.057692307692307696
0 0.3275240384615385 0.4831730769230769 0.042067307692307696 0.04807692307692308
0 0.3058894230769231 0.5492788461538461 0.03485576923076923 0.057692307692307696
0 0.27403846153846156 0.5504807692307693 0.05048076923076923 0.03125
0 0.2794471153846154 0.5192307692307693 0.03245192307692308 0.028846153846153848
0 0.6117788461538461 0.23617788461538464 0.08413461538461539 0.08293269230769232
0 0.8058894230769231 0.4765625 0.030048076923076924 0.03485576923076923
0 0.5901442307692308 0.537860576923077 0.02403846153846154 0.02764423076923077
0 0.22596153846153846 0.8167067307692308 0.04326923076923077 0.018028846153846156
