0 0.5 0.037259615384615384 0.21875 0.07451923076923077
0 0.7127403846153847 0.017427884615384616 0.05048076923076923 0.03485576923076923
0 0.9609375 0.9723557692307693 0.078125 0.05528846153846154
0 0.9368990384615385 0.9705528846153847 0.037259615384615384 0.042067307692307696
0 0.9585336538461539 0.9525240384615385 0.037259615384615384 0.03245192307692308
0 0.9807692307692308 0.9381009615384616 0.03365384615384616 0.03485576923076923
0 0.8653846153846154 0.9933894230769231 0.05048076923076923 0.013221153846153848
0 0.6490384615384616 0.959735576923077 0.07211538461538462 0.06370192307692309
0 0.6881009615384616 0.9140625 0.109375 0.1045673076923077
0 0.7433894230769231 0.8467548076923077 0.1045673076923077 0.09975961538461539
0 0.8028846153846154 0.7860576923076924 0.10576923076923078 0.10817307692307693
0 0.7686298076923077 0.7061298076923077 0.06850961538461539 0.054086538461538464
0 0.7506009615384616 0.7301682692307693 0.058894230769230775 0.05168269230769231
0 0.7301682692307693 0.75 0.06850961538461539 0.05288461538461539
0 0.717548076923077 0.7728365384615385 0.06009615384615385 0.05048076923076923
0 0.694110576923077 0.7920673076923077 0.056490384615384616 0.05048076923076923
0 0.678485576923077 0.8137019230769231 0.06850961538461539 0.057692307692307696
0 0.6610576923076923 0.8365384615384616 0.05288461538461539 0.04807692307692308
0 0.6484375 0.8575721153846154 0.058894230769230775 0.042067307692307696
0 0.6322115384615385 0.8774038461538463 0.057692307692307696 0.04807692307692308
0 0.6111778846153847 0.9002403846153847 0.05168269230769231 0.04326923076923077
0 0.5943509615384616 0.9242788461538463 0.05168269230769231 0.04567307692307693
0 0.44651442307692313 0.9435096153846154 0.11899038461538462 0.11057692307692309
0 0.5492788461538461 0.6622596153846154 0.20673076923076925 0.1875
0 0.39903846153846156 0.608173076923077 0.06009615384615385 0.10096153846153846
0 0.3629807692307693 0.6694711538461539 0.0889423076923077 0.06971153846153846
0 0.3137019230769231 0.7854567307692308 0.09375 0.07091346153846154
0 0.3731971153846154 0.8641826923076924 0.07091346153846154 0.08173076923076923
0 0.171875 0.9759615384615385 0.07451923076923077 0.04807692307692308
0 0.20072115384615385 0.9459134615384616 0.07932692307692309 0.07932692307692309
0 0.22596153846153846 0.9020432692307693 0.06490384615384616 0.058894230769230775
0 0.15384615384615385 0.4801682692307693 0.09615384615384616 0.09254807692307693
0 0.2530048076923077 0.3840144230769231 0.1622596153846154 0.15985576923076925
