0 0.021634615384615384 0.3341346153846154 0.04326923076923077 0.07932692307692309
0 0.16165865384615385 0.25540865384615385 0.042067307692307696 0.030048076923076924
0 0.4489182692307693 0.05348557692307693 0.042067307692307696 0.030048076923076924
0 0.36899038461538464 0.6045673076923077 0.06730769230769232 0.06490384615384616
0 0.3473557692307693 0.5811298076923077 0.06971153846153846 0.054086538461538464
0 0.5048076923076923 0.4399038461538462 0.07932692307692309 0.07932692307692309
0 0.5588942307692308 0.4122596153846154 0.07932692307692309 0.08173076923076923
0 0.5342548076923077 0.03185096153846154 0.042067307692307696 0.03245192307692308
0 0.9453125 0.3467548076923077 0.109375 0.08052884615384616
0 0.5444711538461539 0.8461538461538463 0.04326923076923077 0.04326923076923077
