0 0.054086538461538464 0.24639423076923078 0.10817307692307693 0.13942307692307693
0 0.13762019230769232 0.18389423076923078 0.13341346153846154 0.13461538461538464
0 0.234375 0.12740384615384617 0.125 0.13701923076923078
0 0.3191105769230769 0.06971153846153846 0.10697115384615385 0.12980769230769232
0 0.5895432692307693 0.057692307692307696 0.07091346153846154 0.0889423076923077
0 0.5679086538461539 0.0733173076923077 0.07572115384615385 0.09615384615384616
0 0.4963942307692308 0.11358173076923078 0.07451923076923077 0.09975961538461539
0 0.47355769230769235 0.13161057692307693 0.08173076923076923 0.08774038461538462
0 0.4056490384615385 0.17067307692307693 0.07091346153846154 0.09855769230769232
0 0.375 0.19290865384615385 0.0889423076923077 0.09735576923076923
0 0.3497596153846154 0.21334134615384617 0.07451923076923077 0.09495192307692309
0 0.2770432692307693 0.25240384615384615 0.078125 0.09855769230769232
0 0.2542067307692308 0.2716346153846154 0.07572115384615385 0.09134615384615385
0 0.1826923076923077 0.31430288461538464 0.07451923076923077 0.09254807692307693
0 0.1592548076923077 0.3311298076923077 0.08293269230769232 0.09735576923076923
0 0.23137019230769232 0.44711538461538464 0.09735576923076923 0.12980769230769232
0 0.26262019230769235 0.4278846153846154 0.10697115384615385 0.13461538461538464
0 0.31790865384615385 0.3900240384615385 0.109375 0.13341346153846154
0 0.35336538461538464 0.3671875 0.11057692307692309 0.12620192307692307
0 0.41165865384615385 0.33052884615384615 0.11177884615384616 0.13461538461538464
0 0.4489182692307693 0.31009615384615385 0.10697115384615385 0.13461538461538464
0 0.48197115384615385 0.2842548076923077 0.10336538461538462 0.13341346153846154
0 0.5432692307692308 0.24879807692307693 0.10817307692307693 0.13461538461538464
0 0.5757211538461539 0.22536057692307693 0.10817307692307693 0.1310096153846154
0 0.631610576923077 0.1935096153846154 0.10697115384615385 0.13461538461538464
0 0.6610576923076923 0.17067307692307693 0.10096153846153846 0.12740384615384617
0 0.6850961538461539 0.2980769230769231 0.0625 0.08173076923076923
0 0.639423076923077 0.3245192307692308 0.08173076923076923 0.09375
0 0.6069711538461539 0.34615384615384615 0.08413461538461539 0.09375
0 0.5462740384615385 0.3852163461538462 0.08533653846153846 0.09014423076923077
0 0.5126201923076923 0.4056490384615385 0.08293269230769232 0.09495192307692309
0 0.47716346153846156 0.42668269230769235 0.07932692307692309 0.09134615384615385
0 0.4170673076923077 0.4675480769230769 0.07932692307692309 0.0889423076923077
0 0.38341346153846156 0.4885817307692308 0.07692307692307693 0.09735576923076923
0 0.32512019230769235 0.5252403846153847 0.07572115384615385 0.09375
0 0.2950721153846154 0.5474759615384616 0.07572115384615385 0.08774038461538462
0 0.9423076923076924 0.9236778846153847 0.057692307692307696 0.06129807692307693
0 0.8948317307692308 0.9933894230769231 0.058894230769230775 0.013221153846153848
0 0.030048076923076924 0.5192307692307693 0.06009615384615385 0.4254807692307693
0 0.08533653846153846 0.4795673076923077 0.17067307692307693 0.4278846153846154
