0 0.6286057692307693 0.27043269230769235 0.15625 0.13701923076923078
0 0.5240384615384616 0.3112980769230769 0.10336538461538462 0.10817307692307693
0 0.6694711538461539 0.3539663461538462 0.1514423076923077 0.1310096153846154
0 0.7013221153846154 0.4483173076923077 0.11899038461538462 0.12980769230769232
0 0.7788461538461539 0.453125 0.11057692307692309 0.11298076923076923
0 0.8094951923076924 0.5228365384615384 0.11658653846153846 0.10576923076923078
0 0.5685096153846154 0.4026442307692308 0.09855769230769232 0.1201923076923077
0 0.6069711538461539 0.49278846153846156 0.09134615384615385 0.11298076923076923
0 0.7247596153846154 0.5450721153846154 0.11057692307692309 0.11418269230769232
0 0.7536057692307693 0.6207932692307693 0.09855769230769232 0.10216346153846155
0 0.7926682692307693 0.6989182692307693 0.09495192307692309 0.09735576923076923
0 0.4801682692307693 0.4050480769230769 0.109375 0.12980769230769232
0 0.421875 0.4338942307692308 0.07932692307692309 0.12259615384615385
0 0.4561298076923077 0.5474759615384616 0.09735576923076923 0.13341346153846154
0 0.5348557692307693 0.5162259615384616 0.10096153846153846 0.1310096153846154
0 0.6514423076923077 0.576923076923077 0.09855769230769232 0.10576923076923078
0 0.5733173076923077 0.6105769230769231 0.09375 0.10336538461538462
0 0.6796875 0.6568509615384616 0.08533653846153846 0.10697115384615385
0 0.6075721153846154 0.6802884615384616 0.08533653846153846 0.08653846153846154
0 0.4987980769230769 0.6412259615384616 0.09134615384615385 0.10697115384615385
0 0.3780048076923077 0.5540865384615385 0.09735576923076923 0.08653846153846154
0 0.3936298076923077 0.6051682692307693 0.08774038461538462 0.08293269230769232
0 0.30228365384615385 0.5829326923076923 0.08774038461538462 0.08173076923076923
0 0.3263221153846154 0.6430288461538461 0.09014423076923077 0.08173076923076923
0 0.4248798076923077 0.6766826923076923 0.09975961538461539 0.11057692307692309
0 0.3503605769230769 0.7049278846153847 0.09495192307692309 0.10697115384615385
0 0.5294471153846154 0.725360576923077 0.08533653846153846 0.08293269230769232
0 0.27403846153846156 0.7349759615384616 0.10096153846153846 0.1045673076923077
0 0.7091346153846154 0.7319711538461539 0.08413461538461539 0.09615384615384616
0 0.8251201923076924 0.7734375 0.1045673076923077 0.11418269230769232
0 0.748798076923077 0.8094951923076924 0.09855769230769232 0.09975961538461539
0 0.640625 0.7626201923076924 0.08653846153846154 0.09495192307692309
0 0.6724759615384616 0.8377403846153847 0.10216346153846155 0.10817307692307693
0 0.7037259615384616 0.9200721153846154 0.09254807692307693 0.09254807692307693
0 0.6370192307692308 0.9501201923076924 0.09615384615384616 0.09495192307692309
0 0.5667067307692308 0.7950721153846154 0.09735576923076923 0.09014423076923077
0 0.5991586538461539 0.8665865384615385 0.09495192307692309 0.10336538461538462
0 0.4567307692307693 0.7512019230769231 0.09134615384615385 0.09134615384615385
0 0.4945913461538462 0.8233173076923077 0.08533653846153846 0.09134615384615385
0 0.5282451923076923 0.9020432692307693 0.09735576923076923 0.10697115384615385
0 0.3852163461538462 0.7818509615384616 0.09014423076923077 0.09975961538461539
0 0.4134615384615385 0.8587740384615385 0.08173076923076923 0.09735576923076923
0 0.45372596153846156 0.9381009615384616 0.10216346153846155 0.1045673076923077
0 0.31430288461538464 0.8167067307692308 0.08293269230769232 0.09975961538461539
0 0.19711538461538464 0.7698317307692308 0.09855769230769232 0.11418269230769232
0 0.2325721153846154 0.8473557692307693 0.09254807692307693 0.09855769230769232
0 0.3467548076923077 0.8924278846153847 0.08293269230769232 0.09495192307692309
0 0.3743990384615385 0.9579326923076924 0.10216346153846155 0.08413461538461539
0 0.3028846153846154 0.9717548076923077 0.10336538461538462 0.056490384615384616
0 0.27103365384615385 0.9272836538461539 0.1045673076923077 0.10697115384615385
