0 0.912860576923077 0.29927884615384615 0.05168269230769231 0.0625
0 0.8401442307692308 0.28305288461538464 0.03605769230769231 0.05168269230769231
0 0.7998798076923077 0.4669471153846154 0.11899038461538462 0.09495192307692309
0 0.6310096153846154 0.3118990384615385 0.1201923076923077 0.09254807692307693
0 0.4573317307692308 0.6658653846153847 0.054086538461538464 0.05288461538461539
0 0.4134615384615385 0.6370192307692308 0.057692307692307696 0.08173076923076923
2 0.40805288461538464 0.7728365384615385 0.08052884615384616 0.08173076923076923
0 0.24158653846153846 0.3966346153846154 0.040865384615384616 0.040865384615384616
0 0.20973557692307693 0.43028846153846156 0.025240384615384616 0.026442307692307696
0 0.28185096153846156 0.7842548076923077 0.09014423076923077 0.08052884615384616
0 0.05348557692307693 0.6123798076923077 0.10697115384615385 0.1935096153846154
