0 0.018028846153846156 0.4170673076923077 0.03605769230769231 0.038461538461538464
0 0.06129807692307693 0.06730769230769232 0.07211538461538462 0.07932692307692309
0 0.140625 0.0733173076923077 0.07451923076923077 0.0625
0 0.6165865384615385 0.12319711538461539 0.04326923076923077 0.037259615384615384
0 0.24939903846153846 0.5895432692307693 0.03485576923076923 0.03245192307692308
0 0.30709134615384615 0.6280048076923077 0.030048076923076924 0.02764423076923077
0 0.4368990384615385 0.4909855769230769 0.030048076923076924 0.037259615384615384
0 0.5006009615384616 0.7506009615384616 0.02764423076923077 0.037259615384615384
0 0.2668269230769231 0.16165865384615385 0.04326923076923077 0.046875
0 0.7121394230769231 0.3822115384615385 0.037259615384615384 0.03605769230769231
0 0.7602163461538461 0.421875 0.03966346153846154 0.03605769230769231
0 0.6658653846153847 0.6171875 0.09855769230769232 0.054086538461538464
0 0.9699519230769231 0.8701923076923077 0.06009615384615385 0.057692307692307696
0 0.639423076923077 0.8137019230769231 0.040865384615384616 0.04326923076923077
0 0.7091346153846154 0.8485576923076924 0.04567307692307693 0.07211538461538462
