0 0.7746394230769231 0.31730769230769235 0.09014423076923077 0.0889423076923077
0 0.6977163461538461 0.38822115384615385 0.08293269230769232 0.07692307692307693
0 0.5540865384615385 0.3635817307692308 0.1778846153846154 0.1670673076923077
0 0.2884615384615385 0.4723557692307693 0.24278846153846156 0.23317307692307693
0 0.16887019230769232 0.4609375 0.11418269230769232 0.11177884615384616
0 0.23317307692307693 0.4044471153846154 0.12259615384615385 0.109375
0 0.29927884615384615 0.3497596153846154 0.11538461538461539 0.11057692307692309
0 0.4092548076923077 0.6460336538461539 0.11899038461538462 0.11899038461538462
0 0.22596153846153846 0.6496394230769231 0.07692307692307693 0.08052884615384616
0 0.1778846153846154 0.6983173076923077 0.07692307692307693 0.08173076923076923
0 0.1201923076923077 0.7457932692307693 0.0889423076923077 0.08052884615384616
0 0.06430288461538462 0.7938701923076924 0.08774038461538462 0.08052884615384616
0 0.3737980769230769 0.6063701923076923 0.12740384615384617 0.11899038461538462
