0 0.8527644230769231 0.00420673076923077 0.08533653846153846 0.00841346153846154
0 0.6610576923076923 0.007211538461538462 0.19230769230769232 0.014423076923076924
0 0.6604567307692308 0.02764423076923077 0.2247596153846154 0.026442307692307696
0 0.65625 0.054086538461538464 0.2884615384615385 0.028846153846153848
0 0.6442307692307693 0.07992788461538462 0.3197115384615385 0.030048076923076924
0 0.6219951923076923 0.10396634615384616 0.32091346153846156 0.022836538461538464
0 0.3713942307692308 0.013221153846153848 0.31009615384615385 0.02403846153846154
0 0.33774038461538464 0.046274038461538464 0.2956730769230769 0.02764423076923077
0 0.3076923076923077 0.07872596153846154 0.3028846153846154 0.022836538461538464
0 0.2722355769230769 0.10877403846153846 0.30649038461538464 0.022836538461538464
0 0.23798076923076925 0.14182692307692307 0.3028846153846154 0.02403846153846154
0 0.20492788461538464 0.17307692307692307 0.30168269230769235 0.026442307692307696
0 0.17067307692307693 0.2091346153846154 0.3028846153846154 0.02403846153846154
0 0.615985576923077 0.13161057692307693 0.30168269230769235 0.022836538461538464
0 0.5685096153846154 0.15504807692307693 0.3293269230769231 0.026442307692307696
0 0.5444711538461539 0.18028846153846154 0.32211538461538464 0.02403846153846154
0 0.5138221153846154 0.20372596153846154 0.3353365384615385 0.02764423076923077
0 0.4879807692307693 0.23016826923076925 0.34134615384615385 0.02764423076923077
0 0.912860576923077 0.2644230769230769 0.17427884615384617 0.21634615384615385
0 0.9038461538461539 0.2794471153846154 0.19230769230769232 0.21274038461538464
0 0.8936298076923077 0.2962740384615385 0.20072115384615385 0.21274038461538464
0 0.8762019230769231 0.3118990384615385 0.21153846153846156 0.21033653846153846
0 0.8611778846153847 0.3311298076923077 0.21274038461538464 0.21514423076923078
0 0.6947115384615385 0.7764423076923077 0.6105769230769231 0.44711538461538464
0 0.4633413461538462 0.2542067307692308 0.3137019230769231 0.02764423076923077
0 0.4320913461538462 0.2794471153846154 0.3353365384615385 0.02764423076923077
0 0.4122596153846154 0.3028846153846154 0.3317307692307693 0.026442307692307696
0 0.38461538461538464 0.328125 0.31730769230769235 0.026442307692307696
0 0.359375 0.3551682692307693 0.3293269230769231 0.02764423076923077
0 0.3353365384615385 0.3786057692307693 0.3197115384615385 0.03365384615384616
0 0.30228365384615385 0.4044471153846154 0.3137019230769231 0.030048076923076924
0 0.2794471153846154 0.4284855769230769 0.32572115384615385 0.03245192307692308
0 0.2560096153846154 0.4561298076923077 0.3293269230769231 0.030048076923076924
0 0.22235576923076925 0.4789663461538462 0.3245192307692308 0.025240384615384616
0 0.20012019230769232 0.5042067307692308 0.33052884615384615 0.030048076923076924
0 0.17608173076923078 0.530048076923077 0.33052884615384615 0.026442307692307696
0 0.15324519230769232 0.5540865384615385 0.30649038461538464 0.026442307692307696
0 0.1436298076923077 0.5811298076923077 0.2872596153846154 0.02764423076923077
0 0.13221153846153846 0.6015625 0.2644230769230769 0.025240384615384616
0 0.11538461538461539 0.6280048076923077 0.23076923076923078 0.030048076923076924
0 0.1045673076923077 0.6514423076923077 0.2091346153846154 0.021634615384615384
0 0.09375 0.6802884615384616 0.1875 0.026442307692307696
0 0.0811298076923077 0.703125 0.140625 0.019230769230769232
0 0.07932692307692309 0.7313701923076924 0.09855769230769232 0.020432692307692308
0 0.08293269230769232 0.7578125 0.06009615384615385 0.020432692307692308
0 0.14182692307692307 0.23918269230769232 0.28365384615384615 0.02403846153846154
0 0.12379807692307693 0.2734375 0.24759615384615385 0.025240384615384616
0 0.1123798076923077 0.3058894230769231 0.2247596153846154 0.025240384615384616
0 0.09134615384615385 0.3389423076923077 0.1826923076923077 0.02403846153846154
0 0.07692307692307693 0.3713942307692308 0.15384615384615385 0.026442307692307696
0 0.05829326923076923 0.4050480769230769 0.11658653846153846 0.026442307692307696
0 0.04447115384615385 0.4399038461538462 0.0889423076923077 0.02403846153846154
0 0.02463942307692308 0.4711538461538462 0.04927884615384616 0.02403846153846154
0 0.37680288461538464 0.9795673076923077 0.20552884615384617 0.040865384615384616
