0 0.2451923076923077 0.30649038461538464 0.07451923076923077 0.021634615384615384
0 0.23798076923076925 0.3419471153846154 0.14423076923076925 0.025240384615384616
0 0.24098557692307693 0.3762019230769231 0.203125 0.026442307692307696
0 0.24158653846153846 0.4098557692307693 0.2716346153846154 0.02403846153846154
0 0.21754807692307693 0.4417067307692308 0.3125 0.030048076923076924
0 0.18329326923076925 0.47415865384615385 0.29447115384615385 0.022836538461538464
0 0.1466346153846154 0.506610576923077 0.2932692307692308 0.022836538461538464
0 0.13161057692307693 0.5396634615384616 0.26322115384615385 0.021634615384615384
0 0.125 0.5727163461538461 0.20192307692307693 0.022836538461538464
0 0.12439903846153846 0.6051682692307693 0.13341346153846154 0.020432692307692308
0 0.12439903846153846 0.639423076923077 0.07091346153846154 0.02403846153846154
0 0.40685096153846156 0.4645432692307693 0.058894230769230775 0.020432692307692308
0 0.3978365384615385 0.48978365384615385 0.10576923076923078 0.020432692307692308
0 0.3984375 0.5174278846153847 0.1622596153846154 0.022836538461538464
0 0.40805288461538464 0.5438701923076923 0.21274038461538464 0.022836538461538464
0 0.3936298076923077 0.5685096153846154 0.24158653846153846 0.026442307692307696
0 0.3936298076923077 0.5907451923076923 0.30649038461538464 0.02764423076923077
0 0.3828125 0.6177884615384616 0.32091346153846156 0.026442307692307696
0 0.35336538461538464 0.6412259615384616 0.3125 0.022836538461538464
0 0.3389423076923077 0.6700721153846154 0.2980769230769231 0.02764423076923077
0 0.3239182692307693 0.694110576923077 0.2848557692307693 0.02764423076923077
0 0.30949519230769235 0.7157451923076924 0.24639423076923078 0.025240384615384616
0 0.3155048076923077 0.7451923076923077 0.1935096153846154 0.021634615384615384
0 0.3112980769230769 0.7686298076923077 0.16105769230769232 0.018028846153846156
0 0.3106971153846154 0.795673076923077 0.08533653846153846 0.019230769230769232
0 0.017427884615384616 0.6129807692307693 0.03485576923076923 0.021634615384615384
0 0.034254807692307696 0.6460336538461539 0.06850961538461539 0.022836538461538464
0 0.05048076923076923 0.6778846153846154 0.10096153846153846 0.026442307692307696
0 0.037259615384615384 0.7127403846153847 0.07451923076923077 0.02403846153846154
0 0.022235576923076924 0.7433894230769231 0.04447115384615385 0.022836538461538464
0 0.11959134615384616 0.7457932692307693 0.10216346153846155 0.022836538461538464
0 0.11478365384615385 0.7782451923076924 0.1358173076923077 0.022836538461538464
0 0.11899038461538462 0.8004807692307693 0.19230769230769232 0.021634615384615384
0 0.11838942307692309 0.8245192307692308 0.2247596153846154 0.026442307692307696
0 0.12920673076923078 0.8509615384615385 0.25841346153846156 0.028846153846153848
0 0.1310096153846154 0.8768028846153847 0.2620192307692308 0.030048076923076924
0 0.1201923076923077 0.9008413461538463 0.2403846153846154 0.022836538461538464
0 0.1123798076923077 0.928485576923077 0.2247596153846154 0.022836538461538464
0 0.09555288461538462 0.951923076923077 0.19110576923076925 0.026442307692307696
0 0.08173076923076923 0.9771634615384616 0.16346153846153846 0.02403846153846154
0 0.06971153846153846 0.9933894230769231 0.13942307692307693 0.013221153846153848
0 0.3864182692307693 0.9765625 0.20552884615384617 0.046875
0 0.3671875 0.9849759615384616 0.203125 0.030048076923076924
