0 0.09194711538461539 0.025841346153846156 0.18389423076923078 0.05168269230769231
0 0.021634615384615384 0.6959134615384616 0.04326923076923077 0.08653846153846154
0 0.07091346153846154 0.953125 0.05288461538461539 0.04807692307692308
0 0.39543269230769235 0.3191105769230769 0.125 0.10216346153846155
0 0.46935096153846156 0.2620192307692308 0.09735576923076923 0.11778846153846155
0 0.4122596153846154 0.3966346153846154 0.12740384615384617 0.10336538461538462
1 0.48137019230769235 0.35216346153846156 0.058894230769230775 0.05048076923076923
0 0.5673076923076923 0.44290865384615385 0.03125 0.042067307692307696
0 0.4489182692307693 0.4483173076923077 0.15264423076923078 0.12980769230769232
0 0.4723557692307693 0.5384615384615385 0.19951923076923078 0.21634615384615385
0 0.3888221153846154 0.5600961538461539 0.06610576923076923 0.06490384615384616
0 0.6141826923076923 0.5120192307692308 0.09134615384615385 0.12259615384615385
1 0.5727163461538461 0.592548076923077 0.11658653846153846 0.11057692307692309
0 0.7241586538461539 0.8846153846153847 0.23677884615384617 0.21875
0 0.9705528846153847 0.9609375 0.058894230769230775 0.078125
0 0.24278846153846156 0.08233173076923077 0.15865384615384617 0.15745192307692307
0 0.3972355769230769 0.08353365384615385 0.15504807692307693 0.15504807692307693
