0 0.3762019230769231 0.22115384615384617 0.2091346153846154 0.07932692307692309
0 0.1268028846153846 0.25 0.1887019230769231 0.06490384615384616
0 0.10997596153846155 0.4753605769230769 0.14543269230769232 0.054086538461538464
0 0.17548076923076925 0.7463942307692308 0.3389423076923077 0.10096153846153846
0 0.6646634615384616 0.6754807692307693 0.14182692307692307 0.04567307692307693
0 0.6616586538461539 0.7073317307692308 0.140625 0.02764423076923077
0 0.6556490384615385 0.7560096153846154 0.13822115384615385 0.03605769230769231
0 0.655048076923077 0.7950721153846154 0.14182692307692307 0.046875
0 0.6508413461538461 0.8443509615384616 0.14543269230769232 0.037259615384615384
0 0.6436298076923077 0.8852163461538463 0.15264423076923078 0.04447115384615385
0 0.6412259615384616 0.9368990384615385 0.13822115384615385 0.02764423076923077
0 0.6442307692307693 0.8052884615384616 0.23798076923076925 0.3701923076923077
