0 0.5588942307692308 0.2926682692307693 0.03605769230769231 0.025240384615384616
0 0.5751201923076923 0.3118990384615385 0.054086538461538464 0.030048076923076924
0 0.5943509615384616 0.328125 0.09014423076923077 0.03365384615384616
0 0.6069711538461539 0.3467548076923077 0.11057692307692309 0.03966346153846154
0 0.6117788461538461 0.3665865384615385 0.10817307692307693 0.03605769230769231
0 0.6147836538461539 0.3852163461538462 0.11177884615384616 0.037259615384615384
0 0.615985576923077 0.40324519230769235 0.11177884615384616 0.03245192307692308
0 0.6189903846153847 0.42307692307692313 0.10817307692307693 0.03605769230769231
0 0.6256009615384616 0.44230769230769235 0.11418269230769232 0.03605769230769231
0 0.6274038461538461 0.4603365384615385 0.10817307692307693 0.03605769230769231
0 0.6286057692307693 0.47836538461538464 0.10576923076923078 0.03605769230769231
0 0.6322115384615385 0.4987980769230769 0.11298076923076923 0.03605769230769231
0 0.6370192307692308 0.5192307692307693 0.11057692307692309 0.03365384615384616
0 0.6436298076923077 0.5631009615384616 0.11177884615384616 0.03245192307692308
0 0.6502403846153847 0.6045673076923077 0.10576923076923078 0.03605769230769231
0 0.6430288461538461 0.647235576923077 0.06971153846153846 0.03245192307692308
