0 0.7680288461538461 0.32572115384615385 0.15625 0.13701923076923078
0 0.6634615384615385 0.3665865384615385 0.10336538461538462 0.10817307692307693
0 0.8088942307692308 0.4092548076923077 0.1514423076923077 0.1310096153846154
0 0.8407451923076924 0.5036057692307693 0.11899038461538462 0.12980769230769232
0 0.9182692307692308 0.5084134615384616 0.11057692307692309 0.11298076923076923
0 0.9453125 0.578125 0.109375 0.10576923076923078
0 0.7079326923076924 0.45793269230769235 0.09855769230769232 0.1201923076923077
0 0.7463942307692308 0.5480769230769231 0.09134615384615385 0.11298076923076923
0 0.8641826923076924 0.600360576923077 0.11057692307692309 0.11418269230769232
0 0.8930288461538463 0.6760817307692308 0.09855769230769232 0.10216346153846155
0 0.9320913461538463 0.7542067307692308 0.09495192307692309 0.09735576923076923
0 0.6195913461538461 0.4603365384615385 0.109375 0.12980769230769232
0 0.561298076923077 0.48918269230769235 0.07932692307692309 0.12259615384615385
0 0.5955528846153847 0.6027644230769231 0.09735576923076923 0.13341346153846154
0 0.6742788461538461 0.5715144230769231 0.10096153846153846 0.1310096153846154
0 0.7908653846153847 0.6322115384615385 0.09855769230769232 0.10576923076923078
0 0.7127403846153847 0.6658653846153847 0.09375 0.10336538461538462
0 0.819110576923077 0.7121394230769231 0.08533653846153846 0.10697115384615385
0 0.7469951923076924 0.7355769230769231 0.08533653846153846 0.08653846153846154
0 0.6382211538461539 0.6965144230769231 0.09134615384615385 0.10697115384615385
0 0.5174278846153847 0.609375 0.09735576923076923 0.08653846153846154
0 0.5330528846153847 0.6604567307692308 0.08774038461538462 0.08293269230769232
0 0.4417067307692308 0.6382211538461539 0.08774038461538462 0.08173076923076923
0 0.46574519230769235 0.6983173076923077 0.09014423076923077 0.08173076923076923
0 0.5643028846153847 0.7319711538461539 0.09975961538461539 0.11057692307692309
0 0.48978365384615385 0.7602163461538461 0.09495192307692309 0.10697115384615385
0 0.6688701923076923 0.7806490384615385 0.08533653846153846 0.08293269230769232
0 0.4134615384615385 0.7902644230769231 0.10096153846153846 0.1045673076923077
0 0.8485576923076924 0.7872596153846154 0.08413461538461539 0.09615384615384616
0 0.9561298076923077 0.8287259615384616 0.08774038461538462 0.11418269230769232
0 0.8882211538461539 0.8647836538461539 0.09855769230769232 0.09975961538461539
0 0.780048076923077 0.8179086538461539 0.08653846153846154 0.09495192307692309
0 0.8118990384615385 0.8930288461538463 0.10216346153846155 0.10817307692307693
0 0.8431490384615385 0.9645432692307693 0.09254807692307693 0.07091346153846154
0 0.7764423076923077 0.9789663461538463 0.09615384615384616 0.042067307692307696
0 0.7061298076923077 0.850360576923077 0.09735576923076923 0.09014423076923077
0 0.7385817307692308 0.921875 0.09495192307692309 0.10336538461538462
0 0.5961538461538461 0.8064903846153847 0.09134615384615385 0.09134615384615385
0 0.6340144230769231 0.8786057692307693 0.08533653846153846 0.09134615384615385
0 0.6676682692307693 0.951923076923077 0.09735576923076923 0.09615384615384616
0 0.5246394230769231 0.8371394230769231 0.09014423076923077 0.09975961538461539
0 0.5528846153846154 0.9140625 0.08173076923076923 0.09735576923076923
0 0.5931490384615385 0.9705528846153847 0.10216346153846155 0.058894230769230775
0 0.45372596153846156 0.8719951923076924 0.08293269230769232 0.09975961538461539
0 0.33653846153846156 0.8251201923076924 0.09855769230769232 0.11418269230769232
0 0.37199519230769235 0.9026442307692308 0.09254807692307693 0.09855769230769232
0 0.48617788461538464 0.9477163461538463 0.08293269230769232 0.09495192307692309
0 0.5138221153846154 0.9855769230769231 0.10216346153846155 0.028846153846153848
0 0.4104567307692308 0.9645432692307693 0.1045673076923077 0.07091346153846154
