0 0.9903846153846154 0.03245192307692308 0.019230769230769232 0.06490384615384616
0 0.9278846153846154 0.011418269230769232 0.09855769230769232 0.022836538461538464
0 0.8497596153846154 0.02764423076923077 0.09375 0.05528846153846154
0 0.9561298076923077 0.05168269230769231 0.08533653846153846 0.10336538461538462
0 0.8840144230769231 0.0733173076923077 0.08533653846153846 0.08653846153846154
0 0.7752403846153847 0.04387019230769231 0.09134615384615385 0.08774038461538462
0 0.6700721153846154 0.01983173076923077 0.08774038461538462 0.03966346153846154
0 0.5787259615384616 0.00841346153846154 0.08774038461538462 0.01682692307692308
0 0.6027644230769231 0.038461538461538464 0.09014423076923077 0.07692307692307693
0 0.7013221153846154 0.06971153846153846 0.09975961538461539 0.11057692307692309
0 0.6268028846153847 0.09795673076923077 0.09495192307692309 0.10697115384615385
0 0.8058894230769231 0.11838942307692309 0.08533653846153846 0.08293269230769232
0 0.5504807692307693 0.1280048076923077 0.10096153846153846 0.1045673076923077
0 0.9717548076923077 0.125 0.056490384615384616 0.09615384615384616
0 0.9879807692307693 0.20252403846153846 0.02403846153846154 0.09975961538461539
0 0.9170673076923077 0.15564903846153846 0.08653846153846154 0.09495192307692309
0 0.9489182692307693 0.23076923076923078 0.10216346153846155 0.10817307692307693
0 0.9669471153846154 0.31310096153846156 0.06610576923076923 0.09254807692307693
0 0.9134615384615385 0.3431490384615385 0.09615384615384616 0.09495192307692309
0 0.8431490384615385 0.18810096153846154 0.09735576923076923 0.09014423076923077
0 0.8756009615384616 0.25961538461538464 0.09495192307692309 0.10336538461538462
0 0.733173076923077 0.14423076923076925 0.09134615384615385 0.09134615384615385
0 0.7710336538461539 0.21634615384615385 0.08533653846153846 0.09134615384615385
0 0.8046875 0.2950721153846154 0.09735576923076923 0.10697115384615385
0 0.6616586538461539 0.1748798076923077 0.09014423076923077 0.09975961538461539
0 0.6899038461538461 0.25180288461538464 0.08173076923076923 0.09735576923076923
0 0.7301682692307693 0.3311298076923077 0.10216346153846155 0.1045673076923077
0 0.5907451923076923 0.20973557692307693 0.08293269230769232 0.09975961538461539
0 0.47355769230769235 0.16286057692307693 0.09855769230769232 0.11418269230769232
0 0.5090144230769231 0.2403846153846154 0.09254807692307693 0.09855769230769232
0 0.6231971153846154 0.2854567307692308 0.08293269230769232 0.09495192307692309
0 0.6508413461538461 0.3635817307692308 0.10216346153846155 0.109375
0 0.5793269230769231 0.39543269230769235 0.10336538461538462 0.11778846153846155
0 0.5474759615384616 0.3203125 0.1045673076923077 0.10697115384615385
0 0.6682692307692308 0.5180288461538461 0.09855769230769232 0.13461538461538464
0 0.6207932692307693 0.5390625 0.09735576923076923 0.1358173076923077
