0 0.13401442307692307 0.6280048076923077 0.12139423076923078 0.11177884615384616
0 0.20072115384615385 0.7590144230769231 0.08173076923076923 0.09495192307692309
0 0.6292067307692308 0.2746394230769231 0.058894230769230775 0.037259615384615384
0 0.5420673076923077 0.3311298076923077 0.038461538461538464 0.02764423076923077
0 0.5805288461538461 0.32271634615384615 0.028846153846153848 0.022836538461538464
0 0.5787259615384616 0.8377403846153847 0.042067307692307696 0.08173076923076923
0 0.6953125 0.8275240384615385 0.058894230769230775 0.04927884615384616
0 0.3347355769230769 0.9242788461538463 0.04447115384615385 0.06730769230769232
0 0.3527644230769231 0.9122596153846154 0.058894230769230775 0.08173076923076923
0 0.09795673076923077 0.9861778846153847 0.03245192307692308 0.022836538461538464
