0 0.048677884615384616 0.7085336538461539 0.09735576923076923 0.15024038461538464
0 0.4044471153846154 0.4963942307692308 0.12379807692307693 0.13942307692307693
0 0.4957932692307693 0.4338942307692308 0.13341346153846154 0.13461538461538464
0 0.592548076923077 0.3774038461538462 0.125 0.13701923076923078
0 0.6772836538461539 0.3197115384615385 0.10697115384615385 0.12980769230769232
0 0.9477163461538463 0.3076923076923077 0.07091346153846154 0.0889423076923077
0 0.9260817307692308 0.3233173076923077 0.07572115384615385 0.09615384615384616
0 0.8545673076923077 0.3635817307692308 0.07451923076923077 0.09975961538461539
0 0.8317307692307693 0.3816105769230769 0.08173076923076923 0.08774038461538462
0 0.7638221153846154 0.4206730769230769 0.07091346153846154 0.09855769230769232
0 0.733173076923077 0.44290865384615385 0.0889423076923077 0.09735576923076923
0 0.7079326923076924 0.4633413461538462 0.07451923076923077 0.09495192307692309
0 0.6352163461538461 0.5024038461538461 0.078125 0.09855769230769232
0 0.6123798076923077 0.5216346153846154 0.07572115384615385 0.09134615384615385
0 0.5408653846153847 0.5643028846153847 0.07451923076923077 0.09254807692307693
0 0.5174278846153847 0.5811298076923077 0.08293269230769232 0.09735576923076923
0 0.5895432692307693 0.6971153846153847 0.09735576923076923 0.12980769230769232
0 0.6207932692307693 0.6778846153846154 0.10697115384615385 0.13461538461538464
0 0.6760817307692308 0.6400240384615385 0.109375 0.13341346153846154
0 0.7115384615384616 0.6171875 0.11057692307692309 0.12620192307692307
0 0.7698317307692308 0.5805288461538461 0.11177884615384616 0.13461538461538464
0 0.8070913461538461 0.5600961538461539 0.10697115384615385 0.13461538461538464
0 0.8401442307692308 0.5342548076923077 0.10336538461538462 0.13341346153846154
0 0.9014423076923077 0.4987980769230769 0.10817307692307693 0.13461538461538464
0 0.9338942307692308 0.4753605769230769 0.10817307692307693 0.1310096153846154
0 0.9681490384615385 0.4435096153846154 0.06370192307692309 0.13461538461538464
0 0.984375 0.4206730769230769 0.03125 0.12740384615384617
0 0.9783653846153847 0.5745192307692308 0.04326923076923077 0.09375
0 0.9615384615384616 0.5961538461538461 0.07692307692307693 0.09375
0 0.9044471153846154 0.6352163461538461 0.08533653846153846 0.09014423076923077
0 0.8707932692307693 0.6556490384615385 0.08293269230769232 0.09495192307692309
0 0.8353365384615385 0.6766826923076923 0.07932692307692309 0.09134615384615385
0 0.7752403846153847 0.717548076923077 0.07932692307692309 0.0889423076923077
0 0.7415865384615385 0.7385817307692308 0.07692307692307693 0.09735576923076923
0 0.6832932692307693 0.7752403846153847 0.07572115384615385 0.09375
0 0.6532451923076923 0.7974759615384616 0.07572115384615385 0.08774038461538462
0 0.2668269230769231 0.7692307692307693 0.3028846153846154 0.4254807692307693
0 0.18990384615384617 0.8774038461538463 0.2139423076923077 0.2451923076923077
0 0.09555288461538462 0.912860576923077 0.19110576923076925 0.17427884615384617
0 0.0655048076923077 0.9375 0.1310096153846154 0.125
0 0.22836538461538464 0.8689903846153847 0.21634615384615385 0.2620192307692308
0 0.35997596153846156 0.7295673076923077 0.33774038461538464 0.4278846153846154
