0 0.8683894230769231 0.17608173076923078 0.08774038461538462 0.08293269230769232
0 0.765625 0.13641826923076925 0.11778846153846155 0.109375
0 0.7085336538461539 0.3239182692307693 0.03966346153846154 0.03245192307692308
0 0.6177884615384616 0.2794471153846154 0.038461538461538464 0.030048076923076924
0 0.6442307692307693 0.3317307692307693 0.038461538461538464 0.03125
0 0.592548076923077 0.3557692307692308 0.03605769230769231 0.03605769230769231
0 0.5817307692307693 0.3419471153846154 0.03605769230769231 0.030048076923076924
0 0.5715144230769231 0.32271634615384615 0.03245192307692308 0.030048076923076924
0 0.5606971153846154 0.30709134615384615 0.03485576923076923 0.030048076923076924
0 0.6105769230769231 0.3479567307692308 0.057692307692307696 0.09495192307692309
0 0.5510817307692308 0.28605769230769235 0.037259615384615384 0.03605769230769231
0 0.3762019230769231 0.0078125 0.06730769230769232 0.015625
0 0.4008413461538462 0.054086538461538464 0.06850961538461539 0.05528846153846154
2 0.5438701923076923 0.6340144230769231 0.056490384615384616 0.11658653846153846
0 0.41165865384615385 0.5745192307692308 0.06129807692307693 0.040865384615384616
