0 0.15324519230769232 0.3774038461538462 0.17668269230769232 0.14903846153846154
0 0.9747596153846154 0.17067307692307693 0.05048076923076923 0.07692307692307693
0 0.5420673076923077 0.4825721153846154 0.03125 0.030048076923076924
0 0.45372596153846156 0.5060096153846154 0.07091346153846154 0.06730769230769232
0 0.4831730769230769 0.522235576923077 0.06490384615384616 0.0733173076923077
0 0.9837740384615385 0.8305288461538461 0.03245192307692308 0.10096153846153846
0 0.9585336538461539 0.8918269230769231 0.08293269230769232 0.06971153846153846
0 0.9122596153846154 0.9861778846153847 0.09375 0.02764423076923077
0 0.7524038461538461 0.7025240384615385 0.09615384615384616 0.09254807692307693
0 0.8515625 0.6063701923076923 0.1622596153846154 0.15985576923076925
0 0.4951923076923077 0.671875 0.16105769230769232 0.15384615384615385
0 0.7139423076923077 0.021634615384615384 0.08173076923076923 0.04326923076923077
0 0.6670673076923077 0.020432692307692308 0.04326923076923077 0.040865384615384616
