0 0.7109375 0.33293269230769235 0.078125 0.08413461538461539
0 0.7295673076923077 0.3870192307692308 0.07211538461538462 0.07451923076923077
0 0.7512019230769231 0.44591346153846156 0.07211538461538462 0.07932692307692309
0 0.7001201923076924 0.4711538461538462 0.07572115384615385 0.08653846153846154
0 0.6760817307692308 0.41165865384615385 0.08052884615384616 0.07572115384615385
0 0.6616586538461539 0.3497596153846154 0.06370192307692309 0.08653846153846154
0 0.4669471153846154 0.3659855769230769 0.04447115384615385 0.037259615384615384
0 0.4182692307692308 0.48497596153846156 0.07211538461538462 0.10216346153846155
0 0.4561298076923077 0.5751201923076923 0.06850961538461539 0.09495192307692309
0 0.3918269230769231 0.5570913461538461 0.13942307692307693 0.27524038461538464
