0 0.01201923076923077 0.7548076923076924 0.02403846153846154 0.026442307692307696
0 0.012620192307692308 0.7776442307692308 0.025240384615384616 0.026442307692307696
0 0.5985576923076923 0.5006009615384616 0.03605769230769231 0.025240384615384616
0 0.6147836538461539 0.5198317307692308 0.054086538461538464 0.030048076923076924
0 0.6340144230769231 0.5360576923076923 0.09014423076923077 0.03365384615384616
0 0.6466346153846154 0.5546875 0.11057692307692309 0.03966346153846154
0 0.6514423076923077 0.5745192307692308 0.10817307692307693 0.03605769230769231
0 0.6544471153846154 0.5931490384615385 0.11177884615384616 0.037259615384615384
0 0.6556490384615385 0.6111778846153847 0.11177884615384616 0.03245192307692308
0 0.6586538461538461 0.6310096153846154 0.10817307692307693 0.03605769230769231
0 0.6652644230769231 0.6502403846153847 0.11418269230769232 0.03605769230769231
0 0.6670673076923077 0.6682692307692308 0.10817307692307693 0.03605769230769231
0 0.6682692307692308 0.686298076923077 0.10576923076923078 0.03605769230769231
0 0.671875 0.7067307692307693 0.11298076923076923 0.03605769230769231
0 0.6766826923076923 0.7271634615384616 0.11057692307692309 0.03365384615384616
0 0.6832932692307693 0.7710336538461539 0.11177884615384616 0.03245192307692308
0 0.6899038461538461 0.8125 0.10576923076923078 0.03605769230769231
0 0.6826923076923077 0.8551682692307693 0.06971153846153846 0.03245192307692308
