0 0.5709134615384616 0.41466346153846156 0.15625 0.13701923076923078
0 0.46634615384615385 0.4555288461538462 0.10336538461538462 0.10817307692307693
0 0.6117788461538461 0.4981971153846154 0.1514423076923077 0.1310096153846154
0 0.6436298076923077 0.592548076923077 0.11899038461538462 0.12980769230769232
0 0.7211538461538461 0.5973557692307693 0.11057692307692309 0.11298076923076923
0 0.7518028846153847 0.6670673076923077 0.11658653846153846 0.10576923076923078
0 0.5108173076923077 0.546875 0.09855769230769232 0.1201923076923077
0 0.5492788461538461 0.6370192307692308 0.09134615384615385 0.11298076923076923
0 0.6670673076923077 0.6893028846153847 0.11057692307692309 0.11418269230769232
0 0.6959134615384616 0.7650240384615385 0.09855769230769232 0.10216346153846155
0 0.7349759615384616 0.8431490384615385 0.09495192307692309 0.09735576923076923
0 0.42247596153846156 0.5492788461538461 0.109375 0.12980769230769232
0 0.36418269230769235 0.578125 0.07932692307692309 0.12259615384615385
0 0.3984375 0.6917067307692308 0.09735576923076923 0.13341346153846154
0 0.47716346153846156 0.6604567307692308 0.10096153846153846 0.1310096153846154
0 0.59375 0.7211538461538461 0.09855769230769232 0.10576923076923078
0 0.515625 0.7548076923076924 0.09375 0.10336538461538462
0 0.6219951923076923 0.8010817307692308 0.08533653846153846 0.10697115384615385
0 0.5498798076923077 0.8245192307692308 0.08533653846153846 0.08653846153846154
0 0.4411057692307693 0.7854567307692308 0.09134615384615385 0.10697115384615385
0 0.3203125 0.6983173076923077 0.09735576923076923 0.08653846153846154
0 0.3359375 0.7493990384615385 0.08774038461538462 0.08293269230769232
0 0.24459134615384617 0.7271634615384616 0.08774038461538462 0.08173076923076923
0 0.2686298076923077 0.7872596153846154 0.09014423076923077 0.08173076923076923
0 0.3671875 0.8209134615384616 0.09975961538461539 0.11057692307692309
0 0.2926682692307693 0.8491586538461539 0.09495192307692309 0.10697115384615385
0 0.4717548076923077 0.8695913461538463 0.08533653846153846 0.08293269230769232
0 0.21634615384615385 0.8792067307692308 0.10096153846153846 0.1045673076923077
0 0.6514423076923077 0.8762019230769231 0.08413461538461539 0.09615384615384616
0 0.7674278846153847 0.9176682692307693 0.1045673076923077 0.11418269230769232
0 0.6911057692307693 0.951923076923077 0.09855769230769232 0.09615384615384616
0 0.5829326923076923 0.9068509615384616 0.08653846153846154 0.09495192307692309
0 0.6147836538461539 0.9639423076923077 0.10216346153846155 0.07211538461538462
0 0.5090144230769231 0.9393028846153847 0.09735576923076923 0.09014423076923077
0 0.5414663461538461 0.9795673076923077 0.09495192307692309 0.040865384615384616
0 0.39903846153846156 0.8954326923076924 0.09134615384615385 0.09134615384615385
0 0.4368990384615385 0.9609375 0.08533653846153846 0.078125
0 0.3275240384615385 0.9260817307692308 0.09014423076923077 0.09975961538461539
0 0.3557692307692308 0.9771634615384616 0.08173076923076923 0.04567307692307693
0 0.2566105769230769 0.9555288461538463 0.08293269230769232 0.0889423076923077
0 0.13942307692307693 0.9140625 0.09855769230769232 0.11418269230769232
0 0.1748798076923077 0.9711538461538463 0.09254807692307693 0.057692307692307696
0 0.2890625 0.9945913461538463 0.08293269230769232 0.010817307692307692
