0 0.701923076923077 0.1670673076923077 0.06009615384615385 0.05048076923076923
0 0.8010817307692308 0.12379807692307693 0.13341346153846154 0.125
0 0.5913461538461539 0.2686298076923077 0.05288461538461539 0.054086538461538464
1 0.5492788461538461 0.5817307692307693 0.040865384615384616 0.05048076923076923
0 0.35637019230769235 0.3683894230769231 0.030048076923076924 0.03485576923076923
0 0.36117788461538464 0.6766826923076923 0.09735576923076923 0.125
0 0.05288461538461539 0.7217548076923077 0.06490384615384616 0.05168269230769231
0 0.020432692307692308 0.6532451923076923 0.040865384615384616 0.06370192307692309
0 0.24278846153846156 0.7986778846153847 0.028846153846153848 0.022836538461538464
0 0.11658653846153846 0.9242788461538463 0.0625 0.057692307692307696
0 0.06490384615384616 0.9633413461538463 0.08413461538461539 0.0733173076923077
