0 0.8617788461538463 0.025841346153846156 0.019230769230769232 0.02764423076923077
0 0.8413461538461539 0.5901442307692308 0.038461538461538464 0.05288461538461539
0 0.9038461538461539 0.6123798076923077 0.038461538461538464 0.025240384615384616
0 0.8774038461538463 0.6448317307692308 0.09134615384615385 0.05168269230769231
0 0.8287259615384616 0.6310096153846154 0.046875 0.028846153846153848
0 0.8118990384615385 0.6015625 0.058894230769230775 0.056490384615384616
0 0.6466346153846154 0.561298076923077 0.028846153846153848 0.026442307692307696
0 0.6400240384615385 0.6418269230769231 0.03245192307692308 0.028846153846153848
0 0.6754807692307693 0.6544471153846154 0.04567307692307693 0.08533653846153846
0 0.6502403846153847 0.6893028846153847 0.03365384615384616 0.037259615384615384
