0 0.8076923076923077 0.007211538461538462 0.04807692307692308 0.014423076923076924
0 0.7848557692307693 0.022836538461538464 0.057692307692307696 0.04567307692307693
0 0.5721153846153847 0.11117788461538462 0.12259615384615385 0.11658653846153846
0 0.734375 0.2794471153846154 0.12259615384615385 0.12860576923076925
0 0.36418269230769235 0.4206730769230769 0.02403846153846154 0.026442307692307696
0 0.2716346153846154 0.5889423076923077 0.03365384615384616 0.038461538461538464
0 0.3185096153846154 0.625 0.03605769230769231 0.040865384615384616
0 0.3852163461538462 0.6700721153846154 0.08774038461538462 0.09975961538461539
0 0.4242788461538462 0.7241586538461539 0.08653846153846154 0.09014423076923077
0 0.0078125 0.16887019230769232 0.015625 0.03245192307692308
0 0.0390625 0.17668269230769232 0.046875 0.04326923076923077
0 0.07692307692307693 0.19771634615384617 0.04567307692307693 0.046875
0 0.033052884615384616 0.40324519230769235 0.06610576923076923 0.07572115384615385
0 0.06971153846153846 0.4326923076923077 0.028846153846153848 0.03605769230769231
