0 0.9603365384615385 0.15024038461538464 0.07932692307692309 0.021634615384615384
0 0.9429086538461539 0.1875 0.11418269230769232 0.021634615384615384
0 0.928485576923077 0.22055288461538464 0.14302884615384617 0.022836538461538464
0 0.9080528846153847 0.25240384615384615 0.18389423076923078 0.026442307692307696
0 0.8918269230769231 0.2872596153846154 0.21634615384615385 0.02403846153846154
0 0.8713942307692308 0.31790865384615385 0.2572115384615385 0.022836538461538464
0 0.984375 0.4254807692307693 0.03125 0.028846153846153848
0 0.9705528846153847 0.4513221153846154 0.058894230769230775 0.030048076923076924
0 0.9591346153846154 0.4753605769230769 0.08173076923076923 0.022836538461538464
0 0.8521634615384616 0.3479567307692308 0.2956730769230769 0.018028846153846156
0 0.828125 0.38461538461538464 0.31009615384615385 0.02403846153846154
0 0.7944711538461539 0.4176682692307693 0.2956730769230769 0.02764423076923077
0 0.764423076923077 0.45012019230769235 0.3028846153846154 0.022836538461538464
0 0.7289663461538461 0.4801682692307693 0.30649038461538464 0.022836538461538464
0 0.6947115384615385 0.5132211538461539 0.3028846153846154 0.02403846153846154
0 0.6616586538461539 0.5444711538461539 0.30168269230769235 0.026442307692307696
0 0.6274038461538461 0.5805288461538461 0.3028846153846154 0.02403846153846154
0 0.9609375 0.5030048076923077 0.078125 0.022836538461538464
0 0.9302884615384616 0.5264423076923077 0.13942307692307693 0.026442307692307696
0 0.9200721153846154 0.5516826923076923 0.15985576923076925 0.02403846153846154
0 0.9014423076923077 0.5751201923076923 0.19711538461538464 0.02764423076923077
0 0.8870192307692308 0.6015625 0.22596153846153846 0.02764423076923077
0 0.881610576923077 0.6256009615384616 0.23677884615384617 0.02764423076923077
0 0.8605769230769231 0.6508413461538461 0.27884615384615385 0.02764423076923077
0 0.8515625 0.6742788461538461 0.296875 0.026442307692307696
0 0.8413461538461539 0.6995192307692308 0.31730769230769235 0.026442307692307696
0 0.8161057692307693 0.7265625 0.3293269230769231 0.02764423076923077
0 0.7920673076923077 0.75 0.3197115384615385 0.03365384615384616
0 0.7590144230769231 0.7758413461538461 0.3137019230769231 0.030048076923076924
0 0.7361778846153847 0.7998798076923077 0.32572115384615385 0.03245192307692308
0 0.7127403846153847 0.8275240384615385 0.3293269230769231 0.030048076923076924
0 0.6790865384615385 0.850360576923077 0.3245192307692308 0.025240384615384616
0 0.6568509615384616 0.8756009615384616 0.33052884615384615 0.030048076923076924
0 0.6328125 0.9014423076923077 0.33052884615384615 0.026442307692307696
0 0.5991586538461539 0.9254807692307693 0.328125 0.026442307692307696
0 0.5829326923076923 0.9525240384615385 0.32211538461538464 0.02764423076923077
0 0.5637019230769231 0.9729567307692308 0.31490384615384615 0.025240384615384616
0 0.5450721153846154 0.9921875 0.2848557692307693 0.015625
0 0.5919471153846154 0.6105769230769231 0.296875 0.02403846153846154
0 0.5546875 0.6448317307692308 0.29927884615384615 0.025240384615384616
0 0.5246394230769231 0.6772836538461539 0.3137019230769231 0.025240384615384616
0 0.4873798076923077 0.7103365384615385 0.3040865384615385 0.02403846153846154
0 0.45853365384615385 0.7427884615384616 0.3040865384615385 0.026442307692307696
0 0.421875 0.7764423076923077 0.3028846153846154 0.026442307692307696
0 0.39543269230769235 0.811298076923077 0.3004807692307693 0.02403846153846154
0 0.37560096153846156 0.842548076923077 0.2608173076923077 0.02403846153846154
0 0.3683894230769231 0.8731971153846154 0.20552884615384617 0.02764423076923077
0 0.3695913461538462 0.9068509615384616 0.140625 0.020432692307692308
0 0.3701923076923077 0.9399038461538463 0.07692307692307693 0.021634615384615384
