0 0.12980769230769232 0.5174278846153847 0.040865384615384616 0.03485576923076923
0 0.14783653846153846 0.31490384615384615 0.13461538461538464 0.11538461538461539
0 0.3353365384615385 0.38762019230769235 0.026442307692307696 0.03485576923076923
0 0.506610576923077 0.4122596153846154 0.08533653846153846 0.10096153846153846
0 0.6953125 0.41466346153846156 0.042067307692307696 0.040865384615384616
0 0.9891826923076924 0.16466346153846154 0.021634615384615384 0.11298076923076923
0 0.2560096153846154 0.7247596153846154 0.06730769230769232 0.06490384615384616
0 0.21514423076923078 0.6875 0.06730769230769232 0.06490384615384616
0 0.13341346153846154 0.6947115384615385 0.06490384615384616 0.08173076923076923
0 0.09074519230769232 0.8786057692307693 0.042067307692307696 0.03605769230769231
