0 0.2890625 0.31430288461538464 0.058894230769230775 0.03966346153846154
0 0.22295673076923078 0.32512019230769235 0.04927884615384616 0.06129807692307693
0 0.2794471153846154 0.22235576923076925 0.020432692307692308 0.04807692307692308
0 0.3263221153846154 0.5330528846153847 0.046875 0.056490384615384616
0 0.44230769230769235 0.49399038461538464 0.05528846153846154 0.04807692307692308
0 0.7572115384615385 0.0078125 0.03605769230769231 0.015625
0 0.8731971153846154 0.027043269230769232 0.042067307692307696 0.054086538461538464
0 0.890625 0.5240384615384616 0.11057692307692309 0.038461538461538464
0 0.9591346153846154 0.6983173076923077 0.05048076923076923 0.038461538461538464
0 0.8371394230769231 0.6868990384615385 0.078125 0.06850961538461539
0 0.8683894230769231 0.7602163461538461 0.0733173076923077 0.078125
0 0.48197115384615385 0.6322115384615385 0.038461538461538464 0.019230769230769232
0 0.3707932692307693 0.48497596153846156 0.03485576923076923 0.018028846153846156
