0 0.4555288461538462 0.5853365384615385 0.15625 0.13701923076923078
0 0.3509615384615385 0.6262019230769231 0.10336538461538462 0.10817307692307693
0 0.4963942307692308 0.6688701923076923 0.1514423076923077 0.1310096153846154
0 0.5282451923076923 0.7632211538461539 0.11899038461538462 0.12980769230769232
0 0.6057692307692308 0.7680288461538461 0.11057692307692309 0.11298076923076923
0 0.6364182692307693 0.8377403846153847 0.11658653846153846 0.10576923076923078
0 0.39543269230769235 0.717548076923077 0.09855769230769232 0.1201923076923077
0 0.4338942307692308 0.8076923076923077 0.09134615384615385 0.11298076923076923
0 0.5516826923076923 0.8599759615384616 0.11057692307692309 0.11418269230769232
0 0.5805288461538461 0.9356971153846154 0.09855769230769232 0.10216346153846155
0 0.6195913461538461 0.9825721153846154 0.09495192307692309 0.03485576923076923
0 0.30709134615384615 0.7199519230769231 0.109375 0.12980769230769232
0 0.24879807692307693 0.748798076923077 0.07932692307692309 0.12259615384615385
0 0.28305288461538464 0.8623798076923077 0.09735576923076923 0.13341346153846154
0 0.3617788461538462 0.8311298076923077 0.10096153846153846 0.1310096153846154
0 0.47836538461538464 0.8918269230769231 0.09855769230769232 0.10576923076923078
0 0.40024038461538464 0.9254807692307693 0.09375 0.10336538461538462
0 0.506610576923077 0.9591346153846154 0.08533653846153846 0.08173076923076923
0 0.43449519230769235 0.9759615384615385 0.08533653846153846 0.04807692307692308
0 0.32572115384615385 0.9513221153846154 0.09134615384615385 0.09735576923076923
0 0.20492788461538464 0.8689903846153847 0.09735576923076923 0.08653846153846154
0 0.22055288461538464 0.9200721153846154 0.08774038461538462 0.08293269230769232
0 0.12920673076923078 0.8978365384615385 0.08774038461538462 0.08173076923076923
0 0.15324519230769232 0.9579326923076924 0.09014423076923077 0.08173076923076923
0 0.25180288461538464 0.9681490384615385 0.09975961538461539 0.06370192307692309
0 0.17728365384615385 0.983173076923077 0.09495192307692309 0.03365384615384616
