0 0.11057692307692309 0.5625 0.10336538461538462 0.11298076923076923
0 0.2013221153846154 0.5348557692307693 0.07091346153846154 0.08653846153846154
0 0.2644230769230769 0.7920673076923077 0.05288461538461539 0.04807692307692308
0 0.5889423076923077 0.15805288461538464 0.125 0.10216346153846155
0 0.662860576923077 0.10096153846153846 0.09735576923076923 0.11778846153846155
0 0.6057692307692308 0.2355769230769231 0.12740384615384617 0.10336538461538462
1 0.6748798076923077 0.19110576923076925 0.058894230769230775 0.05048076923076923
0 0.7608173076923077 0.28185096153846156 0.03125 0.042067307692307696
0 0.6424278846153847 0.2872596153846154 0.15264423076923078 0.12980769230769232
0 0.6658653846153847 0.3774038461538462 0.19951923076923078 0.21634615384615385
0 0.5823317307692308 0.39903846153846156 0.06610576923076923 0.06490384615384616
0 0.8076923076923077 0.3509615384615385 0.09134615384615385 0.12259615384615385
1 0.7662259615384616 0.43149038461538464 0.11658653846153846 0.11057692307692309
0 0.8996394230769231 0.7235576923076924 0.20072115384615385 0.21875
0 0.850360576923077 0.9915865384615385 0.09014423076923077 0.01682692307692308
