0 0.41947115384615385 0.004807692307692308 0.2716346153846154 0.009615384615384616
0 0.39543269230769235 0.029447115384615388 0.3125 0.030048076923076924
0 0.36117788461538464 0.061899038461538464 0.29447115384615385 0.022836538461538464
0 0.3233173076923077 0.09435096153846155 0.2956730769230769 0.022836538461538464
0 0.3058894230769231 0.12740384615384617 0.27043269230769235 0.021634615384615384
0 0.3028846153846154 0.16045673076923078 0.20192307692307693 0.022836538461538464
0 0.30228365384615385 0.19290865384615385 0.13341346153846154 0.020432692307692308
0 0.30228365384615385 0.22716346153846156 0.07091346153846154 0.02403846153846154
0 0.584735576923077 0.05228365384615385 0.058894230769230775 0.020432692307692308
0 0.5757211538461539 0.07752403846153846 0.10576923076923078 0.020432692307692308
0 0.5763221153846154 0.10516826923076923 0.1622596153846154 0.022836538461538464
0 0.5859375 0.13161057692307693 0.21274038461538464 0.022836538461538464
0 0.5715144230769231 0.15625 0.24158653846153846 0.026442307692307696
0 0.5715144230769231 0.17848557692307693 0.30649038461538464 0.02764423076923077
0 0.5606971153846154 0.20552884615384617 0.32091346153846156 0.026442307692307696
0 0.53125 0.22896634615384617 0.3125 0.022836538461538464
0 0.5168269230769231 0.2578125 0.2980769230769231 0.02764423076923077
0 0.5018028846153847 0.28185096153846156 0.2848557692307693 0.02764423076923077
0 0.4873798076923077 0.3034855769230769 0.24639423076923078 0.025240384615384616
0 0.49338942307692313 0.33293269230769235 0.1935096153846154 0.021634615384615384
0 0.48918269230769235 0.35637019230769235 0.16105769230769232 0.018028846153846156
0 0.4885817307692308 0.38341346153846156 0.08533653846153846 0.019230769230769232
0 0.13942307692307693 0.16346153846153846 0.07932692307692309 0.021634615384615384
0 0.1388221153846154 0.20072115384615385 0.14783653846153846 0.021634615384615384
0 0.14122596153846154 0.23377403846153846 0.21033653846153846 0.022836538461538464
0 0.13942307692307693 0.265625 0.27884615384615385 0.026442307692307696
0 0.12620192307692307 0.3004807692307693 0.25240384615384615 0.02403846153846154
0 0.11117788461538462 0.3311298076923077 0.22235576923076925 0.022836538461538464
0 0.29747596153846156 0.33353365384615385 0.10216346153846155 0.022836538461538464
0 0.2926682692307693 0.3659855769230769 0.1358173076923077 0.022836538461538464
0 0.296875 0.38822115384615385 0.19230769230769232 0.021634615384615384
0 0.2962740384615385 0.4122596153846154 0.2247596153846154 0.026442307692307696
0 0.2920673076923077 0.43870192307692313 0.2884615384615385 0.028846153846153848
0 0.2800480769230769 0.4645432692307693 0.3197115384615385 0.030048076923076924
0 0.2578125 0.4885817307692308 0.32091346153846156 0.022836538461538464
0 0.09375 0.36117788461538464 0.1875 0.018028846153846156
0 0.0811298076923077 0.3978365384615385 0.1622596153846154 0.02403846153846154
0 0.06069711538461539 0.43088942307692313 0.12139423076923078 0.02764423076923077
0 0.04747596153846154 0.4633413461538462 0.09495192307692309 0.022836538461538464
0 0.030649038461538464 0.49338942307692313 0.06129807692307693 0.022836538461538464
0 0.25180288461538464 0.5162259615384616 0.30168269230769235 0.022836538461538464
0 0.2043269230769231 0.5396634615384616 0.3293269230769231 0.026442307692307696
0 0.18028846153846154 0.5649038461538461 0.32211538461538464 0.02403846153846154
0 0.15865384615384617 0.5883413461538461 0.31730769230769235 0.02764423076923077
0 0.14723557692307693 0.6147836538461539 0.29447115384615385 0.02764423076923077
0 0.9945913461538463 0.8443509615384616 0.010817307692307692 0.08774038461538462
0 0.5643028846153847 0.6490384615384616 0.20552884615384617 0.21634615384615385
0 0.5450721153846154 0.6640625 0.203125 0.21274038461538464
0 0.5294471153846154 0.6808894230769231 0.20072115384615385 0.21274038461538464
0 0.5120192307692308 0.6965144230769231 0.21153846153846156 0.21033653846153846
0 0.49699519230769235 0.7157451923076924 0.21274038461538464 0.21514423076923078
0 0.3467548076923077 0.96875 0.6430288461538461 0.0625
0 0.1280048076923077 0.6388221153846154 0.2560096153846154 0.02764423076923077
0 0.11778846153846155 0.6640625 0.2355769230769231 0.02764423076923077
0 0.10697115384615385 0.6875 0.2139423076923077 0.026442307692307696
0 0.08954326923076923 0.7127403846153847 0.17908653846153846 0.026442307692307696
0 0.07992788461538462 0.7397836538461539 0.15985576923076925 0.02764423076923077
0 0.0655048076923077 0.7632211538461539 0.1310096153846154 0.03365384615384616
0 0.04747596153846154 0.7890625 0.09495192307692309 0.030048076923076924
0 0.0390625 0.8131009615384616 0.078125 0.03245192307692308
0 0.028245192307692308 0.8407451923076924 0.056490384615384616 0.030048076923076924
