0 0.029447115384615388 0.018028846153846156 0.058894230769230775 0.03605769230769231
0 0.07391826923076923 0.040865384615384616 0.06370192307692309 0.06009615384615385
0 0.12199519230769232 0.07512019230769232 0.06610576923076923 0.056490384615384616
0 0.04927884615384616 0.08233173076923077 0.06009615384615385 0.04927884615384616
0 0.08954326923076923 0.11478365384615385 0.042067307692307696 0.037259615384615384
0 0.004807692307692308 0.11057692307692309 0.009615384615384616 0.038461538461538464
0 0.033052884615384616 0.14002403846153846 0.05168269230769231 0.05168269230769231
0 0.014423076923076924 0.17307692307692307 0.028846153846153848 0.04326923076923077
0 0.37980769230769235 0.31009615384615385 0.05288461538461539 0.05048076923076923
0 0.3473557692307693 0.3509615384615385 0.05288461538461539 0.05288461538461539
0 0.3275240384615385 0.37560096153846156 0.042067307692307696 0.03966346153846154
0 0.31310096153846156 0.4411057692307693 0.0733173076923077 0.06009615384615385
0 0.28365384615384615 0.4789663461538462 0.05528846153846154 0.06370192307692309
0 0.33774038461538464 0.5228365384615384 0.08653846153846154 0.07692307692307693
0 0.3858173076923077 0.5042067307692308 0.06490384615384616 0.05168269230769231
0 0.45372596153846156 0.3233173076923077 0.07091346153846154 0.06490384615384616
0 0.5 0.36478365384615385 0.040865384615384616 0.037259615384615384
0 0.4807692307692308 0.3900240384615385 0.05048076923076923 0.04927884615384616
0 0.4296875 0.3557692307692308 0.08293269230769232 0.07451923076923077
0 0.40384615384615385 0.3930288461538462 0.08173076923076923 0.06730769230769232
0 0.3780048076923077 0.41947115384615385 0.06850961538461539 0.06009615384615385
0 0.46213942307692313 0.4368990384615385 0.0733173076923077 0.06850961538461539
0 0.4405048076923077 0.4681490384615385 0.06850961538461539 0.054086538461538464
0 0.5228365384615384 0.4837740384615385 0.07451923076923077 0.07091346153846154
0 0.4963942307692308 0.5126201923076923 0.06971153846153846 0.06129807692307693
0 0.592548076923077 0.43449519230769235 0.03365384615384616 0.03485576923076923
0 0.6135817307692308 0.49759615384615385 0.0733173076923077 0.07451923076923077
0 0.6376201923076923 0.46995192307692313 0.06850961538461539 0.05528846153846154
0 0.6838942307692308 0.5042067307692308 0.040865384615384616 0.03966346153846154
0 0.6622596153846154 0.5342548076923077 0.05528846153846154 0.05168269230769231
0 0.6304086538461539 0.5667067307692308 0.054086538461538464 0.046875
0 0.5835336538461539 0.5366586538461539 0.0733173076923077 0.06850961538461539
0 0.609375 0.6009615384615385 0.04807692307692308 0.038461538461538464
0 0.5576923076923077 0.5631009615384616 0.07211538461538462 0.06129807692307693
0 0.592548076923077 0.6598557692307693 0.04567307692307693 0.05048076923076923
0 0.5492788461538461 0.7055288461538461 0.05288461538461539 0.06490384615384616
0 0.1670673076923077 0.8016826923076924 0.028846153846153848 0.026442307692307696
