0 0.7355769230769231 0.2848557692307693 0.15625 0.13701923076923078
0 0.6310096153846154 0.32572115384615385 0.10336538461538462 0.10817307692307693
0 0.7764423076923077 0.3683894230769231 0.1514423076923077 0.1310096153846154
0 0.8082932692307693 0.46274038461538464 0.11899038461538462 0.12980769230769232
0 0.8858173076923077 0.4675480769230769 0.11057692307692309 0.11298076923076923
0 0.9164663461538463 0.5372596153846154 0.11658653846153846 0.10576923076923078
0 0.6754807692307693 0.4170673076923077 0.09855769230769232 0.1201923076923077
0 0.7139423076923077 0.5072115384615384 0.09134615384615385 0.11298076923076923
0 0.8317307692307693 0.5594951923076923 0.11057692307692309 0.11418269230769232
0 0.8605769230769231 0.6352163461538461 0.09855769230769232 0.10216346153846155
0 0.8996394230769231 0.7133413461538461 0.09495192307692309 0.09735576923076923
0 0.5871394230769231 0.41947115384615385 0.109375 0.12980769230769232
0 0.5288461538461539 0.4483173076923077 0.07932692307692309 0.12259615384615385
0 0.5631009615384616 0.5618990384615385 0.09735576923076923 0.13341346153846154
0 0.6418269230769231 0.5306490384615384 0.10096153846153846 0.1310096153846154
0 0.7584134615384616 0.5913461538461539 0.09855769230769232 0.10576923076923078
0 0.6802884615384616 0.625 0.09375 0.10336538461538462
0 0.7866586538461539 0.6712740384615385 0.08533653846153846 0.10697115384615385
0 0.7145432692307693 0.6947115384615385 0.08533653846153846 0.08653846153846154
0 0.6057692307692308 0.6556490384615385 0.09134615384615385 0.10697115384615385
0 0.48497596153846156 0.5685096153846154 0.09735576923076923 0.08653846153846154
0 0.5006009615384616 0.6195913461538461 0.08774038461538462 0.08293269230769232
0 0.4092548076923077 0.5973557692307693 0.08774038461538462 0.08173076923076923
0 0.4332932692307693 0.6574519230769231 0.09014423076923077 0.08173076923076923
0 0.5318509615384616 0.6911057692307693 0.09975961538461539 0.11057692307692309
0 0.4573317307692308 0.7193509615384616 0.09495192307692309 0.10697115384615385
0 0.6364182692307693 0.7397836538461539 0.08533653846153846 0.08293269230769232
0 0.3810096153846154 0.7493990384615385 0.10096153846153846 0.1045673076923077
0 0.8161057692307693 0.7463942307692308 0.08413461538461539 0.09615384615384616
0 0.9320913461538463 0.787860576923077 0.1045673076923077 0.11418269230769232
0 0.8557692307692308 0.8239182692307693 0.09855769230769232 0.09975961538461539
0 0.7475961538461539 0.7770432692307693 0.08653846153846154 0.09495192307692309
0 0.7794471153846154 0.8521634615384616 0.10216346153846155 0.10817307692307693
0 0.8106971153846154 0.9344951923076924 0.09254807692307693 0.09254807692307693
0 0.7439903846153847 0.9585336538461539 0.09615384615384616 0.08293269230769232
0 0.6736778846153847 0.8094951923076924 0.09735576923076923 0.09014423076923077
0 0.7061298076923077 0.8810096153846154 0.09495192307692309 0.10336538461538462
0 0.5637019230769231 0.765625 0.09134615384615385 0.09134615384615385
0 0.6015625 0.8377403846153847 0.08533653846153846 0.09134615384615385
0 0.6352163461538461 0.9164663461538463 0.09735576923076923 0.10697115384615385
0 0.4921875 0.7962740384615385 0.09014423076923077 0.09975961538461539
0 0.5204326923076923 0.8731971153846154 0.08173076923076923 0.09735576923076923
0 0.5606971153846154 0.9501201923076924 0.10216346153846155 0.09975961538461539
0 0.4212740384615385 0.8311298076923077 0.08293269230769232 0.09975961538461539
0 0.3040865384615385 0.7842548076923077 0.09855769230769232 0.11418269230769232
0 0.3395432692307693 0.8617788461538463 0.09254807692307693 0.09855769230769232
0 0.45372596153846156 0.9068509615384616 0.08293269230769232 0.09495192307692309
0 0.48137019230769235 0.9651442307692308 0.10216346153846155 0.06971153846153846
0 0.4098557692307693 0.9789663461538463 0.10336538461538462 0.042067307692307696
0 0.3780048076923077 0.9417067307692308 0.1045673076923077 0.10697115384615385
