0 0.9423076923076924 0.028846153846153848 0.11538461538461539 0.057692307692307696
0 0.9663461538461539 0.08653846153846154 0.06730769230769232 0.12980769230769232
0 0.859375 0.05048076923076923 0.09855769230769232 0.10096153846153846
0 0.8978365384615385 0.1310096153846154 0.09134615384615385 0.11298076923076923
0 0.9801682692307693 0.18329326923076925 0.03966346153846154 0.11418269230769232
0 0.7710336538461539 0.054086538461538464 0.109375 0.10817307692307693
0 0.7127403846153847 0.07211538461538462 0.07932692307692309 0.12259615384615385
0 0.7469951923076924 0.1856971153846154 0.09735576923076923 0.13341346153846154
0 0.8257211538461539 0.1544471153846154 0.10096153846153846 0.1310096153846154
0 0.9423076923076924 0.21514423076923078 0.09855769230769232 0.10576923076923078
0 0.8641826923076924 0.24879807692307693 0.09375 0.10336538461538462
0 0.9639423076923077 0.2950721153846154 0.07211538461538462 0.10697115384615385
0 0.8984375 0.3185096153846154 0.08533653846153846 0.08653846153846154
0 0.7896634615384616 0.2794471153846154 0.09134615384615385 0.10697115384615385
0 0.6688701923076923 0.19230769230769232 0.09735576923076923 0.08653846153846154
0 0.6844951923076923 0.2433894230769231 0.08774038461538462 0.08293269230769232
0 0.5931490384615385 0.22115384615384617 0.08774038461538462 0.08173076923076923
0 0.6171875 0.28125 0.09014423076923077 0.08173076923076923
0 0.7157451923076924 0.31490384615384615 0.09975961538461539 0.11057692307692309
0 0.6412259615384616 0.3431490384615385 0.09495192307692309 0.10697115384615385
0 0.8203125 0.3635817307692308 0.08533653846153846 0.08293269230769232
0 0.5649038461538461 0.3731971153846154 0.10096153846153846 0.1045673076923077
0 0.9789663461538463 0.3701923076923077 0.042067307692307696 0.09615384615384616
0 0.9951923076923077 0.4477163461538462 0.009615384615384616 0.09975961538461539
0 0.9314903846153847 0.4008413461538462 0.08653846153846154 0.09495192307692309
0 0.9561298076923077 0.4759615384615385 0.08774038461538462 0.10817307692307693
0 0.9741586538461539 0.5582932692307693 0.05168269230769231 0.09254807692307693
0 0.9278846153846154 0.5883413461538461 0.09615384615384616 0.09495192307692309
0 0.8575721153846154 0.4332932692307693 0.09735576923076923 0.09014423076923077
0 0.8900240384615385 0.5048076923076923 0.09495192307692309 0.10336538461538462
0 0.7475961538461539 0.3894230769230769 0.09134615384615385 0.09134615384615385
0 0.7854567307692308 0.46153846153846156 0.08533653846153846 0.09134615384615385
0 0.819110576923077 0.5402644230769231 0.09735576923076923 0.10697115384615385
0 0.6760817307692308 0.4200721153846154 0.09014423076923077 0.09975961538461539
0 0.7043269230769231 0.49699519230769235 0.08173076923076923 0.09735576923076923
0 0.7445913461538461 0.5763221153846154 0.10216346153846155 0.1045673076923077
0 0.6051682692307693 0.45492788461538464 0.08293269230769232 0.09975961538461539
0 0.4879807692307693 0.40805288461538464 0.09855769230769232 0.11418269230769232
0 0.5234375 0.48557692307692313 0.09254807692307693 0.09855769230769232
0 0.6376201923076923 0.5306490384615384 0.08293269230769232 0.09495192307692309
0 0.6652644230769231 0.6087740384615385 0.10216346153846155 0.109375
0 0.59375 0.640625 0.10336538461538462 0.11778846153846155
0 0.5618990384615385 0.5655048076923077 0.1045673076923077 0.10697115384615385
0 0.6826923076923077 0.7632211538461539 0.09855769230769232 0.13461538461538464
0 0.6352163461538461 0.7842548076923077 0.09735576923076923 0.1358173076923077
