0 0.8882211538461539 0.022836538461538464 0.028846153846153848 0.03365384615384616
0 0.7614182692307693 0.3275240384615385 0.08774038461538462 0.08293269230769232
0 0.6586538461538461 0.2878605769230769 0.11778846153846155 0.109375
0 0.6015625 0.4753605769230769 0.03966346153846154 0.03245192307692308
0 0.5108173076923077 0.43088942307692313 0.038461538461538464 0.030048076923076924
0 0.5372596153846154 0.4831730769230769 0.038461538461538464 0.03125
0 0.48557692307692313 0.5072115384615384 0.03605769230769231 0.03605769230769231
0 0.4747596153846154 0.49338942307692313 0.03605769230769231 0.030048076923076924
0 0.4645432692307693 0.47415865384615385 0.03245192307692308 0.030048076923076924
0 0.45372596153846156 0.45853365384615385 0.03485576923076923 0.030048076923076924
0 0.5036057692307693 0.4993990384615385 0.057692307692307696 0.09495192307692309
0 0.4441105769230769 0.4375 0.037259615384615384 0.03605769230769231
0 0.2692307692307693 0.14302884615384617 0.06730769230769232 0.04807692307692308
0 0.29387019230769235 0.20552884615384617 0.06850961538461539 0.05528846153846154
2 0.4368990384615385 0.7854567307692308 0.056490384615384616 0.11658653846153846
0 0.3046875 0.7259615384615385 0.06129807692307693 0.040865384615384616
