0 0.021634615384615384 0.27884615384615385 0.04326923076923077 0.057692307692307696
0 0.26021634615384615 0.18689903846153846 0.05168269230769231 0.03966346153846154
0 0.2698317307692308 0.2199519230769231 0.04447115384615385 0.03605769230769231
0 0.2848557692307693 0.24459134615384617 0.04567307692307693 0.030048076923076924
0 0.29927884615384615 0.2722355769230769 0.04326923076923077 0.03245192307692308
0 0.30949519230769235 0.29867788461538464 0.046875 0.025240384615384616
0 0.3233173076923077 0.3263221153846154 0.04567307692307693 0.030048076923076924
0 0.3353365384615385 0.3539663461538462 0.04326923076923077 0.03245192307692308
0 0.3731971153846154 0.5703125 0.09254807692307693 0.1358173076923077
0 0.46875 0.5558894230769231 0.09615384615384616 0.09254807692307693
0 0.5270432692307693 0.7854567307692308 0.05168269230769231 0.04447115384615385
0 0.9507211538461539 0.01201923076923077 0.09855769230769232 0.02403846153846154
0 0.7235576923076924 0.34855769230769235 0.08173076923076923 0.10817307692307693
0 0.7710336538461539 0.4609375 0.08293269230769232 0.11177884615384616
0 0.6430288461538461 0.44591346153846156 0.1466346153846154 0.23798076923076925
0 0.6977163461538461 0.5967548076923077 0.06850961538461539 0.08533653846153846
0 0.7277644230769231 0.6646634615384616 0.06610576923076923 0.08653846153846154
0 0.7367788461538461 0.5799278846153847 0.06490384615384616 0.08774038461538462
0 0.7620192307692308 0.6466346153846154 0.06971153846153846 0.0889423076923077
