0 0.9867788461538463 0.7572115384615385 0.026442307692307696 0.04326923076923077
0 0.9669471153846154 0.3743990384615385 0.03966346153846154 0.018028846153846156
0 0.6466346153846154 0.7457932692307693 0.03605769230769231 0.015625
0 0.7758413461538461 0.38341346153846156 0.037259615384615384 0.057692307692307696
0 0.709735576923077 0.3743990384615385 0.042067307692307696 0.05168269230769231
0 0.546875 0.28966346153846156 0.05288461538461539 0.04807692307692308
0 0.530048076923077 0.3551682692307693 0.04807692307692308 0.06850961538461539
0 0.5330528846153847 0.4122596153846154 0.037259615384615384 0.057692307692307696
0 0.514423076923077 0.561298076923077 0.03125 0.019230769230769232
0 0.4441105769230769 0.5510817307692308 0.07572115384615385 0.03966346153846154
