0 0.2764423076923077 0.31790865384615385 0.03605769230769231 0.025240384615384616
0 0.2926682692307693 0.3371394230769231 0.054086538461538464 0.030048076923076924
0 0.3118990384615385 0.35336538461538464 0.09014423076923077 0.03365384615384616
0 0.3245192307692308 0.37199519230769235 0.11057692307692309 0.03966346153846154
0 0.3293269230769231 0.3918269230769231 0.10817307692307693 0.03605769230769231
0 0.3323317307692308 0.4104567307692308 0.11177884615384616 0.037259615384615384
0 0.33353365384615385 0.4284855769230769 0.11177884615384616 0.03245192307692308
0 0.33653846153846156 0.4483173076923077 0.10817307692307693 0.03605769230769231
0 0.3431490384615385 0.4675480769230769 0.11418269230769232 0.03605769230769231
0 0.3449519230769231 0.48557692307692313 0.10817307692307693 0.03605769230769231
0 0.34615384615384615 0.5036057692307693 0.10576923076923078 0.03605769230769231
0 0.3497596153846154 0.5240384615384616 0.11298076923076923 0.03605769230769231
0 0.3545673076923077 0.5444711538461539 0.11057692307692309 0.03365384615384616
0 0.36117788461538464 0.5883413461538461 0.11177884615384616 0.03245192307692308
0 0.36778846153846156 0.6298076923076923 0.10576923076923078 0.03605769230769231
0 0.3605769230769231 0.6724759615384616 0.06971153846153846 0.03245192307692308
0 0.967548076923077 0.8786057692307693 0.040865384615384616 0.040865384615384616
0 0.9356971153846154 0.9122596153846154 0.025240384615384616 0.026442307692307696
