0 0.5697115384615385 0.11478365384615385 0.03605769230769231 0.025240384615384616
0 0.5859375 0.13401442307692307 0.054086538461538464 0.030048076923076924
0 0.6051682692307693 0.15024038461538464 0.09014423076923077 0.03365384615384616
0 0.6177884615384616 0.16887019230769232 0.11057692307692309 0.03966346153846154
0 0.6225961538461539 0.1887019230769231 0.10817307692307693 0.03605769230769231
0 0.6256009615384616 0.20733173076923078 0.11177884615384616 0.037259615384615384
0 0.6268028846153847 0.22536057692307693 0.11177884615384616 0.03245192307692308
0 0.6298076923076923 0.2451923076923077 0.10817307692307693 0.03605769230769231
0 0.6364182692307693 0.2644230769230769 0.11418269230769232 0.03605769230769231
0 0.6382211538461539 0.2824519230769231 0.10817307692307693 0.03605769230769231
0 0.639423076923077 0.3004807692307693 0.10576923076923078 0.03605769230769231
0 0.6430288461538461 0.32091346153846156 0.11298076923076923 0.03605769230769231
0 0.6478365384615385 0.34134615384615385 0.11057692307692309 0.03365384615384616
0 0.6544471153846154 0.3852163461538462 0.11177884615384616 0.03245192307692308
0 0.6610576923076923 0.42668269230769235 0.10576923076923078 0.03605769230769231
0 0.6538461538461539 0.46935096153846156 0.06971153846153846 0.03245192307692308
0 0.9867788461538463 0.8912259615384616 0.026442307692307696 0.1935096153846154
