0 0.7578125 0.22896634615384617 0.1358173076923077 0.054086538461538464
0 0.3864182692307693 0.3401442307692308 0.11899038461538462 0.06009615384615385
0 0.1640625 0.05348557692307693 0.02764423076923077 0.015625
0 0.011418269230769232 0.9405048076923077 0.022836538461538464 0.056490384615384616
0 0.03245192307692308 0.984375 0.06490384615384616 0.03125
0 0.1171875 0.7848557692307693 0.11658653846153846 0.06490384615384616
0 0.7421875 0.5799278846153847 0.08293269230769232 0.05168269230769231
0 0.7986778846153847 0.5811298076923077 0.018028846153846156 0.02764423076923077
0 0.6454326923076923 0.9326923076923077 0.07211538461538462 0.0625
0 0.7217548076923077 0.9807692307692308 0.03245192307692308 0.038461538461538464
0 0.3731971153846154 0.8864182692307693 0.058894230769230775 0.04447115384615385
