0 0.040865384615384616 0.021634615384615384 0.04807692307692308 0.04326923076923077
0 0.29867788461538464 0.014423076923076924 0.06610576923076923 0.028846153846153848
0 0.22596153846153846 0.01622596153846154 0.06009615384615385 0.03245192307692308
0 0.26622596153846156 0.04026442307692308 0.042067307692307696 0.037259615384615384
0 0.16766826923076925 0.03605769230769231 0.037259615384615384 0.038461538461538464
0 0.14302884615384617 0.0655048076923077 0.04326923076923077 0.042067307692307696
0 0.20973557692307693 0.0655048076923077 0.05168269230769231 0.05168269230769231
0 0.1796875 0.09855769230769232 0.05168269230769231 0.04326923076923077
0 0.5564903846153847 0.2355769230769231 0.05288461538461539 0.05048076923076923
0 0.5240384615384616 0.2764423076923077 0.05288461538461539 0.05288461538461539
0 0.5042067307692308 0.3010817307692308 0.042067307692307696 0.03966346153846154
0 0.48978365384615385 0.3665865384615385 0.0733173076923077 0.06009615384615385
0 0.4603365384615385 0.4044471153846154 0.05528846153846154 0.06370192307692309
0 0.514423076923077 0.4483173076923077 0.08653846153846154 0.07692307692307693
0 0.5625 0.4296875 0.06490384615384616 0.05168269230769231
0 0.6304086538461539 0.24879807692307693 0.07091346153846154 0.06490384615384616
0 0.6766826923076923 0.2902644230769231 0.040865384615384616 0.037259615384615384
0 0.6574519230769231 0.3155048076923077 0.05048076923076923 0.04927884615384616
0 0.6063701923076923 0.28125 0.08293269230769232 0.07451923076923077
0 0.5805288461538461 0.3185096153846154 0.08173076923076923 0.06730769230769232
0 0.5546875 0.3449519230769231 0.06850961538461539 0.06009615384615385
0 0.6388221153846154 0.3623798076923077 0.0733173076923077 0.06850961538461539
0 0.6171875 0.3936298076923077 0.06850961538461539 0.054086538461538464
0 0.6995192307692308 0.4092548076923077 0.07451923076923077 0.07091346153846154
0 0.6730769230769231 0.43810096153846156 0.06971153846153846 0.06129807692307693
0 0.7692307692307693 0.35997596153846156 0.03365384615384616 0.03485576923076923
0 0.7902644230769231 0.42307692307692313 0.0733173076923077 0.07451923076923077
0 0.8143028846153847 0.39543269230769235 0.06850961538461539 0.05528846153846154
0 0.8605769230769231 0.4296875 0.040865384615384616 0.03966346153846154
0 0.8389423076923077 0.4597355769230769 0.05528846153846154 0.05168269230769231
0 0.8070913461538461 0.4921875 0.054086538461538464 0.046875
0 0.7602163461538461 0.46213942307692313 0.0733173076923077 0.06850961538461539
0 0.7860576923076924 0.5264423076923077 0.04807692307692308 0.038461538461538464
0 0.734375 0.4885817307692308 0.07211538461538462 0.06129807692307693
0 0.7692307692307693 0.5853365384615385 0.04567307692307693 0.05048076923076923
0 0.7259615384615385 0.6310096153846154 0.05288461538461539 0.06490384615384616
0 0.34375 0.7271634615384616 0.028846153846153848 0.026442307692307696
0 0.06850961538461539 0.9020432692307693 0.125 0.09495192307692309
