0 0.9230769230769231 0.010817307692307692 0.15384615384615385 0.021634615384615384
0 0.9068509615384616 0.04326923076923077 0.18629807692307693 0.02403846153846154
0 0.8864182692307693 0.07391826923076923 0.22716346153846156 0.022836538461538464
0 0.9741586538461539 0.23137019230769232 0.05168269230769231 0.022836538461538464
0 0.8671875 0.10396634615384616 0.265625 0.018028846153846156
0 0.8515625 0.140625 0.296875 0.02403846153846154
0 0.8245192307692308 0.17367788461538464 0.2956730769230769 0.02764423076923077
0 0.7944711538461539 0.2061298076923077 0.3028846153846154 0.022836538461538464
0 0.7590144230769231 0.23617788461538464 0.30649038461538464 0.022836538461538464
0 0.7247596153846154 0.2692307692307693 0.3028846153846154 0.02403846153846154
0 0.6917067307692308 0.3004807692307693 0.30168269230769235 0.026442307692307696
0 0.6574519230769231 0.33653846153846156 0.3028846153846154 0.02403846153846154
0 0.9759615384615385 0.2590144230769231 0.04807692307692308 0.022836538461538464
0 0.9453125 0.2824519230769231 0.109375 0.026442307692307696
0 0.9350961538461539 0.3076923076923077 0.12980769230769232 0.02403846153846154
0 0.9164663461538463 0.3311298076923077 0.1670673076923077 0.02764423076923077
0 0.9020432692307693 0.3575721153846154 0.19591346153846154 0.02764423076923077
0 0.9381009615384616 0.8401442307692308 0.12379807692307693 0.3197115384615385
0 0.8966346153846154 0.3816105769230769 0.20673076923076925 0.02764423076923077
0 0.8756009615384616 0.40685096153846156 0.24879807692307693 0.02764423076923077
0 0.8665865384615385 0.43028846153846156 0.2668269230769231 0.026442307692307696
0 0.8563701923076924 0.4555288461538462 0.2872596153846154 0.026442307692307696
0 0.8407451923076924 0.4825721153846154 0.3185096153846154 0.02764423076923077
0 0.8221153846153847 0.5060096153846154 0.3197115384615385 0.03365384615384616
0 0.7890625 0.5318509615384616 0.3137019230769231 0.030048076923076924
0 0.7662259615384616 0.5558894230769231 0.32572115384615385 0.03245192307692308
0 0.7427884615384616 0.5835336538461539 0.3293269230769231 0.030048076923076924
0 0.7091346153846154 0.6063701923076923 0.3245192307692308 0.025240384615384616
0 0.6868990384615385 0.631610576923077 0.33052884615384615 0.030048076923076924
0 0.662860576923077 0.6574519230769231 0.33052884615384615 0.026442307692307696
0 0.6292067307692308 0.6814903846153847 0.328125 0.026442307692307696
0 0.6129807692307693 0.7085336538461539 0.32211538461538464 0.02764423076923077
0 0.59375 0.7289663461538461 0.31490384615384615 0.025240384615384616
0 0.5751201923076923 0.7554086538461539 0.2848557692307693 0.030048076923076924
0 0.5673076923076923 0.7788461538461539 0.2572115384615385 0.021634615384615384
0 0.578125 0.8076923076923077 0.19230769230769232 0.026442307692307696
0 0.5679086538461539 0.8305288461538461 0.140625 0.019230769230769232
0 0.5661057692307693 0.8587740384615385 0.09855769230769232 0.020432692307692308
0 0.5697115384615385 0.8852163461538463 0.06009615384615385 0.020432692307692308
0 0.6219951923076923 0.3665865384615385 0.296875 0.02403846153846154
0 0.584735576923077 0.4008413461538462 0.29927884615384615 0.025240384615384616
0 0.5546875 0.4332932692307693 0.3137019230769231 0.025240384615384616
0 0.5174278846153847 0.46634615384615385 0.3040865384615385 0.02403846153846154
0 0.4885817307692308 0.4987980769230769 0.3040865384615385 0.026442307692307696
0 0.4519230769230769 0.5324519230769231 0.3028846153846154 0.026442307692307696
0 0.4254807692307693 0.5673076923076923 0.3004807692307693 0.02403846153846154
0 0.4056490384615385 0.5985576923076923 0.2608173076923077 0.02403846153846154
0 0.3984375 0.6292067307692308 0.20552884615384617 0.02764423076923077
0 0.3996394230769231 0.662860576923077 0.140625 0.020432692307692308
0 0.40024038461538464 0.6959134615384616 0.07692307692307693 0.021634615384615384
0 0.04567307692307693 0.8479567307692308 0.09134615384615385 0.171875
0 0.15564903846153846 0.9729567307692308 0.1935096153846154 0.054086538461538464
