0 0.6772836538461539 0.010817307692307692 0.054086538461538464 0.021634615384615384
0 0.6971153846153847 0.04807692307692308 0.057692307692307696 0.06009615384615385
0 0.7896634615384616 0.109375 0.028846153846153848 0.03365384615384616
0 0.662860576923077 0.4140625 0.08774038461538462 0.08293269230769232
0 0.5600961538461539 0.3743990384615385 0.11778846153846155 0.109375
0 0.5030048076923077 0.5618990384615385 0.03966346153846154 0.03245192307692308
0 0.4122596153846154 0.5174278846153847 0.038461538461538464 0.030048076923076924
0 0.43870192307692313 0.5697115384615385 0.038461538461538464 0.03125
0 0.3870192307692308 0.59375 0.03605769230769231 0.03605769230769231
0 0.3762019230769231 0.5799278846153847 0.03605769230769231 0.030048076923076924
0 0.3659855769230769 0.5606971153846154 0.03245192307692308 0.030048076923076924
0 0.3551682692307693 0.5450721153846154 0.03485576923076923 0.030048076923076924
0 0.4050480769230769 0.5859375 0.057692307692307696 0.09495192307692309
0 0.34555288461538464 0.5240384615384616 0.037259615384615384 0.03605769230769231
0 0.17067307692307693 0.2295673076923077 0.06730769230769232 0.04807692307692308
0 0.1953125 0.2920673076923077 0.06850961538461539 0.05528846153846154
2 0.33834134615384615 0.8719951923076924 0.056490384615384616 0.11658653846153846
0 0.2061298076923077 0.8125 0.06129807692307693 0.040865384615384616
