0 0.025841346153846156 0.421875 0.05168269230769231 0.06009615384615385
0 0.08473557692307693 0.3870192307692308 0.08774038461538462 0.05528846153846154
0 0.16466346153846154 0.4332932692307693 0.06490384615384616 0.14783653846153846
0 0.17307692307692307 0.37560096153846156 0.05048076923076923 0.0733173076923077
0 0.19591346153846154 0.4525240384615385 0.06490384615384616 0.08533653846153846
0 0.49399038461538464 0.4411057692307693 0.11057692307692309 0.07932692307692309
0 0.6165865384615385 0.046875 0.13701923076923078 0.08653846153846154
0 0.7133413461538461 0.0546875 0.08293269230769232 0.06129807692307693
0 0.6676682692307693 0.3623798076923077 0.042067307692307696 0.030048076923076924
0 0.9549278846153847 0.16045673076923078 0.042067307692307696 0.030048076923076924
0 0.875 0.7115384615384616 0.06730769230769232 0.06490384615384616
0 0.8533653846153847 0.6881009615384616 0.06971153846153846 0.054086538461538464
0 0.9855769230769231 0.546875 0.028846153846153848 0.07932692307692309
