0 0.7025240384615385 0.010216346153846154 0.08533653846153846 0.020432692307692308
0 0.6262019230769231 0.026442307692307696 0.11057692307692309 0.05288461538461539
0 0.328125 0.17427884615384617 0.08653846153846154 0.09615384615384616
0 0.12620192307692307 0.21514423076923078 0.15625 0.09615384615384616
0 0.17427884615384617 0.2920673076923077 0.16586538461538464 0.12740384615384617
0 0.3359375 0.647235576923077 0.08293269230769232 0.09014423076923077
0 0.37199519230769235 0.7121394230769231 0.078125 0.09014423076923077
0 0.4074519230769231 0.7680288461538461 0.08413461538461539 0.09615384615384616
0 0.6832932692307693 0.5054086538461539 0.07572115384615385 0.08293269230769232
0 0.7169471153846154 0.5667067307692308 0.0733173076923077 0.09254807692307693
0 0.6454326923076923 0.7403846153846154 0.22355769230769232 0.16105769230769232
