0 0.28966346153846156 0.09014423076923077 0.07451923076923077 0.021634615384615384
0 0.2824519230769231 0.12560096153846154 0.14423076923076925 0.025240384615384616
0 0.2854567307692308 0.15985576923076925 0.203125 0.026442307692307696
0 0.28605769230769235 0.1935096153846154 0.2716346153846154 0.02403846153846154
0 0.2620192307692308 0.22536057692307693 0.3125 0.030048076923076924
0 0.2277644230769231 0.2578125 0.29447115384615385 0.022836538461538464
0 0.18990384615384617 0.2902644230769231 0.2956730769230769 0.022836538461538464
0 0.17247596153846154 0.3233173076923077 0.27043269230769235 0.021634615384615384
0 0.16947115384615385 0.35637019230769235 0.20192307692307693 0.022836538461538464
0 0.16887019230769232 0.3888221153846154 0.13341346153846154 0.020432692307692308
0 0.16887019230769232 0.42307692307692313 0.07091346153846154 0.02403846153846154
0 0.4513221153846154 0.2481971153846154 0.058894230769230775 0.020432692307692308
0 0.44230769230769235 0.2734375 0.10576923076923078 0.020432692307692308
0 0.44290865384615385 0.3010817307692308 0.1622596153846154 0.022836538461538464
0 0.4525240384615385 0.3275240384615385 0.21274038461538464 0.022836538461538464
0 0.43810096153846156 0.35216346153846156 0.24158653846153846 0.026442307692307696
0 0.43810096153846156 0.3743990384615385 0.30649038461538464 0.02764423076923077
0 0.42728365384615385 0.4014423076923077 0.32091346153846156 0.026442307692307696
0 0.3978365384615385 0.4248798076923077 0.3125 0.022836538461538464
0 0.38341346153846156 0.45372596153846156 0.2980769230769231 0.02764423076923077
0 0.3683894230769231 0.47776442307692313 0.2848557692307693 0.02764423076923077
0 0.3539663461538462 0.4993990384615385 0.24639423076923078 0.025240384615384616
0 0.35997596153846156 0.5288461538461539 0.1935096153846154 0.021634615384615384
0 0.3557692307692308 0.5522836538461539 0.16105769230769232 0.018028846153846156
0 0.3551682692307693 0.5793269230769231 0.08533653846153846 0.019230769230769232
0 0.022836538461538464 0.359375 0.04567307692307693 0.021634615384615384
0 0.03966346153846154 0.3966346153846154 0.07932692307692309 0.021634615384615384
0 0.056490384615384616 0.4296875 0.11298076923076923 0.022836538461538464
0 0.07271634615384616 0.46153846153846156 0.14543269230769232 0.026442307692307696
0 0.05949519230769231 0.4963942307692308 0.11899038461538462 0.02403846153846154
0 0.04447115384615385 0.5270432692307693 0.0889423076923077 0.022836538461538464
0 0.1640625 0.5294471153846154 0.10216346153846155 0.022836538461538464
0 0.1592548076923077 0.5618990384615385 0.1358173076923077 0.022836538461538464
0 0.16346153846153846 0.5841346153846154 0.19230769230769232 0.021634615384615384
0 0.16286057692307693 0.608173076923077 0.2247596153846154 0.026442307692307696
0 0.15865384615384617 0.6346153846153847 0.2884615384615385 0.028846153846153848
0 0.15324519230769232 0.6604567307692308 0.30649038461538464 0.030048076923076924
0 0.14242788461538464 0.6844951923076923 0.2848557692307693 0.022836538461538464
0 0.027043269230769232 0.5570913461538461 0.054086538461538464 0.018028846153846156
0 0.13461538461538464 0.7121394230769231 0.2692307692307693 0.022836538461538464
0 0.11778846153846155 0.7355769230769231 0.2355769230769231 0.026442307692307696
0 0.10396634615384616 0.7608173076923077 0.20793269230769232 0.02403846153846154
0 0.09194711538461539 0.7842548076923077 0.18389423076923078 0.02764423076923077
0 0.08052884615384616 0.8106971153846154 0.16105769230769232 0.02764423076923077
0 0.9669471153846154 0.9537259615384616 0.06610576923076923 0.09254807692307693
0 0.9591346153846154 0.9663461538461539 0.08173076923076923 0.06730769230769232
0 0.9435096153846154 0.9765625 0.09375 0.046875
0 0.9266826923076924 0.9861778846153847 0.09134615384615385 0.02764423076923077
0 0.43088942307692313 0.8449519230769231 0.20552884615384617 0.21634615384615385
0 0.41165865384615385 0.8599759615384616 0.203125 0.21274038461538464
0 0.39603365384615385 0.8768028846153847 0.20072115384615385 0.21274038461538464
0 0.3786057692307693 0.8924278846153847 0.21153846153846156 0.21033653846153846
0 0.3635817307692308 0.9020432692307693 0.21274038461538464 0.19591346153846154
0 0.06129807692307693 0.834735576923077 0.12259615384615385 0.02764423076923077
0 0.051081730769230775 0.8599759615384616 0.10216346153846155 0.02764423076923077
0 0.04026442307692308 0.8834134615384616 0.08052884615384616 0.026442307692307696
0 0.022836538461538464 0.9086538461538463 0.04567307692307693 0.026442307692307696
