0 0.7674278846153847 0.7445913461538461 0.21274038461538464 0.16947115384615385
0 0.7103365384615385 0.7746394230769231 0.17307692307692307 0.1310096153846154
0 0.7686298076923077 0.9405048076923077 0.140625 0.11899038461538462
0 0.38040865384615385 0.5877403846153847 0.19591346153846154 0.16346153846153846
0 0.3323317307692308 0.6820913461538461 0.16947115384615385 0.12139423076923078
0 0.27524038461538464 0.9074519230769231 0.15384615384615385 0.17307692307692307
0 0.1592548076923077 0.5138221153846154 0.1310096153846154 0.09735576923076923
0 0.029447115384615388 0.4170673076923077 0.058894230769230775 0.09855769230769232
0 0.1544471153846154 0.8834134615384616 0.2247596153846154 0.23317307692307693
0 0.20492788461538464 0.9729567307692308 0.15745192307692307 0.054086538461538464
0 0.5030048076923077 0.959735576923077 0.1670673076923077 0.08052884615384616
