0 0.07391826923076923 0.0859375 0.14783653846153846 0.171875
0 0.17728365384615385 0.2932692307692308 0.08052884615384616 0.06730769230769232
0 0.22836538461538464 0.3275240384615385 0.08173076923076923 0.058894230769230775
0 0.2878605769230769 0.37199519230769235 0.07572115384615385 0.08533653846153846
0 0.3341346153846154 0.4086538461538462 0.09134615384615385 0.09615384615384616
0 0.390625 0.43870192307692313 0.09134615384615385 0.09375
0 0.44591346153846156 0.4639423076923077 0.07692307692307693 0.07692307692307693
0 0.12620192307692307 0.5048076923076923 0.08653846153846154 0.0625
0 0.43509615384615385 0.5504807692307693 0.05288461538461539 0.06490384615384616
0 0.3810096153846154 0.6195913461538461 0.09855769230769232 0.11658653846153846
0 0.30649038461538464 0.703125 0.11778846153846155 0.125
0 0.5 0.7337740384615385 0.14903846153846154 0.12860576923076925
0 0.9375 0.6436298076923077 0.12259615384615385 0.11177884615384616
0 0.8605769230769231 0.9759615384615385 0.08173076923076923 0.04807692307692308
