0 0.9807692307692308 0.5030048076923077 0.038461538461538464 0.04927884615384616
0 0.9915865384615385 0.4867788461538462 0.01682692307692308 0.04326923076923077
0 0.8545673076923077 0.39122596153846156 0.07211538461538462 0.06370192307692309
0 0.8936298076923077 0.34555288461538464 0.109375 0.1045673076923077
0 0.9483173076923077 0.27824519230769235 0.10336538461538462 0.09975961538461539
0 0.9777644230769231 0.21754807692307693 0.04447115384615385 0.10817307692307693
0 0.9699519230769231 0.13762019230769232 0.06009615384615385 0.054086538461538464
0 0.9561298076923077 0.16165865384615385 0.058894230769230775 0.05168269230769231
0 0.9356971153846154 0.18149038461538464 0.06850961538461539 0.05288461538461539
0 0.9230769230769231 0.2043269230769231 0.06009615384615385 0.05048076923076923
0 0.8996394230769231 0.22355769230769232 0.056490384615384616 0.05048076923076923
0 0.8840144230769231 0.2451923076923077 0.06850961538461539 0.057692307692307696
0 0.8665865384615385 0.26802884615384615 0.05288461538461539 0.04807692307692308
0 0.8539663461538463 0.2890625 0.058894230769230775 0.042067307692307696
0 0.8377403846153847 0.3088942307692308 0.057692307692307696 0.04807692307692308
0 0.8167067307692308 0.3317307692307693 0.05168269230769231 0.04326923076923077
0 0.7998798076923077 0.3557692307692308 0.05168269230769231 0.04567307692307693
0 0.6520432692307693 0.375 0.11899038461538462 0.11057692307692309
0 0.7548076923076924 0.09375 0.20673076923076925 0.1875
0 0.6045673076923077 0.045072115384615384 0.06009615384615385 0.09014423076923077
0 0.5685096153846154 0.10096153846153846 0.0889423076923077 0.06971153846153846
0 0.5192307692307693 0.2169471153846154 0.09375 0.07091346153846154
0 0.5787259615384616 0.2956730769230769 0.07091346153846154 0.08173076923076923
0 0.3774038461538462 0.41586538461538464 0.07451923076923077 0.06490384615384616
0 0.40625 0.3774038461538462 0.07932692307692309 0.07932692307692309
0 0.43149038461538464 0.33353365384615385 0.06490384615384616 0.058894230769230775
