0 0.8407451923076924 0.6538461538461539 0.056490384615384616 0.05048076923076923
0 0.765625 0.6598557692307693 0.06730769230769232 0.057692307692307696
0 0.3167067307692308 0.1778846153846154 0.056490384615384616 0.057692307692307696
0 0.06370192307692309 0.15985576923076925 0.04326923076923077 0.040865384615384616
0 0.1670673076923077 0.23076923076923078 0.05288461538461539 0.05288461538461539
0 0.3191105769230769 0.4128605769230769 0.02764423076923077 0.030048076923076924
0 0.359375 0.4362980769230769 0.04326923076923077 0.03365384615384616
0 0.40625 0.4951923076923077 0.040865384615384616 0.05288461538461539
0 0.36478365384615385 0.6490384615384616 0.06370192307692309 0.06730769230769232
0 0.30949519230769235 0.5985576923076923 0.02764423076923077 0.03125
0 0.2650240384615385 0.5594951923076923 0.02764423076923077 0.022836538461538464
0 0.1514423076923077 0.6700721153846154 0.08653846153846154 0.08293269230769232
0 0.10276442307692309 0.1983173076923077 0.037259615384615384 0.03125
