0 0.09975961538461539 0.06009615384615385 0.04326923076923077 0.05048076923076923
0 0.28185096153846156 0.054086538461538464 0.03245192307692308 0.05288461538461539
0 0.3581730769230769 0.045072115384615384 0.03365384615384616 0.058894230769230775
0 0.054086538461538464 0.32512019230769235 0.08173076923076923 0.04927884615384616
0 0.09555288461538462 0.35336538461538464 0.03245192307692308 0.06009615384615385
0 0.1328125 0.3539663461538462 0.03245192307692308 0.058894230769230775
0 0.09435096153846155 0.8227163461538461 0.03245192307692308 0.030048076923076924
0 0.14122596153846154 0.8215144230769231 0.03245192307692308 0.03245192307692308
0 0.35336538461538464 0.4789663461538462 0.03125 0.020432692307692308
0 0.38762019230769235 0.6742788461538461 0.11899038461538462 0.0625
0 0.9080528846153847 0.37680288461538464 0.13341346153846154 0.0733173076923077
0 0.9951923076923077 0.8317307692307693 0.009615384615384616 0.07692307692307693
0 0.9771634615384616 0.8275240384615385 0.026442307692307696 0.08052884615384616
0 0.15985576923076925 0.045072115384615384 0.040865384615384616 0.03485576923076923
