0 0.944110576923077 0.021634615384615384 0.05168269230769231 0.04326923076923077
0 0.8852163461538463 0.1328125 0.11418269230769232 0.11177884615384616
0 0.5366586538461539 0.11838942307692309 0.15504807692307693 0.12620192307692307
0 0.3948317307692308 0.19411057692307693 0.16466346153846154 0.12379807692307693
0 0.10036057692307693 0.49759615384615385 0.17427884615384617 0.13942307692307693
0 0.22536057692307693 0.42367788461538464 0.15024038461538464 0.12139423076923078
0 0.7632211538461539 0.39543269230769235 0.06490384615384616 0.07451923076923077
0 0.6923076923076923 0.4320913461538462 0.05048076923076923 0.07572115384615385
0 0.5997596153846154 0.5036057692307693 0.20192307692307693 0.14903846153846154
0 0.4212740384615385 0.5414663461538461 0.09735576923076923 0.11899038461538462
0 0.37199519230769235 0.4567307692307693 0.09735576923076923 0.10817307692307693
0 0.33293269230769235 0.3743990384615385 0.07211538461538462 0.09495192307692309
0 0.3810096153846154 0.3419471153846154 0.09855769230769232 0.09014423076923077
0 0.44230769230769235 0.46274038461538464 0.11298076923076923 0.21153846153846156
