0 0.13942307692307693 0.4825721153846154 0.12740384615384617 0.15024038461538464
0 0.5102163461538461 0.27043269230769235 0.12379807692307693 0.13942307692307693
0 0.6015625 0.20793269230769232 0.13341346153846154 0.13461538461538464
0 0.6983173076923077 0.1514423076923077 0.125 0.13701923076923078
0 0.7830528846153847 0.09375 0.10697115384615385 0.12980769230769232
0 0.9603365384615385 0.13762019230769232 0.07451923076923077 0.09975961538461539
0 0.9375 0.15564903846153846 0.08173076923076923 0.08774038461538462
0 0.8695913461538463 0.19471153846153846 0.07091346153846154 0.09855769230769232
0 0.8389423076923077 0.2169471153846154 0.0889423076923077 0.09735576923076923
0 0.8137019230769231 0.2373798076923077 0.07451923076923077 0.09495192307692309
0 0.740985576923077 0.2764423076923077 0.078125 0.09855769230769232
0 0.7181490384615385 0.2956730769230769 0.07572115384615385 0.09134615384615385
0 0.6466346153846154 0.33834134615384615 0.07451923076923077 0.09254807692307693
0 0.6231971153846154 0.3551682692307693 0.08293269230769232 0.09735576923076923
0 0.6953125 0.4711538461538462 0.09735576923076923 0.12980769230769232
0 0.7265625 0.4519230769230769 0.10697115384615385 0.13461538461538464
0 0.7818509615384616 0.4140625 0.109375 0.13341346153846154
0 0.8173076923076924 0.39122596153846156 0.11057692307692309 0.12620192307692307
0 0.8756009615384616 0.3545673076923077 0.11177884615384616 0.13461538461538464
0 0.912860576923077 0.3341346153846154 0.10697115384615385 0.13461538461538464
0 0.9459134615384616 0.3082932692307693 0.10336538461538462 0.13341346153846154
0 0.9765625 0.2728365384615385 0.046875 0.13461538461538464
0 0.9927884615384616 0.24939903846153846 0.014423076923076924 0.1310096153846154
0 0.9837740384615385 0.4092548076923077 0.03245192307692308 0.09014423076923077
0 0.967548076923077 0.4296875 0.06490384615384616 0.09495192307692309
0 0.9411057692307693 0.45072115384615385 0.07932692307692309 0.09134615384615385
0 0.8810096153846154 0.4915865384615385 0.07932692307692309 0.0889423076923077
0 0.8473557692307693 0.5126201923076923 0.07692307692307693 0.09735576923076923
0 0.7890625 0.5492788461538461 0.07572115384615385 0.09375
0 0.7590144230769231 0.5715144230769231 0.07572115384615385 0.08774038461538462
0 0.37259615384615385 0.5432692307692308 0.3028846153846154 0.4254807692307693
0 0.2956730769230769 0.686298076923077 0.2139423076923077 0.31490384615384615
0 0.1808894230769231 0.764423076923077 0.23197115384615385 0.3293269230769231
0 0.05949519230769231 0.7710336538461539 0.11899038461538462 0.20552884615384617
0 0.12439903846153846 0.8028846153846154 0.2247596153846154 0.3076923076923077
0 0.3341346153846154 0.6658653846153847 0.21634615384615385 0.3076923076923077
0 0.46574519230769235 0.5036057692307693 0.33774038461538464 0.4278846153846154
