0 0.021634615384615384 0.48918269230769235 0.04326923076923077 0.05048076923076923
0 0.005408653846153846 0.530048076923077 0.010817307692307692 0.05288461538461539
0 0.009014423076923078 0.701923076923077 0.018028846153846156 0.07692307692307693
0 0.02764423076923077 0.6832932692307693 0.05528846153846154 0.05168269230769231
0 0.09074519230769232 0.5024038461538461 0.07091346153846154 0.06490384615384616
0 0.13701923076923078 0.5438701923076923 0.040865384615384616 0.037259615384615384
0 0.11778846153846155 0.569110576923077 0.05048076923076923 0.04927884615384616
0 0.06670673076923077 0.5348557692307693 0.08293269230769232 0.07451923076923077
0 0.040865384615384616 0.5721153846153847 0.08173076923076923 0.06730769230769232
0 0.02463942307692308 0.5985576923076923 0.04927884615384616 0.06009615384615385
0 0.09915865384615385 0.615985576923077 0.0733173076923077 0.06850961538461539
0 0.07752403846153846 0.647235576923077 0.06850961538461539 0.054086538461538464
0 0.15985576923076925 0.662860576923077 0.07451923076923077 0.07091346153846154
0 0.13341346153846154 0.6917067307692308 0.06971153846153846 0.06129807692307693
0 0.2295673076923077 0.6135817307692308 0.03365384615384616 0.03485576923076923
0 0.25060096153846156 0.6766826923076923 0.0733173076923077 0.07451923076923077
0 0.2746394230769231 0.6490384615384616 0.06850961538461539 0.05528846153846154
0 0.32091346153846156 0.6832932692307693 0.040865384615384616 0.03966346153846154
0 0.29927884615384615 0.7133413461538461 0.05528846153846154 0.05168269230769231
0 0.26742788461538464 0.7457932692307693 0.054086538461538464 0.046875
0 0.22055288461538464 0.7157451923076924 0.0733173076923077 0.06850961538461539
0 0.24639423076923078 0.780048076923077 0.04807692307692308 0.038461538461538464
0 0.19471153846153846 0.7421875 0.07211538461538462 0.06129807692307693
0 0.2295673076923077 0.8389423076923077 0.04567307692307693 0.05048076923076923
0 0.18629807692307693 0.8846153846153847 0.05288461538461539 0.06490384615384616
0 0.5991586538461539 0.12079326923076923 0.056490384615384616 0.08052884615384616
