0 0.9783653846153847 0.2698317307692308 0.04326923076923077 0.04447115384615385
0 0.546875 0.051081730769230775 0.040865384615384616 0.03966346153846154
0 0.4915865384615385 0.0546875 0.04326923076923077 0.042067307692307696
0 0.5805288461538461 0.1875 0.04807692307692308 0.04807692307692308
0 0.5576923076923077 0.21274038461538464 0.057692307692307696 0.06009615384615385
0 0.3449519230769231 0.3082932692307693 0.12259615384615385 0.11658653846153846
0 0.5072115384615384 0.4765625 0.12259615384615385 0.12860576923076925
0 0.13701923076923078 0.6177884615384616 0.02403846153846154 0.026442307692307696
0 0.04447115384615385 0.7860576923076924 0.03365384615384616 0.038461538461538464
0 0.09134615384615385 0.8221153846153847 0.03605769230769231 0.040865384615384616
0 0.15805288461538464 0.8671875 0.08774038461538462 0.09975961538461539
0 0.19711538461538464 0.9212740384615385 0.08653846153846154 0.09014423076923077
2 0.9411057692307693 0.8828125 0.0889423076923077 0.06850961538461539
