0 0.24939903846153846 0.017427884615384616 0.16947115384615385 0.03485576923076923
0 0.36899038461538464 0.06129807692307693 0.17067307692307693 0.12259615384615385
0 0.6658653846153847 0.1905048076923077 0.24759615384615385 0.20793269230769232
0 0.6832932692307693 0.9873798076923077 0.1358173076923077 0.025240384615384616
0 0.5384615384615385 0.5072115384615384 0.17548076923076925 0.1826923076923077
0 0.43149038461538464 0.37980769230769235 0.057692307692307696 0.040865384615384616
0 0.5018028846153847 0.42728365384615385 0.037259615384615384 0.02764423076923077
0 0.453125 0.4164663461538462 0.11538461538461539 0.08052884615384616
0 0.4447115384615385 0.4284855769230769 0.11778846153846155 0.08052884615384616
0 0.4362980769230769 0.4441105769230769 0.11538461538461539 0.08052884615384616
0 0.42668269230769235 0.4567307692307693 0.11298076923076923 0.07692307692307693
0 0.45372596153846156 0.49338942307692313 0.04447115384615385 0.030048076923076924
0 0.4399038461538462 0.5042067307692308 0.04326923076923077 0.037259615384615384
0 0.43509615384615385 0.5228365384615384 0.04326923076923077 0.03125
