0 0.662860576923077 0.014423076923076924 0.054086538461538464 0.028846153846153848
0 0.615985576923077 0.004807692307692308 0.0733173076923077 0.009615384615384616
0 0.6418269230769231 0.03966346153846154 0.04807692307692308 0.038461538461538464
0 0.5901442307692308 0.01622596153846154 0.07211538461538462 0.03245192307692308
0 0.625 0.09855769230769232 0.04567307692307693 0.05048076923076923
0 0.5817307692307693 0.14423076923076925 0.05288461538461539 0.06490384615384616
0 0.9266826923076924 0.7277644230769231 0.05048076923076923 0.04447115384615385
0 0.3930288461538462 0.6454326923076923 0.125 0.10576923076923078
0 0.19951923076923078 0.2403846153846154 0.028846153846153848 0.026442307692307696
0 0.018028846153846156 0.8371394230769231 0.03605769230769231 0.13341346153846154
