0 0.45372596153846156 0.012620192307692308 0.203125 0.025240384615384616
0 0.04567307692307693 0.7283653846153847 0.07211538461538462 0.10576923076923078
0 0.08413461538461539 0.7836538461538461 0.07692307692307693 0.057692307692307696
0 0.3395432692307693 0.6917067307692308 0.05168269230769231 0.03966346153846154
0 0.34915865384615385 0.7247596153846154 0.04447115384615385 0.03605769230769231
0 0.36418269230769235 0.7493990384615385 0.04567307692307693 0.030048076923076924
0 0.3786057692307693 0.7770432692307693 0.04326923076923077 0.03245192307692308
0 0.3888221153846154 0.803485576923077 0.046875 0.025240384615384616
0 0.4026442307692308 0.8311298076923077 0.04567307692307693 0.030048076923076924
0 0.41466346153846156 0.8587740384615385 0.04326923076923077 0.03245192307692308
0 0.9903846153846154 0.4519230769230769 0.019230769230769232 0.15384615384615385
0 0.8028846153846154 0.8533653846153847 0.08173076923076923 0.10817307692307693
0 0.850360576923077 0.9549278846153847 0.08293269230769232 0.09014423076923077
0 0.7223557692307693 0.9158653846153847 0.1466346153846154 0.16826923076923078
