0 0.39122596153846156 0.33774038461538464 0.06850961538461539 0.06009615384615385
0 0.44711538461538464 0.32872596153846156 0.05048076923076923 0.056490384615384616
0 0.5384615384615385 0.3263221153846154 0.0889423076923077 0.056490384615384616
0 0.2217548076923077 0.9453125 0.27043269230769235 0.109375
0 0.40625 0.8774038461538463 0.08653846153846154 0.06009615384615385
0 0.4825721153846154 0.842548076923077 0.08774038461538462 0.05528846153846154
0 0.5625 0.8888221153846154 0.06490384615384616 0.14783653846153846
0 0.5709134615384616 0.8311298076923077 0.05048076923076923 0.0733173076923077
0 0.59375 0.9080528846153847 0.06490384615384616 0.08533653846153846
0 0.8918269230769231 0.8966346153846154 0.11057692307692309 0.07932692307692309
0 0.9729567307692308 0.5024038461538461 0.054086538461538464 0.08653846153846154
