0 0.5739182692307693 0.015625 0.06370192307692309 0.03125
0 0.5895432692307693 0.05528846153846154 0.06610576923076923 0.08173076923076923
0 0.6069711538461539 0.12560096153846154 0.07451923076923077 0.07572115384615385
0 0.6298076923076923 0.19110576923076925 0.06971153846153846 0.07932692307692309
0 0.6448317307692308 0.26262019230769235 0.06370192307692309 0.078125
0 0.6610576923076923 0.32992788461538464 0.06971153846153846 0.0733173076923077
0 0.6826923076923077 0.3978365384615385 0.06971153846153846 0.08173076923076923
0 0.6129807692307693 0.4170673076923077 0.09375 0.0889423076923077
0 0.5901442307692308 0.3539663461538462 0.09855769230769232 0.09014423076923077
0 0.5727163461538461 0.28305288461538464 0.09735576923076923 0.09014423076923077
0 0.5600961538461539 0.2091346153846154 0.09134615384615385 0.07932692307692309
0 0.5510817307692308 0.14723557692307693 0.078125 0.08774038461538462
0 0.5318509615384616 0.07572115384615385 0.06850961538461539 0.07932692307692309
0 0.5372596153846154 0.01983173076923077 0.026442307692307696 0.03966346153846154
0 0.09375 0.022235576923076924 0.08173076923076923 0.04447115384615385
