0 0.2692307692307693 0.6911057692307693 0.10336538461538462 0.11298076923076923
0 0.35997596153846156 0.6634615384615385 0.07091346153846154 0.08653846153846154
0 0.42307692307692313 0.920673076923077 0.05288461538461539 0.04807692307692308
0 0.7475961538461539 0.28665865384615385 0.125 0.10216346153846155
0 0.8215144230769231 0.2295673076923077 0.09735576923076923 0.11778846153846155
0 0.764423076923077 0.36418269230769235 0.12740384615384617 0.10336538461538462
1 0.8335336538461539 0.3197115384615385 0.058894230769230775 0.05048076923076923
0 0.9194711538461539 0.4104567307692308 0.03125 0.042067307692307696
0 0.8010817307692308 0.41586538461538464 0.15264423076923078 0.12980769230769232
0 0.8245192307692308 0.5060096153846154 0.19951923076923078 0.21634615384615385
0 0.740985576923077 0.5276442307692308 0.06610576923076923 0.06490384615384616
0 0.9603365384615385 0.4795673076923077 0.07932692307692309 0.12259615384615385
1 0.9248798076923077 0.5600961538461539 0.11658653846153846 0.11057692307692309
0 0.9789663461538463 0.8521634615384616 0.042067307692307696 0.21875
0 0.5949519230769231 0.06430288461538462 0.15865384615384617 0.12860576923076925
0 0.7493990384615385 0.06430288461538462 0.15504807692307693 0.12860576923076925
