0 0.6117788461538461 0.006610576923076924 0.7764423076923077 0.013221153846153848
0 0.5655048076923077 0.042067307692307696 0.8689903846153847 0.08413461538461539
0 0.5528846153846154 0.1123798076923077 0.8942307692307693 0.078125
0 0.561298076923077 0.18389423076923078 0.8774038461538463 0.08173076923076923
0 0.5697115384615385 0.25961538461538464 0.8605769230769231 0.07692307692307693
0 0.5450721153846154 0.32211538461538464 0.7920673076923077 0.07692307692307693
0 0.5108173076923077 0.3930288461538462 0.6826923076923077 0.07211538461538462
0 0.4759615384615385 0.45793269230769235 0.576923076923077 0.07211538461538462
0 0.4417067307692308 0.5264423076923077 0.4723557692307693 0.06490384615384616
0 0.4086538461538462 0.592548076923077 0.37259615384615385 0.05528846153846154
0 0.3731971153846154 0.6604567307692308 0.265625 0.04927884615384616
0 0.3389423076923077 0.7265625 0.15865384615384617 0.054086538461538464
0 0.30228365384615385 0.7980769230769231 0.056490384615384616 0.03365384615384616
