0 0.14903846153846154 0.4212740384615385 0.125 0.10216346153846155
0 0.22295673076923078 0.36418269230769235 0.09735576923076923 0.11778846153846155
0 0.16586538461538464 0.4987980769230769 0.12740384615384617 0.10336538461538462
1 0.23497596153846156 0.45432692307692313 0.058894230769230775 0.05048076923076923
0 0.32091346153846156 0.5450721153846154 0.03125 0.042067307692307696
0 0.20252403846153846 0.5504807692307693 0.15264423076923078 0.12980769230769232
0 0.22596153846153846 0.640625 0.19951923076923078 0.21634615384615385
0 0.14242788461538464 0.6622596153846154 0.06610576923076923 0.06490384615384616
0 0.36778846153846156 0.6141826923076923 0.09134615384615385 0.12259615384615385
1 0.3263221153846154 0.6947115384615385 0.11658653846153846 0.11057692307692309
0 0.47776442307692313 0.9387019230769231 0.23677884615384617 0.12259615384615385
0 0.03786057692307693 0.18449519230769232 0.07572115384615385 0.15745192307692307
0 0.15084134615384617 0.1856971153846154 0.15504807692307693 0.15504807692307693
