0 0.23076923076923078 0.20012019230769232 0.04326923076923077 0.03966346153846154
0 0.3167067307692308 0.3527644230769231 0.09495192307692309 0.10697115384615385
0 0.42247596153846156 0.4963942307692308 0.054086538461538464 0.05288461538461539
0 0.44230769230769235 0.5492788461538461 0.057692307692307696 0.06009615384615385
0 0.5348557692307693 0.6105769230769231 0.028846153846153848 0.03365384615384616
0 0.8317307692307693 0.4140625 0.038461538461538464 0.030048076923076924
0 0.9152644230769231 0.44651442307692313 0.030048076923076924 0.025240384615384616
0 0.905048076923077 0.47355769230769235 0.03125 0.026442307692307696
0 0.40805288461538464 0.9152644230769231 0.08774038461538462 0.08293269230769232
0 0.30528846153846156 0.8756009615384616 0.11778846153846155 0.109375
