0 0.865985576923077 0.017427884615384616 0.26802884615384615 0.02764423076923077
0 0.8617788461538463 0.04146634615384616 0.2764423076923077 0.02764423076923077
0 0.8515625 0.06310096153846154 0.24639423076923078 0.025240384615384616
0 0.8575721153846154 0.09254807692307693 0.1935096153846154 0.021634615384615384
0 0.8533653846153847 0.11598557692307693 0.16105769230769232 0.018028846153846156
0 0.8527644230769231 0.14302884615384617 0.08533653846153846 0.019230769230769232
0 0.5054086538461539 0.002403846153846154 0.21033653846153846 0.004807692307692308
0 0.5012019230769231 0.025240384615384616 0.28365384615384615 0.026442307692307696
0 0.4717548076923077 0.06009615384615385 0.28966346153846156 0.02403846153846154
0 0.4362980769230769 0.09074519230769232 0.3004807692307693 0.022836538461538464
0 0.6616586538461539 0.09314903846153846 0.10216346153846155 0.022836538461538464
0 0.6568509615384616 0.12560096153846154 0.1358173076923077 0.022836538461538464
0 0.6610576923076923 0.14783653846153846 0.19230769230769232 0.021634615384615384
0 0.6604567307692308 0.171875 0.2247596153846154 0.026442307692307696
0 0.65625 0.1983173076923077 0.2884615384615385 0.028846153846153848
0 0.6442307692307693 0.22415865384615385 0.3197115384615385 0.030048076923076924
0 0.6219951923076923 0.2481971153846154 0.32091346153846156 0.022836538461538464
0 0.3996394230769231 0.12079326923076923 0.3040865384615385 0.018028846153846156
0 0.3713942307692308 0.15745192307692307 0.31009615384615385 0.02403846153846154
0 0.33774038461538464 0.1905048076923077 0.2956730769230769 0.02764423076923077
0 0.3076923076923077 0.22295673076923078 0.3028846153846154 0.022836538461538464
0 0.2722355769230769 0.2530048076923077 0.30649038461538464 0.022836538461538464
0 0.23798076923076925 0.28605769230769235 0.3028846153846154 0.02403846153846154
0 0.20492788461538464 0.31730769230769235 0.30168269230769235 0.026442307692307696
0 0.17067307692307693 0.35336538461538464 0.3028846153846154 0.02403846153846154
0 0.615985576923077 0.27584134615384615 0.30168269230769235 0.022836538461538464
0 0.5685096153846154 0.29927884615384615 0.3293269230769231 0.026442307692307696
0 0.5444711538461539 0.3245192307692308 0.32211538461538464 0.02403846153846154
0 0.5138221153846154 0.3479567307692308 0.3353365384615385 0.02764423076923077
0 0.4879807692307693 0.3743990384615385 0.34134615384615385 0.02764423076923077
0 0.912860576923077 0.4086538461538462 0.17427884615384617 0.21634615384615385
0 0.9038461538461539 0.42367788461538464 0.19230769230769232 0.21274038461538464
0 0.8936298076923077 0.4405048076923077 0.20072115384615385 0.21274038461538464
0 0.8762019230769231 0.4561298076923077 0.21153846153846156 0.21033653846153846
0 0.8611778846153847 0.4753605769230769 0.21274038461538464 0.21514423076923078
0 0.6947115384615385 0.8485576923076924 0.6105769230769231 0.3028846153846154
0 0.4633413461538462 0.3984375 0.3137019230769231 0.02764423076923077
0 0.4320913461538462 0.42367788461538464 0.3353365384615385 0.02764423076923077
0 0.4122596153846154 0.44711538461538464 0.3317307692307693 0.026442307692307696
0 0.38461538461538464 0.4723557692307693 0.31730769230769235 0.026442307692307696
0 0.359375 0.4993990384615385 0.3293269230769231 0.02764423076923077
0 0.3353365384615385 0.5228365384615384 0.3197115384615385 0.03365384615384616
0 0.30228365384615385 0.5486778846153847 0.3137019230769231 0.030048076923076924
0 0.2794471153846154 0.5727163461538461 0.32572115384615385 0.03245192307692308
0 0.2560096153846154 0.600360576923077 0.3293269230769231 0.030048076923076924
0 0.22235576923076925 0.6231971153846154 0.3245192307692308 0.025240384615384616
0 0.20012019230769232 0.6484375 0.33052884615384615 0.030048076923076924
0 0.17608173076923078 0.6742788461538461 0.33052884615384615 0.026442307692307696
0 0.15324519230769232 0.6983173076923077 0.30649038461538464 0.026442307692307696
0 0.1436298076923077 0.725360576923077 0.2872596153846154 0.02764423076923077
0 0.13221153846153846 0.7457932692307693 0.2644230769230769 0.025240384615384616
0 0.11538461538461539 0.772235576923077 0.23076923076923078 0.030048076923076924
0 0.1045673076923077 0.795673076923077 0.2091346153846154 0.021634615384615384
0 0.09375 0.8245192307692308 0.1875 0.026442307692307696
0 0.0811298076923077 0.8473557692307693 0.140625 0.019230769230769232
0 0.07932692307692309 0.8756009615384616 0.09855769230769232 0.020432692307692308
0 0.08293269230769232 0.9020432692307693 0.06009615384615385 0.020432692307692308
0 0.14182692307692307 0.38341346153846156 0.28365384615384615 0.02403846153846154
0 0.12379807692307693 0.4176682692307693 0.24759615384615385 0.025240384615384616
0 0.1123798076923077 0.45012019230769235 0.2247596153846154 0.025240384615384616
0 0.09134615384615385 0.4831730769230769 0.1826923076923077 0.02403846153846154
0 0.07692307692307693 0.515625 0.15384615384615385 0.026442307692307696
0 0.05829326923076923 0.5492788461538461 0.11658653846153846 0.026442307692307696
0 0.04447115384615385 0.5841346153846154 0.0889423076923077 0.02403846153846154
0 0.02463942307692308 0.6153846153846154 0.04927884615384616 0.02403846153846154
