0 0.7608173076923077 0.19110576923076925 0.07451923076923077 0.021634615384615384
0 0.7536057692307693 0.2265625 0.14423076923076925 0.025240384615384616
0 0.756610576923077 0.2608173076923077 0.203125 0.026442307692307696
0 0.7572115384615385 0.29447115384615385 0.2716346153846154 0.02403846153846154
0 0.733173076923077 0.3263221153846154 0.3125 0.030048076923076924
0 0.6989182692307693 0.3587740384615385 0.29447115384615385 0.022836538461538464
0 0.6610576923076923 0.39122596153846156 0.2956730769230769 0.022836538461538464
0 0.6436298076923077 0.4242788461538462 0.27043269230769235 0.021634615384615384
0 0.640625 0.4573317307692308 0.20192307692307693 0.022836538461538464
0 0.6400240384615385 0.48978365384615385 0.13341346153846154 0.020432692307692308
0 0.6400240384615385 0.5240384615384616 0.07091346153846154 0.02403846153846154
0 0.9224759615384616 0.34915865384615385 0.058894230769230775 0.020432692307692308
0 0.9134615384615385 0.3743990384615385 0.10576923076923078 0.020432692307692308
0 0.9140625 0.4020432692307693 0.1622596153846154 0.022836538461538464
0 0.9086538461538463 0.4284855769230769 0.1826923076923077 0.022836538461538464
0 0.8942307692307693 0.453125 0.21153846153846156 0.026442307692307696
0 0.8780048076923077 0.4753605769230769 0.24399038461538464 0.02764423076923077
0 0.8689903846153847 0.5024038461538461 0.2620192307692308 0.026442307692307696
0 0.8563701923076924 0.5258413461538461 0.2872596153846154 0.022836538461538464
0 0.8527644230769231 0.5546875 0.29447115384615385 0.02764423076923077
0 0.8395432692307693 0.5787259615384616 0.2848557692307693 0.02764423076923077
0 0.8251201923076924 0.600360576923077 0.24639423076923078 0.025240384615384616
0 0.8311298076923077 0.6298076923076923 0.1935096153846154 0.021634615384615384
0 0.826923076923077 0.6532451923076923 0.16105769230769232 0.018028846153846156
0 0.8263221153846154 0.6802884615384616 0.08533653846153846 0.019230769230769232
0 0.47716346153846156 0.4603365384615385 0.07932692307692309 0.021634615384615384
0 0.4765625 0.49759615384615385 0.14783653846153846 0.021634615384615384
0 0.4789663461538462 0.5306490384615384 0.21033653846153846 0.022836538461538464
0 0.4747596153846154 0.5625 0.28365384615384615 0.026442307692307696
0 0.4453125 0.5973557692307693 0.28966346153846156 0.02403846153846154
0 0.4098557692307693 0.6280048076923077 0.3004807692307693 0.022836538461538464
0 0.6352163461538461 0.6304086538461539 0.10216346153846155 0.022836538461538464
0 0.6304086538461539 0.662860576923077 0.1358173076923077 0.022836538461538464
0 0.6346153846153847 0.6850961538461539 0.19230769230769232 0.021634615384615384
0 0.6340144230769231 0.7091346153846154 0.2247596153846154 0.026442307692307696
0 0.6298076923076923 0.7355769230769231 0.2884615384615385 0.028846153846153848
0 0.6177884615384616 0.7614182692307693 0.3197115384615385 0.030048076923076924
0 0.5955528846153847 0.7854567307692308 0.32091346153846156 0.022836538461538464
0 0.3731971153846154 0.6580528846153847 0.3040865384615385 0.018028846153846156
0 0.3449519230769231 0.6947115384615385 0.31009615384615385 0.02403846153846154
0 0.3112980769230769 0.7277644230769231 0.2956730769230769 0.02764423076923077
0 0.28125 0.7602163461538461 0.3028846153846154 0.022836538461538464
0 0.24579326923076925 0.7902644230769231 0.30649038461538464 0.022836538461538464
0 0.21153846153846156 0.8233173076923077 0.3028846153846154 0.02403846153846154
0 0.17848557692307693 0.8545673076923077 0.30168269230769235 0.026442307692307696
0 0.14783653846153846 0.890625 0.2956730769230769 0.02403846153846154
0 0.5895432692307693 0.8131009615384616 0.30168269230769235 0.022836538461538464
0 0.5420673076923077 0.8365384615384616 0.3293269230769231 0.026442307692307696
0 0.5180288461538461 0.8617788461538463 0.32211538461538464 0.02403846153846154
0 0.4873798076923077 0.8852163461538463 0.3353365384615385 0.02764423076923077
0 0.46153846153846156 0.9116586538461539 0.34134615384615385 0.02764423076923077
0 0.8996394230769231 0.9188701923076924 0.20072115384615385 0.1622596153846154
0 0.8828125 0.9272836538461539 0.203125 0.14543269230769232
0 0.8671875 0.9356971153846154 0.20072115384615385 0.12860576923076925
0 0.8497596153846154 0.944110576923077 0.21153846153846156 0.11177884615384616
0 0.834735576923077 0.9525240384615385 0.21274038461538464 0.09495192307692309
0 0.4368990384615385 0.9356971153846154 0.3137019230769231 0.02764423076923077
0 0.4056490384615385 0.9609375 0.3353365384615385 0.02764423076923077
0 0.3858173076923077 0.984375 0.3317307692307693 0.026442307692307696
0 0.3581730769230769 0.9981971153846154 0.31730769230769235 0.003605769230769231
0 0.12860576923076925 0.920673076923077 0.2572115384615385 0.02403846153846154
0 0.11057692307692309 0.9549278846153847 0.22115384615384617 0.025240384615384616
0 0.09915865384615385 0.9873798076923077 0.1983173076923077 0.025240384615384616
