0 0.5180288461538461 0.265625 0.06971153846153846 0.06971153846153846
0 0.3082932692307693 0.10336538461538462 0.03245192307692308 0.04807692307692308
0 0.34915865384615385 0.04266826923076923 0.03966346153846154 0.056490384615384616
0 0.0546875 0.18209134615384617 0.09735576923076923 0.1045673076923077
0 0.3293269230769231 0.5606971153846154 0.04326923076923077 0.037259615384615384
0 0.14963942307692307 0.928485576923077 0.030048076923076924 0.037259615384615384
0 0.4248798076923077 0.8197115384615385 0.037259615384615384 0.03605769230769231
0 0.4729567307692308 0.859375 0.03966346153846154 0.03605769230769231
0 0.8317307692307693 0.7145432692307693 0.038461538461538464 0.056490384615384616
0 0.8527644230769231 0.7998798076923077 0.08052884615384616 0.11418269230769232
0 0.9435096153846154 0.5588942307692308 0.11298076923076923 0.06490384615384616
