0 0.9903846153846154 0.14543269230769232 0.019230769230769232 0.07692307692307693
0 0.8786057692307693 0.12079326923076923 0.1778846153846154 0.1670673076923077
0 0.6129807692307693 0.2295673076923077 0.24278846153846156 0.23317307692307693
0 0.49338942307692313 0.21814903846153846 0.11418269230769232 0.11177884615384616
0 0.5576923076923077 0.16165865384615385 0.12259615384615385 0.109375
0 0.623798076923077 0.10697115384615385 0.11538461538461539 0.11057692307692309
0 0.7337740384615385 0.40324519230769235 0.11899038461538462 0.11899038461538462
0 0.5504807692307693 0.40685096153846156 0.07692307692307693 0.08052884615384616
0 0.5024038461538461 0.4555288461538462 0.07692307692307693 0.08173076923076923
0 0.4447115384615385 0.5030048076923077 0.0889423076923077 0.08052884615384616
0 0.3888221153846154 0.5510817307692308 0.08774038461538462 0.08052884615384616
0 0.6983173076923077 0.3635817307692308 0.12740384615384617 0.11899038461538462
