0 0.3215144230769231 0.03125 0.06850961538461539 0.06009615384615385
0 0.3774038461538462 0.025240384615384616 0.05048076923076923 0.05048076923076923
0 0.46875 0.02403846153846154 0.0889423076923077 0.04807692307692308
0 0.15204326923076925 0.6496394230769231 0.27043269230769235 0.1310096153846154
0 0.33653846153846156 0.5709134615384616 0.08653846153846154 0.06009615384615385
0 0.4128605769230769 0.5360576923076923 0.08774038461538462 0.05528846153846154
0 0.49278846153846156 0.5823317307692308 0.06490384615384616 0.14783653846153846
0 0.5012019230769231 0.5246394230769231 0.05048076923076923 0.0733173076923077
0 0.5240384615384616 0.6015625 0.06490384615384616 0.08533653846153846
0 0.8221153846153847 0.5901442307692308 0.11057692307692309 0.07932692307692309
0 0.9381009615384616 0.19591346153846154 0.12379807692307693 0.08653846153846154
0 0.9873798076923077 0.5114182692307693 0.025240384615384616 0.030048076923076924
