0 0.9423076923076924 0.03786057692307693 0.11538461538461539 0.07572115384615385
0 0.8864182692307693 0.20853365384615385 0.03966346153846154 0.03245192307692308
0 0.795673076923077 0.1640625 0.038461538461538464 0.030048076923076924
0 0.8221153846153847 0.21634615384615385 0.038461538461538464 0.03125
0 0.7704326923076924 0.2403846153846154 0.03605769230769231 0.03605769230769231
0 0.7596153846153847 0.2265625 0.03605769230769231 0.030048076923076924
0 0.7493990384615385 0.20733173076923078 0.03245192307692308 0.030048076923076924
0 0.7385817307692308 0.19170673076923078 0.03485576923076923 0.030048076923076924
0 0.7884615384615385 0.2325721153846154 0.057692307692307696 0.09495192307692309
0 0.7289663461538461 0.17067307692307693 0.037259615384615384 0.03605769230769231
2 0.7217548076923077 0.5186298076923077 0.056490384615384616 0.11658653846153846
0 0.5895432692307693 0.4591346153846154 0.06129807692307693 0.040865384615384616
