0 0.3978365384615385 0.13822115384615385 0.795673076923077 0.2764423076923077
0 0.41105769230769235 0.17608173076923078 0.8221153846153847 0.35216346153846156
0 0.421875 0.2109375 0.84375 0.421875
0 0.43870192307692313 0.2481971153846154 0.8774038461538463 0.4963942307692308
0 0.45072115384615385 0.28605769230769235 0.9014423076923077 0.5721153846153847
0 0.4591346153846154 0.3263221153846154 0.9182692307692308 0.6526442307692308
0 0.4681490384615385 0.3665865384615385 0.936298076923077 0.733173076923077
0 0.4885817307692308 0.4338942307692308 0.9771634615384616 0.7596153846153847
0 0.5012019230769231 0.5150240384615384 0.9783653846153847 0.7608173076923077
0 0.5132211538461539 0.59375 0.9735576923076924 0.7596153846153847
0 0.5120192307692308 0.6568509615384616 0.9471153846153847 0.686298076923077
0 0.9645432692307693 0.6929086538461539 0.07091346153846154 0.05168269230769231
0 0.9296875 0.7662259615384616 0.140625 0.05168269230769231
0 0.8930288461538463 0.8305288461538461 0.2139423076923077 0.05528846153846154
0 0.8521634615384616 0.897235576923077 0.2956730769230769 0.054086538461538464
0 0.8131009615384616 0.9663461538461539 0.3737980769230769 0.0625
