0 0.45793269230769235 0.26021634615384615 0.03605769230769231 0.025240384615384616
0 0.47415865384615385 0.2794471153846154 0.054086538461538464 0.030048076923076924
0 0.49338942307692313 0.2956730769230769 0.09014423076923077 0.03365384615384616
0 0.5060096153846154 0.31430288461538464 0.11057692307692309 0.03966346153846154
0 0.5108173076923077 0.3341346153846154 0.10817307692307693 0.03605769230769231
0 0.5138221153846154 0.3527644230769231 0.11177884615384616 0.037259615384615384
0 0.5150240384615384 0.3707932692307693 0.11177884615384616 0.03245192307692308
0 0.5180288461538461 0.390625 0.10817307692307693 0.03605769230769231
0 0.5246394230769231 0.4098557692307693 0.11418269230769232 0.03605769230769231
0 0.5264423076923077 0.4278846153846154 0.10817307692307693 0.03605769230769231
0 0.5276442307692308 0.44591346153846156 0.10576923076923078 0.03605769230769231
0 0.53125 0.46634615384615385 0.11298076923076923 0.03605769230769231
0 0.5360576923076923 0.4867788461538462 0.11057692307692309 0.03365384615384616
0 0.5426682692307693 0.5306490384615384 0.11177884615384616 0.03245192307692308
0 0.5492788461538461 0.5721153846153847 0.10576923076923078 0.03605769230769231
0 0.5420673076923077 0.6147836538461539 0.06971153846153846 0.03245192307692308
0 0.9308894230769231 0.9699519230769231 0.13822115384615385 0.06009615384615385
