0 0.6808894230769231 0.6430288461538461 0.078125 0.08413461538461539
0 0.6995192307692308 0.6971153846153847 0.07211538461538462 0.07451923076923077
0 0.7211538461538461 0.7560096153846154 0.07211538461538462 0.07932692307692309
0 0.6700721153846154 0.78125 0.07572115384615385 0.08653846153846154
0 0.6460336538461539 0.7217548076923077 0.08052884615384616 0.07572115384615385
0 0.631610576923077 0.6598557692307693 0.06370192307692309 0.08653846153846154
0 0.4368990384615385 0.6760817307692308 0.04447115384615385 0.037259615384615384
0 0.38822115384615385 0.7950721153846154 0.07211538461538462 0.10216346153846155
0 0.4260817307692308 0.8852163461538463 0.06850961538461539 0.09495192307692309
0 0.3617788461538462 0.8647836538461539 0.13942307692307693 0.27043269230769235
