0 0.5420673076923077 0.14543269230769232 0.06730769230769232 0.06490384615384616
0 0.5012019230769231 0.10817307692307693 0.06730769230769232 0.06490384615384616
0 0.5198317307692308 0.5438701923076923 0.03485576923076923 0.02764423076923077
0 0.41947115384615385 0.11538461538461539 0.06490384615384616 0.08173076923076923
0 0.11838942307692309 0.19591346153846154 0.06370192307692309 0.05288461538461539
0 0.06670673076923077 0.2734375 0.13341346153846154 0.17668269230769232
0 0.049879807692307696 0.4981971153846154 0.0733173076923077 0.07572115384615385
0 0.3828125 0.9951923076923077 0.04447115384615385 0.009615384615384616
1 0.9777644230769231 0.7181490384615385 0.04447115384615385 0.1935096153846154
0 0.37680288461538464 0.29927884615384615 0.042067307692307696 0.03605769230769231
