0 0.4753605769230769 0.1778846153846154 0.06610576923076923 0.0625
0 0.5438701923076923 0.1887019230769231 0.05168269230769231 0.057692307692307696
0 0.9188701923076924 0.0030048076923076925 0.03485576923076923 0.006009615384615385
0 0.9765625 0.028245192307692308 0.030048076923076924 0.02764423076923077
0 0.5733173076923077 0.4753605769230769 0.08413461538461539 0.08052884615384616
0 0.522235576923077 0.5036057692307693 0.13822115384615385 0.11298076923076923
0 0.3341346153846154 0.3575721153846154 0.0889423076923077 0.06610576923076923
0 0.6832932692307693 0.725360576923077 0.03245192307692308 0.030048076923076924
0 0.011418269230769232 0.6201923076923077 0.022836538461538464 0.05048076923076923
0 0.03665865384615385 0.6382211538461539 0.05168269230769231 0.04326923076923077
