0 0.4050480769230769 0.18990384615384617 0.07451923076923077 0.021634615384615384
0 0.3978365384615385 0.22536057692307693 0.14423076923076925 0.025240384615384616
0 0.4008413461538462 0.25961538461538464 0.203125 0.026442307692307696
0 0.4014423076923077 0.2932692307692308 0.2716346153846154 0.02403846153846154
0 0.3774038461538462 0.32512019230769235 0.3125 0.030048076923076924
0 0.3431490384615385 0.3575721153846154 0.29447115384615385 0.022836538461538464
0 0.30528846153846156 0.3900240384615385 0.2956730769230769 0.022836538461538464
0 0.2878605769230769 0.42307692307692313 0.27043269230769235 0.021634615384615384
0 0.2848557692307693 0.4561298076923077 0.20192307692307693 0.022836538461538464
0 0.2842548076923077 0.4885817307692308 0.13341346153846154 0.020432692307692308
0 0.2842548076923077 0.5228365384615384 0.07091346153846154 0.02403846153846154
0 0.5667067307692308 0.3479567307692308 0.058894230769230775 0.020432692307692308
0 0.5576923076923077 0.3731971153846154 0.10576923076923078 0.020432692307692308
0 0.5582932692307693 0.4008413461538462 0.1622596153846154 0.022836538461538464
0 0.5679086538461539 0.42728365384615385 0.21274038461538464 0.022836538461538464
0 0.553485576923077 0.4519230769230769 0.24158653846153846 0.026442307692307696
0 0.553485576923077 0.47415865384615385 0.30649038461538464 0.02764423076923077
0 0.5426682692307693 0.5012019230769231 0.32091346153846156 0.026442307692307696
0 0.5132211538461539 0.5246394230769231 0.3125 0.022836538461538464
0 0.4987980769230769 0.553485576923077 0.2980769230769231 0.02764423076923077
0 0.4837740384615385 0.5775240384615385 0.2848557692307693 0.02764423076923077
0 0.46935096153846156 0.5991586538461539 0.24639423076923078 0.025240384615384616
0 0.4753605769230769 0.6286057692307693 0.1935096153846154 0.021634615384615384
0 0.4711538461538462 0.6520432692307693 0.16105769230769232 0.018028846153846156
0 0.47055288461538464 0.6790865384615385 0.08533653846153846 0.019230769230769232
0 0.12139423076923078 0.4591346153846154 0.07932692307692309 0.021634615384615384
0 0.12079326923076923 0.4963942307692308 0.14783653846153846 0.021634615384615384
0 0.12319711538461539 0.5294471153846154 0.21033653846153846 0.022836538461538464
0 0.13040865384615385 0.561298076923077 0.2608173076923077 0.026442307692307696
0 0.1171875 0.5961538461538461 0.234375 0.02403846153846154
0 0.10216346153846155 0.6268028846153847 0.2043269230769231 0.022836538461538464
0 0.2794471153846154 0.6292067307692308 0.10216346153846155 0.022836538461538464
0 0.2746394230769231 0.6616586538461539 0.1358173076923077 0.022836538461538464
0 0.27884615384615385 0.6838942307692308 0.19230769230769232 0.021634615384615384
0 0.27824519230769235 0.7079326923076924 0.2247596153846154 0.026442307692307696
0 0.27403846153846156 0.734375 0.2884615384615385 0.028846153846153848
0 0.2620192307692308 0.7602163461538461 0.3197115384615385 0.030048076923076924
0 0.23978365384615385 0.7842548076923077 0.32091346153846156 0.022836538461538464
0 0.08473557692307693 0.6568509615384616 0.16947115384615385 0.018028846153846156
0 0.07211538461538462 0.6935096153846154 0.14423076923076925 0.02403846153846154
0 0.05168269230769231 0.7265625 0.10336538461538462 0.02764423076923077
0 0.038461538461538464 0.7590144230769231 0.07692307692307693 0.022836538461538464
0 0.021634615384615384 0.7890625 0.04326923076923077 0.022836538461538464
0 0.23377403846153846 0.8118990384615385 0.30168269230769235 0.022836538461538464
0 0.18629807692307693 0.8353365384615385 0.3293269230769231 0.026442307692307696
0 0.1622596153846154 0.8605769230769231 0.32211538461538464 0.02403846153846154
0 0.14963942307692307 0.8840144230769231 0.29927884615384615 0.02764423076923077
0 0.13822115384615385 0.9104567307692308 0.2764423076923077 0.02764423076923077
0 0.5462740384615385 0.9182692307692308 0.20552884615384617 0.16346153846153846
0 0.5270432692307693 0.9266826923076924 0.203125 0.1466346153846154
0 0.5114182692307693 0.9350961538461539 0.20072115384615385 0.12980769230769232
0 0.49399038461538464 0.9435096153846154 0.21153846153846156 0.11298076923076923
0 0.4789663461538462 0.951923076923077 0.21274038461538464 0.09615384615384616
0 0.11899038461538462 0.9344951923076924 0.23798076923076925 0.02764423076923077
0 0.10877403846153846 0.959735576923077 0.21754807692307693 0.02764423076923077
0 0.09795673076923077 0.983173076923077 0.19591346153846154 0.026442307692307696
