0 0.21574519230769232 0.030048076923076924 0.10697115384615385 0.06009615384615385
0 0.07391826923076923 0.59375 0.06610576923076923 0.0625
0 0.14242788461538464 0.6045673076923077 0.05168269230769231 0.057692307692307696
0 0.2848557692307693 0.23317307692307693 0.038461538461538464 0.038461538461538464
0 0.5174278846153847 0.4056490384615385 0.03485576923076923 0.03245192307692308
0 0.5751201923076923 0.4441105769230769 0.030048076923076924 0.02764423076923077
0 0.7049278846153847 0.30709134615384615 0.030048076923076924 0.037259615384615384
0 0.7686298076923077 0.5667067307692308 0.02764423076923077 0.037259615384615384
0 0.9801682692307693 0.1983173076923077 0.037259615384615384 0.03605769230769231
0 0.9338942307692308 0.4332932692307693 0.09855769230769232 0.054086538461538464
0 0.9074519230769231 0.6298076923076923 0.040865384615384616 0.04326923076923077
0 0.9771634615384616 0.6646634615384616 0.04567307692307693 0.07211538461538462
0 0.9230769230769231 0.8665865384615385 0.03365384615384616 0.028846153846153848
0 0.171875 0.8912259615384616 0.08413461538461539 0.08052884615384616
0 0.12079326923076923 0.9194711538461539 0.13822115384615385 0.11298076923076923
