0 0.25841346153846156 0.1875 0.05288461538461539 0.05048076923076923
0 0.22596153846153846 0.22836538461538464 0.05288461538461539 0.05288461538461539
0 0.2061298076923077 0.2530048076923077 0.042067307692307696 0.03966346153846154
0 0.19170673076923078 0.3185096153846154 0.0733173076923077 0.06009615384615385
0 0.1622596153846154 0.35637019230769235 0.05528846153846154 0.06370192307692309
0 0.21634615384615385 0.40024038461538464 0.08653846153846154 0.07692307692307693
0 0.2644230769230769 0.3816105769230769 0.06490384615384616 0.05168269230769231
0 0.3323317307692308 0.20072115384615385 0.07091346153846154 0.06490384615384616
0 0.3786057692307693 0.2421875 0.040865384615384616 0.037259615384615384
0 0.359375 0.26742788461538464 0.05048076923076923 0.04927884615384616
0 0.3082932692307693 0.23317307692307693 0.08293269230769232 0.07451923076923077
0 0.2824519230769231 0.27043269230769235 0.08173076923076923 0.06730769230769232
0 0.2566105769230769 0.296875 0.06850961538461539 0.06009615384615385
0 0.34074519230769235 0.31430288461538464 0.0733173076923077 0.06850961538461539
0 0.3191105769230769 0.34555288461538464 0.06850961538461539 0.054086538461538464
0 0.4014423076923077 0.36117788461538464 0.07451923076923077 0.07091346153846154
0 0.375 0.3900240384615385 0.06971153846153846 0.06129807692307693
0 0.4711538461538462 0.3118990384615385 0.03365384615384616 0.03485576923076923
0 0.4921875 0.375 0.0733173076923077 0.07451923076923077
0 0.5162259615384616 0.3473557692307693 0.06850961538461539 0.05528846153846154
0 0.5625 0.3816105769230769 0.040865384615384616 0.03966346153846154
0 0.5408653846153847 0.41165865384615385 0.05528846153846154 0.05168269230769231
0 0.5090144230769231 0.4441105769230769 0.054086538461538464 0.046875
0 0.46213942307692313 0.4140625 0.0733173076923077 0.06850961538461539
0 0.4879807692307693 0.47836538461538464 0.04807692307692308 0.038461538461538464
0 0.4362980769230769 0.4405048076923077 0.07211538461538462 0.06129807692307693
0 0.4711538461538462 0.5372596153846154 0.04567307692307693 0.05048076923076923
0 0.4278846153846154 0.5829326923076923 0.05288461538461539 0.06490384615384616
0 0.04567307692307693 0.6790865384615385 0.028846153846153848 0.026442307692307696
