0 0.06129807692307693 0.020432692307692308 0.03125 0.040865384615384616
0 0.21634615384615385 0.29387019230769235 0.0625 0.037259615384615384
0 0.2650240384615385 0.2091346153846154 0.030048076923076924 0.057692307692307696
0 0.2956730769230769 0.21574519230769232 0.03125 0.054086538461538464
0 0.31430288461538464 0.14603365384615385 0.1045673076923077 0.0733173076923077
0 0.49338942307692313 0.40625 0.037259615384615384 0.05048076923076923
0 0.5432692307692308 0.40625 0.05048076923076923 0.04326923076923077
0 0.5498798076923077 0.5949519230769231 0.109375 0.05288461538461539
0 0.3551682692307693 0.6117788461538461 0.05168269230769231 0.0625
0 0.2824519230769231 0.5955528846153847 0.03605769230769231 0.05168269230769231
0 0.2421875 0.7794471153846154 0.11899038461538462 0.09495192307692309
0 0.0733173076923077 0.6243990384615385 0.1201923076923077 0.09254807692307693
