0 0.042067307692307696 0.265625 0.07211538461538462 0.10576923076923078
0 0.08052884615384616 0.32091346153846156 0.07692307692307693 0.057692307692307696
0 0.3359375 0.22896634615384617 0.05168269230769231 0.03966346153846154
0 0.34555288461538464 0.2620192307692308 0.04447115384615385 0.03605769230769231
0 0.3605769230769231 0.28665865384615385 0.04567307692307693 0.030048076923076924
0 0.375 0.31430288461538464 0.04326923076923077 0.03245192307692308
0 0.3852163461538462 0.34074519230769235 0.046875 0.025240384615384616
0 0.39903846153846156 0.3683894230769231 0.04567307692307693 0.030048076923076924
0 0.41105769230769235 0.39603365384615385 0.04326923076923077 0.03245192307692308
0 0.4489182692307693 0.6123798076923077 0.09254807692307693 0.1358173076923077
0 0.5444711538461539 0.5979567307692308 0.09615384615384616 0.09254807692307693
0 0.6027644230769231 0.8275240384615385 0.05168269230769231 0.04447115384615385
0 0.7992788461538461 0.390625 0.08173076923076923 0.10817307692307693
0 0.8467548076923077 0.5030048076923077 0.08293269230769232 0.11177884615384616
0 0.71875 0.4879807692307693 0.1466346153846154 0.23798076923076925
0 0.7734375 0.6388221153846154 0.06850961538461539 0.08533653846153846
0 0.803485576923077 0.7067307692307693 0.06610576923076923 0.08653846153846154
0 0.8125 0.6219951923076923 0.06490384615384616 0.08774038461538462
0 0.8377403846153847 0.6887019230769231 0.06971153846153846 0.0889423076923077
