0 0.034254807692307696 0.3900240384615385 0.06850961538461539 0.08052884615384616
0 0.07932692307692309 0.3245192307692308 0.04807692307692308 0.0625
0 0.28305288461538464 0.7115384615384616 0.06129807692307693 0.06009615384615385
0 0.37560096153846156 0.6935096153846154 0.1358173076923077 0.08173076923076923
0 0.6069711538461539 0.5907451923076923 0.028846153846153848 0.025240384615384616
0 0.7493990384615385 0.0967548076923077 0.04927884615384616 0.018028846153846156
0 0.8094951923076924 0.7944711538461539 0.12860576923076925 0.05528846153846154
0 0.4098557692307693 0.8810096153846154 0.06730769230769232 0.13461538461538464
0 0.36418269230769235 0.890625 0.07211538461538462 0.13701923076923078
0 0.13822115384615385 0.9555288461538463 0.06490384615384616 0.03125
0 0.14483173076923078 0.7740384615384616 0.109375 0.04807692307692308
0 0.040865384615384616 0.7794471153846154 0.08173076923076923 0.058894230769230775
