0 0.576923076923077 0.09074519230769232 0.08413461538461539 0.054086538461538464
0 0.9819711538461539 0.06911057692307693 0.03605769230769231 0.056490384615384616
0 0.4825721153846154 0.16646634615384617 0.06370192307692309 0.06129807692307693
0 0.4981971153846154 0.22115384615384617 0.06610576923076923 0.08173076923076923
0 0.515625 0.29146634615384615 0.07451923076923077 0.07572115384615385
0 0.5384615384615385 0.35697115384615385 0.06971153846153846 0.07932692307692309
0 0.553485576923077 0.4284855769230769 0.06370192307692309 0.078125
0 0.5697115384615385 0.4957932692307693 0.06971153846153846 0.0733173076923077
0 0.5913461538461539 0.5637019230769231 0.06971153846153846 0.08173076923076923
0 0.5216346153846154 0.5829326923076923 0.09375 0.0889423076923077
0 0.4987980769230769 0.5198317307692308 0.09855769230769232 0.09014423076923077
0 0.48137019230769235 0.4489182692307693 0.09735576923076923 0.09014423076923077
0 0.46875 0.375 0.09134615384615385 0.07932692307692309
0 0.4597355769230769 0.31310096153846156 0.078125 0.08774038461538462
0 0.4405048076923077 0.24158653846153846 0.06850961538461539 0.07932692307692309
0 0.44591346153846156 0.18389423076923078 0.026442307692307696 0.04326923076923077
0 0.021634615384615384 0.171875 0.04326923076923077 0.07692307692307693
