0 0.9723557692307693 0.2722355769230769 0.05528846153846154 0.030048076923076924
0 0.9182692307692308 0.22836538461538464 0.06490384615384616 0.03605769230769231
0 0.9140625 0.34915865384615385 0.12139423076923078 0.1045673076923077
0 0.4008413461538462 0.3076923076923077 0.08774038461538462 0.09134615384615385
0 0.6304086538461539 0.5979567307692308 0.04927884615384616 0.03966346153846154
0 0.6009615384615385 0.6346153846153847 0.04567307692307693 0.04567307692307693
0 0.5114182692307693 0.7884615384615385 0.046875 0.05048076923076923
0 0.4729567307692308 0.764423076923077 0.07572115384615385 0.06971153846153846
0 0.12139423076923078 0.8551682692307693 0.11298076923076923 0.12620192307692307
0 0.1171875 0.9122596153846154 0.058894230769230775 0.057692307692307696
