0 0.3900240384615385 0.048677884615384616 0.11899038461538462 0.09735576923076923
0 0.4675480769230769 0.046875 0.11057692307692309 0.09375
0 0.4981971153846154 0.10697115384615385 0.11658653846153846 0.10576923076923078
0 0.2572115384615385 0.0234375 0.09855769230769232 0.046875
0 0.2956730769230769 0.07692307692307693 0.09134615384615385 0.11298076923076923
0 0.4134615384615385 0.12920673076923078 0.11057692307692309 0.11418269230769232
0 0.44230769230769235 0.20492788461538464 0.09855769230769232 0.10216346153846155
0 0.48137019230769235 0.28305288461538464 0.09495192307692309 0.09735576923076923
0 0.16887019230769232 0.027043269230769232 0.109375 0.054086538461538464
0 0.11057692307692309 0.03966346153846154 0.07932692307692309 0.07932692307692309
0 0.14483173076923078 0.13161057692307693 0.09735576923076923 0.13341346153846154
0 0.22355769230769232 0.10036057692307693 0.10096153846153846 0.1310096153846154
0 0.3401442307692308 0.16105769230769232 0.09855769230769232 0.10576923076923078
0 0.2620192307692308 0.19471153846153846 0.09375 0.10336538461538462
0 0.3683894230769231 0.24098557692307693 0.08533653846153846 0.10697115384615385
0 0.2962740384615385 0.2644230769230769 0.08533653846153846 0.08653846153846154
0 0.1875 0.22536057692307693 0.09134615384615385 0.10697115384615385
0 0.06670673076923077 0.13822115384615385 0.09735576923076923 0.08653846153846154
0 0.08233173076923077 0.18930288461538464 0.08774038461538462 0.08293269230769232
0 0.017427884615384616 0.1670673076923077 0.03485576923076923 0.08173076923076923
0 0.030048076923076924 0.22716346153846156 0.06009615384615385 0.08173076923076923
0 0.11358173076923078 0.2608173076923077 0.09975961538461539 0.11057692307692309
0 0.04326923076923077 0.2890625 0.08653846153846154 0.10697115384615385
0 0.21814903846153846 0.30949519230769235 0.08533653846153846 0.08293269230769232
0 0.006610576923076924 0.3191105769230769 0.013221153846153848 0.1045673076923077
0 0.3978365384615385 0.3161057692307693 0.08413461538461539 0.09615384615384616
0 0.5138221153846154 0.3575721153846154 0.1045673076923077 0.11418269230769232
0 0.4375 0.3936298076923077 0.09855769230769232 0.09975961538461539
0 0.3293269230769231 0.3467548076923077 0.08653846153846154 0.09495192307692309
0 0.36117788461538464 0.421875 0.10216346153846155 0.10817307692307693
0 0.39242788461538464 0.5042067307692308 0.09254807692307693 0.09254807692307693
0 0.32572115384615385 0.5342548076923077 0.09615384615384616 0.09495192307692309
0 0.25540865384615385 0.3792067307692308 0.09735576923076923 0.09014423076923077
0 0.2878605769230769 0.45072115384615385 0.09495192307692309 0.10336538461538462
0 0.14543269230769232 0.3353365384615385 0.09134615384615385 0.09134615384615385
0 0.18329326923076925 0.4074519230769231 0.08533653846153846 0.09134615384615385
0 0.2169471153846154 0.48617788461538464 0.09735576923076923 0.10697115384615385
0 0.07391826923076923 0.3659855769230769 0.09014423076923077 0.09975961538461539
0 0.10216346153846155 0.44290865384615385 0.08173076923076923 0.09735576923076923
0 0.14242788461538464 0.522235576923077 0.10216346153846155 0.1045673076923077
0 0.022235576923076924 0.4008413461538462 0.04447115384615385 0.09975961538461539
0 0.038461538461538464 0.4765625 0.07692307692307693 0.09495192307692309
0 0.06310096153846154 0.5546875 0.10216346153846155 0.109375
0 0.021634615384615384 0.5865384615384616 0.04326923076923077 0.11778846153846155
0 0.006009615384615385 0.5114182692307693 0.01201923076923077 0.10697115384615385
0 0.08052884615384616 0.7091346153846154 0.09855769230769232 0.13461538461538464
0 0.040865384615384616 0.7301682692307693 0.08173076923076923 0.1358173076923077
