0 0.3161057692307693 0.4765625 0.08173076923076923 0.030048076923076924
0 0.234375 0.4519230769230769 0.08413461538461539 0.028846153846153848
0 0.15384615384615385 0.4441105769230769 0.06009615384615385 0.03245192307692308
0 0.19110576923076925 0.4675480769230769 0.14423076923076925 0.05048076923076923
0 0.23016826923076925 0.46574519230769235 0.07572115384615385 0.030048076923076924
0 0.31490384615384615 0.48978365384615385 0.08173076923076923 0.030048076923076924
0 0.31009615384615385 0.5030048076923077 0.07932692307692309 0.030048076923076924
0 0.30528846153846156 0.515625 0.07932692307692309 0.03125
0 0.18689903846153846 0.48497596153846156 0.14783653846153846 0.04927884615384616
0 0.18449519230769232 0.4951923076923077 0.14543269230769232 0.05048076923076923
0 0.17908653846153846 0.5102163461538461 0.1514423076923077 0.054086538461538464
0 0.2998798076923077 0.5270432692307693 0.08052884615384616 0.037259615384615384
0 0.296875 0.5420673076923077 0.07932692307692309 0.03365384615384616
0 0.2932692307692308 0.5588942307692308 0.07932692307692309 0.03125
0 0.20973557692307693 0.5354567307692308 0.07572115384615385 0.03245192307692308
