0 0.8575721153846154 0.009615384615384616 0.24639423076923078 0.019230769230769232
0 0.8635817307692308 0.03605769230769231 0.1935096153846154 0.021634615384615384
0 0.859375 0.05949519230769231 0.16105769230769232 0.018028846153846156
0 0.8587740384615385 0.08653846153846154 0.08533653846153846 0.019230769230769232
0 0.47776442307692313 0.0078125 0.28966346153846156 0.015625
0 0.44230769230769235 0.034254807692307696 0.3004807692307693 0.022836538461538464
0 0.6676682692307693 0.03665865384615385 0.10216346153846155 0.022836538461538464
0 0.662860576923077 0.06911057692307693 0.1358173076923077 0.022836538461538464
0 0.6670673076923077 0.09134615384615385 0.19230769230769232 0.021634615384615384
0 0.6664663461538461 0.11538461538461539 0.2247596153846154 0.026442307692307696
0 0.6622596153846154 0.14182692307692307 0.2884615384615385 0.028846153846153848
0 0.6502403846153847 0.16766826923076925 0.3197115384615385 0.030048076923076924
0 0.6280048076923077 0.19170673076923078 0.32091346153846156 0.022836538461538464
0 0.4056490384615385 0.06430288461538462 0.3040865384615385 0.018028846153846156
0 0.3774038461538462 0.10096153846153846 0.31009615384615385 0.02403846153846154
0 0.34375 0.13401442307692307 0.2956730769230769 0.02764423076923077
0 0.3137019230769231 0.16646634615384617 0.3028846153846154 0.022836538461538464
0 0.27824519230769235 0.1965144230769231 0.30649038461538464 0.022836538461538464
0 0.24399038461538464 0.2295673076923077 0.3028846153846154 0.02403846153846154
0 0.2109375 0.2608173076923077 0.30168269230769235 0.026442307692307696
0 0.17668269230769232 0.296875 0.3028846153846154 0.02403846153846154
0 0.6219951923076923 0.21935096153846156 0.30168269230769235 0.022836538461538464
0 0.5745192307692308 0.24278846153846156 0.3293269230769231 0.026442307692307696
0 0.5504807692307693 0.26802884615384615 0.32211538461538464 0.02403846153846154
0 0.5198317307692308 0.29146634615384615 0.3353365384615385 0.02764423076923077
0 0.49399038461538464 0.31790865384615385 0.34134615384615385 0.02764423076923077
0 0.9158653846153847 0.35216346153846156 0.16826923076923078 0.21634615384615385
0 0.9068509615384616 0.3671875 0.18629807692307693 0.21274038461538464
0 0.8996394230769231 0.3840144230769231 0.20072115384615385 0.21274038461538464
0 0.8822115384615385 0.3996394230769231 0.21153846153846156 0.21033653846153846
0 0.8671875 0.41887019230769235 0.21274038461538464 0.21514423076923078
0 0.6977163461538461 0.8203125 0.6045673076923077 0.359375
0 0.46935096153846156 0.3419471153846154 0.3137019230769231 0.02764423076923077
0 0.43810096153846156 0.3671875 0.3353365384615385 0.02764423076923077
0 0.4182692307692308 0.390625 0.3317307692307693 0.026442307692307696
0 0.390625 0.41586538461538464 0.31730769230769235 0.026442307692307696
0 0.3653846153846154 0.44290865384615385 0.3293269230769231 0.02764423076923077
0 0.34134615384615385 0.46634615384615385 0.3197115384615385 0.03365384615384616
0 0.3082932692307693 0.4921875 0.3137019230769231 0.030048076923076924
0 0.2854567307692308 0.5162259615384616 0.32572115384615385 0.03245192307692308
0 0.2620192307692308 0.5438701923076923 0.3293269230769231 0.030048076923076924
0 0.22836538461538464 0.5667067307692308 0.3245192307692308 0.025240384615384616
0 0.2061298076923077 0.5919471153846154 0.33052884615384615 0.030048076923076924
0 0.18209134615384617 0.6177884615384616 0.33052884615384615 0.026442307692307696
0 0.15625 0.6418269230769231 0.3125 0.026442307692307696
0 0.1466346153846154 0.6688701923076923 0.2932692307692308 0.02764423076923077
0 0.13521634615384617 0.6893028846153847 0.27043269230769235 0.025240384615384616
0 0.11838942307692309 0.7157451923076924 0.23677884615384617 0.030048076923076924
0 0.10757211538461539 0.7391826923076924 0.21514423076923078 0.021634615384615384
0 0.09735576923076923 0.7680288461538461 0.19230769230769232 0.026442307692307696
0 0.08713942307692309 0.7908653846153847 0.140625 0.019230769230769232
0 0.08533653846153846 0.819110576923077 0.09855769230769232 0.020432692307692308
0 0.0889423076923077 0.8455528846153847 0.06009615384615385 0.020432692307692308
0 0.14483173076923078 0.3269230769230769 0.28966346153846156 0.02403846153846154
0 0.1268028846153846 0.36117788461538464 0.2536057692307692 0.025240384615384616
0 0.11538461538461539 0.3936298076923077 0.23076923076923078 0.025240384615384616
0 0.09435096153846155 0.42668269230769235 0.1887019230769231 0.02403846153846154
0 0.07992788461538462 0.4591346153846154 0.15985576923076925 0.026442307692307696
0 0.06129807692307693 0.49278846153846156 0.12259615384615385 0.026442307692307696
0 0.04747596153846154 0.5276442307692308 0.09495192307692309 0.02403846153846154
0 0.02764423076923077 0.5588942307692308 0.05528846153846154 0.02403846153846154
