0 0.990985576923077 0.07271634615384616 0.018028846153846156 0.025240384615384616
0 0.9777644230769231 0.10697115384615385 0.04447115384615385 0.026442307692307696
0 0.9609375 0.140625 0.078125 0.02403846153846154
0 0.9387019230769231 0.17247596153846154 0.12259615384615385 0.030048076923076924
0 0.9260817307692308 0.20492788461538464 0.14783653846153846 0.022836538461538464
0 0.9068509615384616 0.2373798076923077 0.18629807692307693 0.022836538461538464
0 0.9044471153846154 0.27043269230769235 0.19110576923076925 0.021634615384615384
0 0.9200721153846154 0.3034855769230769 0.15985576923076925 0.022836538461538464
0 0.9368990384615385 0.3359375 0.12620192307692307 0.020432692307692308
0 0.9405048076923077 0.3701923076923077 0.07091346153846154 0.02403846153846154
0 0.7776442307692308 0.30649038461538464 0.07932692307692309 0.021634615384615384
0 0.7770432692307693 0.34375 0.14783653846153846 0.021634615384615384
0 0.7794471153846154 0.37680288461538464 0.21033653846153846 0.022836538461538464
0 0.7752403846153847 0.4086538461538462 0.28365384615384615 0.026442307692307696
0 0.7457932692307693 0.4435096153846154 0.28966346153846156 0.02403846153846154
0 0.7103365384615385 0.47415865384615385 0.3004807692307693 0.022836538461538464
0 0.9356971153846154 0.4765625 0.10216346153846155 0.022836538461538464
0 0.9308894230769231 0.5090144230769231 0.1358173076923077 0.022836538461538464
0 0.9194711538461539 0.53125 0.16105769230769232 0.021634615384615384
0 0.9110576923076924 0.5552884615384616 0.1778846153846154 0.026442307692307696
0 0.8930288461538463 0.5817307692307693 0.2139423076923077 0.028846153846153848
0 0.8792067307692308 0.6075721153846154 0.24158653846153846 0.030048076923076924
0 0.8677884615384616 0.631610576923077 0.2644230769230769 0.022836538461538464
0 0.6736778846153847 0.5042067307692308 0.3040865384615385 0.018028846153846156
0 0.6454326923076923 0.5408653846153847 0.31009615384615385 0.02403846153846154
0 0.6117788461538461 0.5739182692307693 0.2956730769230769 0.02764423076923077
0 0.5817307692307693 0.6063701923076923 0.3028846153846154 0.022836538461538464
0 0.5462740384615385 0.6364182692307693 0.30649038461538464 0.022836538461538464
0 0.5120192307692308 0.6694711538461539 0.3028846153846154 0.02403846153846154
0 0.4789663461538462 0.7007211538461539 0.30168269230769235 0.026442307692307696
0 0.4447115384615385 0.7367788461538461 0.3028846153846154 0.02403846153846154
0 0.8695913461538463 0.6592548076923077 0.2608173076923077 0.022836538461538464
0 0.8389423076923077 0.6826923076923077 0.32211538461538464 0.026442307692307696
0 0.8185096153846154 0.7079326923076924 0.32211538461538464 0.02403846153846154
0 0.787860576923077 0.7313701923076924 0.3353365384615385 0.02764423076923077
0 0.7620192307692308 0.7578125 0.34134615384615385 0.02764423076923077
0 0.7373798076923077 0.7818509615384616 0.3137019230769231 0.02764423076923077
0 0.7061298076923077 0.8070913461538461 0.3353365384615385 0.02764423076923077
0 0.686298076923077 0.8305288461538461 0.3317307692307693 0.026442307692307696
0 0.6586538461538461 0.8557692307692308 0.31730769230769235 0.026442307692307696
0 0.6334134615384616 0.8828125 0.3293269230769231 0.02764423076923077
0 0.609375 0.90625 0.3197115384615385 0.03365384615384616
0 0.5763221153846154 0.9320913461538463 0.3137019230769231 0.030048076923076924
0 0.553485576923077 0.9561298076923077 0.32572115384615385 0.03245192307692308
0 0.530048076923077 0.9837740384615385 0.3293269230769231 0.030048076923076924
0 0.4963942307692308 0.9969951923076924 0.3245192307692308 0.006009615384615385
0 0.4092548076923077 0.7668269230769231 0.296875 0.02403846153846154
0 0.37199519230769235 0.8010817307692308 0.29927884615384615 0.025240384615384616
0 0.3419471153846154 0.8335336538461539 0.3137019230769231 0.025240384615384616
0 0.3046875 0.8665865384615385 0.3040865384615385 0.02403846153846154
0 0.27584134615384615 0.8990384615384616 0.3040865384615385 0.026442307692307696
0 0.23918269230769232 0.9326923076923077 0.3028846153846154 0.026442307692307696
0 0.21274038461538464 0.967548076923077 0.3004807692307693 0.02403846153846154
0 0.19290865384615385 0.9933894230769231 0.2608173076923077 0.013221153846153848
