0 0.7415865384615385 0.24879807692307693 0.06009615384615385 0.05048076923076923
0 0.8407451923076924 0.20552884615384617 0.13341346153846154 0.125
0 0.6310096153846154 0.3503605769230769 0.05288461538461539 0.054086538461538464
1 0.5889423076923077 0.6634615384615385 0.040865384615384616 0.05048076923076923
0 0.39603365384615385 0.45012019230769235 0.030048076923076924 0.03485576923076923
0 0.4008413461538462 0.7584134615384616 0.09735576923076923 0.125
0 0.09254807692307693 0.803485576923077 0.06490384615384616 0.05168269230769231
0 0.04567307692307693 0.7349759615384616 0.06971153846153846 0.06370192307692309
0 0.2824519230769231 0.8804086538461539 0.028846153846153848 0.022836538461538464
0 0.15625 0.9885817307692308 0.0625 0.022836538461538464
