0 0.7728365384615385 0.15384615384615385 0.15625 0.13701923076923078
0 0.6682692307692308 0.19471153846153846 0.10336538461538462 0.10817307692307693
0 0.8137019230769231 0.2373798076923077 0.1514423076923077 0.1310096153846154
0 0.8455528846153847 0.3317307692307693 0.11899038461538462 0.12980769230769232
0 0.9230769230769231 0.33653846153846156 0.11057692307692309 0.11298076923076923
0 0.9477163461538463 0.40625 0.1045673076923077 0.10576923076923078
0 0.7127403846153847 0.28605769230769235 0.09855769230769232 0.1201923076923077
0 0.7512019230769231 0.3762019230769231 0.09134615384615385 0.11298076923076923
0 0.8689903846153847 0.4284855769230769 0.11057692307692309 0.11418269230769232
0 0.8978365384615385 0.5042067307692308 0.09855769230769232 0.10216346153846155
0 0.9368990384615385 0.5823317307692308 0.09495192307692309 0.09735576923076923
0 0.6243990384615385 0.2884615384615385 0.109375 0.12980769230769232
0 0.5661057692307693 0.31730769230769235 0.07932692307692309 0.12259615384615385
0 0.600360576923077 0.43088942307692313 0.09735576923076923 0.13341346153846154
0 0.6790865384615385 0.3996394230769231 0.10096153846153846 0.1310096153846154
0 0.795673076923077 0.4603365384615385 0.09855769230769232 0.10576923076923078
0 0.717548076923077 0.49399038461538464 0.09375 0.10336538461538462
0 0.8239182692307693 0.5402644230769231 0.08533653846153846 0.10697115384615385
0 0.7518028846153847 0.5637019230769231 0.08533653846153846 0.08653846153846154
0 0.6430288461538461 0.5246394230769231 0.09134615384615385 0.10697115384615385
0 0.522235576923077 0.4375 0.09735576923076923 0.08653846153846154
0 0.537860576923077 0.4885817307692308 0.08774038461538462 0.08293269230769232
0 0.44651442307692313 0.46634615384615385 0.08774038461538462 0.08173076923076923
0 0.47055288461538464 0.5264423076923077 0.09014423076923077 0.08173076923076923
0 0.569110576923077 0.5600961538461539 0.09975961538461539 0.11057692307692309
0 0.4945913461538462 0.5883413461538461 0.09495192307692309 0.10697115384615385
0 0.6736778846153847 0.6087740384615385 0.08533653846153846 0.08293269230769232
0 0.4182692307692308 0.6183894230769231 0.10096153846153846 0.1045673076923077
0 0.8533653846153847 0.6153846153846154 0.08413461538461539 0.09615384615384616
0 0.9585336538461539 0.6568509615384616 0.08293269230769232 0.11418269230769232
0 0.8930288461538463 0.6929086538461539 0.09855769230769232 0.09975961538461539
0 0.7848557692307693 0.6460336538461539 0.08653846153846154 0.09495192307692309
0 0.8167067307692308 0.7211538461538461 0.10216346153846155 0.10817307692307693
0 0.8479567307692308 0.803485576923077 0.09254807692307693 0.09254807692307693
0 0.78125 0.8335336538461539 0.09615384615384616 0.09495192307692309
0 0.7109375 0.678485576923077 0.09735576923076923 0.09014423076923077
0 0.7433894230769231 0.75 0.09495192307692309 0.10336538461538462
0 0.6009615384615385 0.6346153846153847 0.09134615384615385 0.09134615384615385
0 0.6388221153846154 0.7067307692307693 0.08533653846153846 0.09134615384615385
0 0.6724759615384616 0.7854567307692308 0.09735576923076923 0.10697115384615385
0 0.5294471153846154 0.6652644230769231 0.09014423076923077 0.09975961538461539
0 0.5576923076923077 0.7421875 0.08173076923076923 0.09735576923076923
0 0.5979567307692308 0.8215144230769231 0.10216346153846155 0.1045673076923077
0 0.45853365384615385 0.7001201923076924 0.08293269230769232 0.09975961538461539
0 0.34134615384615385 0.6532451923076923 0.09855769230769232 0.11418269230769232
0 0.37680288461538464 0.7307692307692308 0.09254807692307693 0.09855769230769232
0 0.4909855769230769 0.7758413461538461 0.08293269230769232 0.09495192307692309
0 0.5186298076923077 0.8539663461538463 0.10216346153846155 0.109375
0 0.44711538461538464 0.8858173076923077 0.10336538461538462 0.11778846153846155
0 0.4152644230769231 0.8106971153846154 0.1045673076923077 0.10697115384615385
0 0.5360576923076923 0.9705528846153847 0.09855769230769232 0.058894230769230775
0 0.4885817307692308 0.9807692307692308 0.09735576923076923 0.038461538461538464
