0 0.6280048076923077 0.22235576923076925 0.05168269230769231 0.04326923076923077
0 0.569110576923077 0.33353365384615385 0.11418269230769232 0.11177884615384616
0 0.22055288461538464 0.3191105769230769 0.15504807692307693 0.12620192307692307
0 0.08052884615384616 0.3948317307692308 0.16105769230769232 0.12379807692307693
0 0.8497596153846154 0.4182692307692308 0.19230769230769232 0.19471153846153846
0 0.44711538461538464 0.5961538461538461 0.06490384615384616 0.07451923076923077
0 0.3762019230769231 0.6328125 0.05048076923076923 0.07572115384615385
0 0.28365384615384615 0.7043269230769231 0.20192307692307693 0.14903846153846154
0 0.10516826923076923 0.7421875 0.09735576923076923 0.11899038461538462
0 0.05588942307692308 0.6574519230769231 0.09735576923076923 0.10817307692307693
0 0.026442307692307696 0.5751201923076923 0.05288461538461539 0.09495192307692309
0 0.06490384615384616 0.5426682692307693 0.09855769230769232 0.09014423076923077
0 0.12620192307692307 0.6634615384615385 0.11298076923076923 0.21153846153846156
