0 0.3701923076923077 0.3503605769230769 0.12740384615384617 0.15024038461538464
0 0.740985576923077 0.13822115384615385 0.12379807692307693 0.13942307692307693
0 0.8323317307692308 0.07572115384615385 0.13341346153846154 0.13461538461538464
0 0.9290865384615385 0.04387019230769231 0.125 0.08774038461538462
0 0.9663461538461539 0.14423076923076925 0.06730769230769232 0.09855769230769232
0 0.9489182692307693 0.16346153846153846 0.07572115384615385 0.09134615384615385
0 0.8774038461538463 0.2061298076923077 0.07451923076923077 0.09254807692307693
0 0.8539663461538463 0.22295673076923078 0.08293269230769232 0.09735576923076923
0 0.9260817307692308 0.3389423076923077 0.09735576923076923 0.12980769230769232
0 0.951923076923077 0.3197115384615385 0.09615384615384616 0.13461538461538464
0 0.9789663461538463 0.28185096153846156 0.042067307692307696 0.13341346153846154
0 0.990985576923077 0.4170673076923077 0.018028846153846156 0.09375
0 0.9759615384615385 0.43930288461538464 0.04807692307692308 0.08774038461538462
0 0.6033653846153847 0.41105769230769235 0.3028846153846154 0.4254807692307693
0 0.5264423076923077 0.5540865384615385 0.2139423076923077 0.31490384615384615
0 0.41165865384615385 0.6322115384615385 0.23197115384615385 0.3293269230769231
0 0.2734375 0.6388221153846154 0.15264423076923078 0.20552884615384617
0 0.3551682692307693 0.670673076923077 0.2247596153846154 0.3076923076923077
0 0.5649038461538461 0.5336538461538461 0.21634615384615385 0.3076923076923077
0 0.6965144230769231 0.3713942307692308 0.33774038461538464 0.4278846153846154
