0 0.3936298076923077 0.2890625 0.09735576923076923 0.09735576923076923
0 0.4170673076923077 0.3864182692307693 0.23798076923076925 0.21514423076923078
0 0.3942307692307693 0.4375 0.21875 0.22115384615384617
0 0.2764423076923077 0.421875 0.0625 0.07692307692307693
0 0.6069711538461539 0.48137019230769235 0.05048076923076923 0.054086538461538464
0 0.6520432692307693 0.41466346153846156 0.09254807692307693 0.10336538461538462
0 0.7103365384615385 0.3395432692307693 0.09375 0.1045673076923077
0 0.04807692307692308 0.9537259615384616 0.09615384615384616 0.09254807692307693
0 0.14723557692307693 0.8575721153846154 0.1622596153846154 0.15985576923076925
0 0.025240384615384616 0.24879807692307693 0.05048076923076923 0.09134615384615385
