0 0.30649038461538464 0.5102163461538461 0.08173076923076923 0.030048076923076924
0 0.2247596153846154 0.48557692307692313 0.08413461538461539 0.028846153846153848
0 0.14423076923076925 0.47776442307692313 0.06009615384615385 0.03245192307692308
0 0.18149038461538464 0.5012019230769231 0.14423076923076925 0.05048076923076923
0 0.22055288461538464 0.4993990384615385 0.07572115384615385 0.030048076923076924
0 0.30528846153846156 0.5234375 0.08173076923076923 0.030048076923076924
0 0.3004807692307693 0.5366586538461539 0.07932692307692309 0.030048076923076924
0 0.2956730769230769 0.5492788461538461 0.07932692307692309 0.03125
0 0.17728365384615385 0.5186298076923077 0.14783653846153846 0.04927884615384616
0 0.1748798076923077 0.5288461538461539 0.14543269230769232 0.05048076923076923
0 0.16947115384615385 0.5438701923076923 0.1514423076923077 0.054086538461538464
0 0.2902644230769231 0.5606971153846154 0.08052884615384616 0.037259615384615384
0 0.2872596153846154 0.5757211538461539 0.07932692307692309 0.03365384615384616
0 0.28365384615384615 0.592548076923077 0.07932692307692309 0.03125
0 0.20012019230769232 0.569110576923077 0.07572115384615385 0.03245192307692308
