0 0.8245192307692308 0.025240384615384616 0.12259615384615385 0.05048076923076923
0 0.9627403846153847 0.16045673076923078 0.07451923076923077 0.12860576923076925
0 0.6165865384615385 0.30168269230769235 0.02403846153846154 0.026442307692307696
0 0.5240384615384616 0.46995192307692313 0.03365384615384616 0.038461538461538464
0 0.5709134615384616 0.5060096153846154 0.03605769230769231 0.040865384615384616
0 0.6376201923076923 0.5510817307692308 0.08774038461538462 0.09975961538461539
0 0.6766826923076923 0.6051682692307693 0.08653846153846154 0.09014423076923077
0 0.24399038461538464 0.049879807692307696 0.04807692307692308 0.03245192307692308
0 0.29146634615384615 0.057692307692307696 0.046875 0.04326923076923077
0 0.3293269230769231 0.07872596153846154 0.04567307692307693 0.046875
0 0.1358173076923077 0.21935096153846156 0.0625 0.0733173076923077
0 0.18509615384615385 0.2433894230769231 0.026442307692307696 0.030048076923076924
0 0.2842548076923077 0.2842548076923077 0.06850961538461539 0.07572115384615385
0 0.32211538461538464 0.3137019230769231 0.028846153846153848 0.03605769230769231
