0 0.21334134615384617 0.4134615384615385 0.08052884615384616 0.06971153846153846
0 0.2764423076923077 0.3858173076923077 0.07692307692307693 0.06490384615384616
0 0.36778846153846156 0.34375 0.14903846153846154 0.09855769230769232
0 0.5036057692307693 0.3449519230769231 0.0889423076923077 0.09615384615384616
0 0.537860576923077 0.4128605769230769 0.08052884615384616 0.09254807692307693
0 0.5721153846153847 0.48918269230769235 0.08173076923076923 0.10336538461538462
0 0.5625 0.31790865384615385 0.08653846153846154 0.10697115384615385
0 0.625 0.4483173076923077 0.13461538461538464 0.19951923076923078
0 0.5330528846153847 0.6334134615384616 0.10216346153846155 0.0889423076923077
0 0.4513221153846154 0.6700721153846154 0.11177884615384616 0.09735576923076923
0 0.3653846153846154 0.7127403846153847 0.11298076923076923 0.08653846153846154
