0 0.30528846153846156 0.1856971153846154 0.12259615384615385 0.11177884615384616
0 0.6123798076923077 0.5799278846153847 0.09735576923076923 0.09735576923076923
0 0.6358173076923077 0.6772836538461539 0.23798076923076925 0.21514423076923078
0 0.6129807692307693 0.7283653846153847 0.21875 0.22115384615384617
0 0.4951923076923077 0.7127403846153847 0.0625 0.07692307692307693
0 0.8257211538461539 0.772235576923077 0.05048076923076923 0.054086538461538464
0 0.8707932692307693 0.7055288461538461 0.09254807692307693 0.10336538461538462
0 0.9290865384615385 0.6304086538461539 0.09375 0.1045673076923077
0 0.22836538461538464 0.5396634615384616 0.08173076923076923 0.09134615384615385
0 0.18149038461538464 0.5625 0.04326923076923077 0.040865384615384616
