0 0.19110576923076925 0.11177884615384616 0.3822115384615385 0.22355769230769232
0 0.21153846153846156 0.15204326923076925 0.42307692307692313 0.3040865384615385
0 0.21814903846153846 0.19290865384615385 0.4362980769230769 0.3858173076923077
0 0.2265625 0.23197115384615385 0.453125 0.4639423076923077
0 0.21574519230769232 0.2716346153846154 0.43149038461538464 0.5432692307692308
0 0.5036057692307693 0.11598557692307693 0.11057692307692309 0.046875
0 0.4807692307692308 0.18329326923076925 0.21153846153846156 0.05168269230769231
0 0.46153846153846156 0.2566105769230769 0.3125 0.05168269230769231
0 0.4411057692307693 0.32091346153846156 0.4182692307692308 0.05528846153846154
0 0.41165865384615385 0.38762019230769235 0.5228365384615384 0.054086538461538464
0 0.3870192307692308 0.4567307692307693 0.6298076923076923 0.0625
0 0.36478365384615385 0.5246394230769231 0.7295673076923077 0.07091346153846154
0 0.3743990384615385 0.5883413461538461 0.748798076923077 0.078125
0 0.38040865384615385 0.6574519230769231 0.7608173076923077 0.08413461538461539
0 0.38822115384615385 0.7259615384615385 0.7764423076923077 0.08413461538461539
0 0.3930288461538462 0.796875 0.7860576923076924 0.08413461538461539
0 0.3293269230769231 0.8671875 0.6586538461538461 0.078125
0 0.3125 0.9387019230769231 0.625 0.08173076923076923
0 0.2698317307692308 0.9879807692307693 0.5396634615384616 0.02403846153846154
