0 0.3870192307692308 0.07572115384615385 0.7740384615384616 0.1514423076923077
0 0.7463942307692308 0.011418269230769232 0.5072115384615384 0.022836538461538464
0 0.7073317307692308 0.06490384615384616 0.5853365384615385 0.0625
0 0.6682692307692308 0.1328125 0.6634615384615385 0.07091346153846154
0 0.6292067307692308 0.1965144230769231 0.7415865384615385 0.078125
0 0.5835336538461539 0.265625 0.8329326923076924 0.08413461538461539
0 0.537860576923077 0.3341346153846154 0.9242788461538463 0.08413461538461539
0 0.5 0.4050480769230769 1.0 0.08413461538461539
0 0.5 0.4753605769230769 1.0 0.078125
0 0.4837740384615385 0.546875 0.967548076923077 0.08173076923076923
0 0.4411057692307693 0.6225961538461539 0.8822115384615385 0.07692307692307693
0 0.3972355769230769 0.6850961538461539 0.7920673076923077 0.07692307692307693
0 0.3629807692307693 0.7560096153846154 0.6826923076923077 0.07211538461538462
0 0.328125 0.8209134615384616 0.576923076923077 0.07211538461538462
0 0.29387019230769235 0.889423076923077 0.4723557692307693 0.06490384615384616
0 0.2608173076923077 0.9555288461538463 0.37259615384615385 0.05528846153846154
