0 0.7223557692307693 0.011418269230769232 0.2956730769230769 0.022836538461538464
0 0.7049278846153847 0.04447115384615385 0.27043269230769235 0.021634615384615384
0 0.701923076923077 0.07752403846153846 0.20192307692307693 0.022836538461538464
0 0.7013221153846154 0.10997596153846155 0.13341346153846154 0.020432692307692308
0 0.7013221153846154 0.14423076923076925 0.07091346153846154 0.02403846153846154
0 0.9609375 0.002403846153846154 0.078125 0.004807692307692308
0 0.9471153846153847 0.022235576923076924 0.10576923076923078 0.022836538461538464
0 0.9393028846153847 0.048677884615384616 0.12139423076923078 0.022836538461538464
0 0.9248798076923077 0.0733173076923077 0.15024038461538464 0.026442307692307696
0 0.9086538461538463 0.09555288461538462 0.1826923076923077 0.02764423076923077
0 0.8996394230769231 0.12259615384615385 0.20072115384615385 0.026442307692307696
0 0.8870192307692308 0.14603365384615385 0.22596153846153846 0.022836538461538464
0 0.8834134615384616 0.1748798076923077 0.23317307692307693 0.02764423076923077
0 0.8792067307692308 0.19891826923076925 0.24158653846153846 0.02764423076923077
0 0.881610576923077 0.22055288461538464 0.23677884615384617 0.025240384615384616
0 0.8924278846153847 0.25 0.1935096153846154 0.021634615384615384
0 0.8882211538461539 0.2734375 0.16105769230769232 0.018028846153846156
0 0.8876201923076924 0.3004807692307693 0.08533653846153846 0.019230769230769232
0 0.5384615384615385 0.08052884615384616 0.07932692307692309 0.021634615384615384
0 0.537860576923077 0.11778846153846155 0.14783653846153846 0.021634615384615384
0 0.5402644230769231 0.15084134615384617 0.21033653846153846 0.022836538461538464
0 0.5360576923076923 0.1826923076923077 0.28365384615384615 0.026442307692307696
0 0.506610576923077 0.21754807692307693 0.28966346153846156 0.02403846153846154
0 0.4711538461538462 0.2481971153846154 0.3004807692307693 0.022836538461538464
0 0.6965144230769231 0.25060096153846156 0.10216346153846155 0.022836538461538464
0 0.6917067307692308 0.28305288461538464 0.1358173076923077 0.022836538461538464
0 0.6959134615384616 0.30528846153846156 0.19230769230769232 0.021634615384615384
0 0.6953125 0.3293269230769231 0.2247596153846154 0.026442307692307696
0 0.6911057692307693 0.3557692307692308 0.2884615384615385 0.028846153846153848
0 0.6790865384615385 0.3816105769230769 0.3197115384615385 0.030048076923076924
0 0.6568509615384616 0.4056490384615385 0.32091346153846156 0.022836538461538464
0 0.43449519230769235 0.27824519230769235 0.3040865384615385 0.018028846153846156
0 0.40625 0.31490384615384615 0.31009615384615385 0.02403846153846154
0 0.37259615384615385 0.3479567307692308 0.2956730769230769 0.02764423076923077
0 0.3425480769230769 0.38040865384615385 0.3028846153846154 0.022836538461538464
0 0.30709134615384615 0.4104567307692308 0.30649038461538464 0.022836538461538464
0 0.2728365384615385 0.4435096153846154 0.3028846153846154 0.02403846153846154
0 0.23978365384615385 0.4747596153846154 0.30168269230769235 0.026442307692307696
0 0.20552884615384617 0.5108173076923077 0.3028846153846154 0.02403846153846154
0 0.6508413461538461 0.4332932692307693 0.30168269230769235 0.022836538461538464
0 0.6033653846153847 0.4567307692307693 0.3293269230769231 0.026442307692307696
0 0.5793269230769231 0.48197115384615385 0.32211538461538464 0.02403846153846154
0 0.5486778846153847 0.5054086538461539 0.3353365384615385 0.02764423076923077
0 0.5228365384615384 0.5318509615384616 0.34134615384615385 0.02764423076923077
0 0.9302884615384616 0.5661057692307693 0.13942307692307693 0.21634615384615385
0 0.9212740384615385 0.5811298076923077 0.15745192307692307 0.21274038461538464
0 0.9140625 0.5979567307692308 0.171875 0.21274038461538464
0 0.9026442307692308 0.6135817307692308 0.19471153846153846 0.21033653846153846
0 0.8948317307692308 0.6328125 0.21033653846153846 0.21514423076923078
0 0.7121394230769231 0.9272836538461539 0.5757211538461539 0.14543269230769232
0 0.4981971153846154 0.5558894230769231 0.3137019230769231 0.02764423076923077
0 0.4669471153846154 0.5811298076923077 0.3353365384615385 0.02764423076923077
0 0.44711538461538464 0.6045673076923077 0.3317307692307693 0.026442307692307696
0 0.41947115384615385 0.6298076923076923 0.31730769230769235 0.026442307692307696
0 0.3942307692307693 0.6568509615384616 0.3293269230769231 0.02764423076923077
0 0.3701923076923077 0.6802884615384616 0.3197115384615385 0.03365384615384616
0 0.3371394230769231 0.7061298076923077 0.3137019230769231 0.030048076923076924
0 0.31430288461538464 0.7301682692307693 0.32572115384615385 0.03245192307692308
0 0.29086538461538464 0.7578125 0.3293269230769231 0.030048076923076924
0 0.2572115384615385 0.7806490384615385 0.3245192307692308 0.025240384615384616
0 0.23497596153846156 0.8058894230769231 0.33052884615384615 0.030048076923076924
0 0.2109375 0.8317307692307693 0.33052884615384615 0.026442307692307696
0 0.17728365384615385 0.8557692307692308 0.328125 0.026442307692307696
0 0.16105769230769232 0.8828125 0.32211538461538464 0.02764423076923077
0 0.14963942307692307 0.9032451923076924 0.29927884615384615 0.025240384615384616
0 0.1328125 0.9296875 0.265625 0.030048076923076924
0 0.12199519230769232 0.953125 0.24399038461538464 0.021634615384615384
0 0.12620192307692307 0.9819711538461539 0.19230769230769232 0.026442307692307696
0 0.11598557692307693 0.9975961538461539 0.140625 0.004807692307692308
0 0.1700721153846154 0.5408653846153847 0.296875 0.02403846153846154
0 0.14122596153846154 0.5751201923076923 0.2824519230769231 0.025240384615384616
0 0.12980769230769232 0.6075721153846154 0.25961538461538464 0.025240384615384616
0 0.10877403846153846 0.640625 0.21754807692307693 0.02403846153846154
0 0.09435096153846155 0.6730769230769231 0.1887019230769231 0.026442307692307696
0 0.07572115384615385 0.7067307692307693 0.1514423076923077 0.026442307692307696
0 0.061899038461538464 0.7415865384615385 0.12379807692307693 0.02403846153846154
0 0.042067307692307696 0.7728365384615385 0.08413461538461539 0.02403846153846154
0 0.02463942307692308 0.803485576923077 0.04927884615384616 0.02764423076923077
0 0.009014423076923078 0.8371394230769231 0.018028846153846156 0.020432692307692308
