0 0.4206730769230769 0.33653846153846156 0.2091346153846154 0.07932692307692309
0 0.17127403846153846 0.3653846153846154 0.1887019230769231 0.06490384615384616
0 0.1544471153846154 0.5907451923076923 0.14543269230769232 0.054086538461538464
0 0.3106971153846154 0.00841346153846154 0.03485576923076923 0.01682692307692308
0 0.2199519230769231 0.8617788461538463 0.3389423076923077 0.10096153846153846
0 0.7091346153846154 0.7908653846153847 0.14182692307692307 0.04567307692307693
0 0.7061298076923077 0.8227163461538461 0.140625 0.02764423076923077
0 0.7001201923076924 0.8713942307692308 0.13822115384615385 0.03605769230769231
0 0.6995192307692308 0.9104567307692308 0.14182692307692307 0.046875
0 0.6953125 0.959735576923077 0.14543269230769232 0.037259615384615384
0 0.6881009615384616 0.9891826923076924 0.15264423076923078 0.021634615384615384
0 0.6887019230769231 0.8677884615384616 0.23798076923076925 0.2644230769230769
