0 0.6063701923076923 0.2932692307692308 0.09014423076923077 0.0889423076923077
0 0.5294471153846154 0.36418269230769235 0.08293269230769232 0.07692307692307693
0 0.3858173076923077 0.3395432692307693 0.1778846153846154 0.1670673076923077
0 0.12079326923076923 0.4483173076923077 0.24158653846153846 0.23317307692307693
0 0.028846153846153848 0.4368990384615385 0.057692307692307696 0.11177884615384616
0 0.06490384615384616 0.38040865384615385 0.12259615384615385 0.109375
0 0.1310096153846154 0.32572115384615385 0.11538461538461539 0.11057692307692309
0 0.24098557692307693 0.6219951923076923 0.11899038461538462 0.11899038461538462
0 0.057692307692307696 0.6256009615384616 0.07692307692307693 0.08052884615384616
0 0.02403846153846154 0.6742788461538461 0.04807692307692308 0.08173076923076923
0 0.20552884615384617 0.5823317307692308 0.12740384615384617 0.11899038461538462
