0 0.8978365384615385 0.0018028846153846155 0.2043269230769231 0.003605769230769231
0 0.9002403846153847 0.01201923076923077 0.19951923076923078 0.02403846153846154
0 0.9164663461538463 0.040865384615384616 0.1670673076923077 0.021634615384615384
0 0.9224759615384616 0.06430288461538462 0.15504807692307693 0.018028846153846156
0 0.9248798076923077 0.09134615384615385 0.08533653846153846 0.019230769230769232
0 0.5438701923076923 0.010216346153846154 0.28966346153846156 0.020432692307692308
0 0.5084134615384616 0.0390625 0.3004807692307693 0.022836538461538464
0 0.7337740384615385 0.04146634615384616 0.10216346153846155 0.022836538461538464
0 0.7289663461538461 0.07391826923076923 0.1358173076923077 0.022836538461538464
0 0.733173076923077 0.09615384615384616 0.19230769230769232 0.021634615384615384
0 0.7325721153846154 0.1201923076923077 0.2247596153846154 0.026442307692307696
0 0.7283653846153847 0.1466346153846154 0.2884615384615385 0.028846153846153848
0 0.7163461538461539 0.17247596153846154 0.3197115384615385 0.030048076923076924
0 0.694110576923077 0.1965144230769231 0.32091346153846156 0.022836538461538464
0 0.4717548076923077 0.06911057692307693 0.3040865384615385 0.018028846153846156
0 0.4435096153846154 0.10576923076923078 0.31009615384615385 0.02403846153846154
0 0.4098557692307693 0.1388221153846154 0.2956730769230769 0.02764423076923077
0 0.37980769230769235 0.17127403846153846 0.3028846153846154 0.022836538461538464
0 0.34435096153846156 0.2013221153846154 0.30649038461538464 0.022836538461538464
0 0.31009615384615385 0.234375 0.3028846153846154 0.02403846153846154
0 0.2770432692307693 0.265625 0.30168269230769235 0.026442307692307696
0 0.24278846153846156 0.30168269230769235 0.3028846153846154 0.02403846153846154
0 0.6881009615384616 0.22415865384615385 0.30168269230769235 0.022836538461538464
0 0.640625 0.24759615384615385 0.3293269230769231 0.026442307692307696
0 0.6165865384615385 0.2728365384615385 0.32211538461538464 0.02403846153846154
0 0.5859375 0.2962740384615385 0.3353365384615385 0.02764423076923077
0 0.5600961538461539 0.32271634615384615 0.34134615384615385 0.02764423076923077
0 0.9489182692307693 0.35697115384615385 0.10216346153846155 0.21634615384615385
0 0.9399038461538463 0.37199519230769235 0.1201923076923077 0.21274038461538464
0 0.9326923076923077 0.3888221153846154 0.13461538461538464 0.21274038461538464
0 0.9212740384615385 0.4044471153846154 0.15745192307692307 0.21033653846153846
0 0.9134615384615385 0.42367788461538464 0.17307692307692307 0.21514423076923078
0 0.7307692307692308 0.8227163461538461 0.5384615384615385 0.3545673076923077
0 0.5354567307692308 0.3467548076923077 0.3137019230769231 0.02764423076923077
0 0.5042067307692308 0.37199519230769235 0.3353365384615385 0.02764423076923077
0 0.484375 0.39543269230769235 0.3317307692307693 0.026442307692307696
0 0.4567307692307693 0.4206730769230769 0.31730769230769235 0.026442307692307696
0 0.43149038461538464 0.4477163461538462 0.3293269230769231 0.02764423076923077
0 0.4074519230769231 0.4711538461538462 0.3197115384615385 0.03365384615384616
0 0.3743990384615385 0.49699519230769235 0.3137019230769231 0.030048076923076924
0 0.3515625 0.5210336538461539 0.32572115384615385 0.03245192307692308
0 0.328125 0.5486778846153847 0.3293269230769231 0.030048076923076924
0 0.29447115384615385 0.5715144230769231 0.3245192307692308 0.025240384615384616
0 0.2722355769230769 0.5967548076923077 0.33052884615384615 0.030048076923076924
0 0.2481971153846154 0.6225961538461539 0.33052884615384615 0.026442307692307696
0 0.21454326923076925 0.6466346153846154 0.328125 0.026442307692307696
0 0.1983173076923077 0.6736778846153847 0.32211538461538464 0.02764423076923077
0 0.17908653846153846 0.694110576923077 0.31490384615384615 0.025240384615384616
0 0.16045673076923078 0.7205528846153847 0.2848557692307693 0.030048076923076924
0 0.15264423076923078 0.7439903846153847 0.2572115384615385 0.021634615384615384
0 0.16346153846153846 0.7728365384615385 0.19230769230769232 0.026442307692307696
0 0.15324519230769232 0.795673076923077 0.140625 0.019230769230769232
0 0.1514423076923077 0.8239182692307693 0.09855769230769232 0.020432692307692308
0 0.15504807692307693 0.850360576923077 0.06009615384615385 0.020432692307692308
0 0.20733173076923078 0.3317307692307693 0.296875 0.02403846153846154
0 0.1700721153846154 0.3659855769230769 0.29927884615384615 0.025240384615384616
0 0.1484375 0.3984375 0.296875 0.025240384615384616
0 0.12740384615384617 0.43149038461538464 0.25480769230769235 0.02403846153846154
0 0.11298076923076923 0.4639423076923077 0.22596153846153846 0.026442307692307696
0 0.09435096153846155 0.49759615384615385 0.1887019230769231 0.026442307692307696
0 0.08052884615384616 0.5324519230769231 0.16105769230769232 0.02403846153846154
0 0.06069711538461539 0.5637019230769231 0.12139423076923078 0.02403846153846154
0 0.04326923076923077 0.5943509615384616 0.08653846153846154 0.02764423076923077
0 0.02764423076923077 0.6280048076923077 0.05528846153846154 0.020432692307692308
0 0.01201923076923077 0.6610576923076923 0.02403846153846154 0.021634615384615384
