0 0.020432692307692308 0.014423076923076924 0.040865384615384616 0.028846153846153848
0 0.05348557692307693 0.03485576923076923 0.06129807692307693 0.06009615384615385
0 0.09915865384615385 0.06971153846153846 0.06370192307692309 0.06009615384615385
0 0.14723557692307693 0.10396634615384616 0.06610576923076923 0.056490384615384616
0 0.07451923076923077 0.11117788461538462 0.06009615384615385 0.04927884615384616
0 0.11478365384615385 0.1436298076923077 0.042067307692307696 0.037259615384615384
0 0.017427884615384616 0.13942307692307693 0.03485576923076923 0.038461538461538464
0 0.006610576923076924 0.16887019230769232 0.013221153846153848 0.042067307692307696
0 0.05829326923076923 0.16887019230769232 0.05168269230769231 0.05168269230769231
0 0.028245192307692308 0.20192307692307693 0.05168269230769231 0.04326923076923077
0 0.4050480769230769 0.3389423076923077 0.05288461538461539 0.05048076923076923
0 0.37259615384615385 0.37980769230769235 0.05288461538461539 0.05288461538461539
0 0.3527644230769231 0.4044471153846154 0.042067307692307696 0.03966346153846154
0 0.33834134615384615 0.46995192307692313 0.0733173076923077 0.06009615384615385
0 0.3088942307692308 0.5078125 0.05528846153846154 0.06370192307692309
0 0.3629807692307693 0.5516826923076923 0.08653846153846154 0.07692307692307693
0 0.41105769230769235 0.5330528846153847 0.06490384615384616 0.05168269230769231
0 0.4789663461538462 0.35216346153846156 0.07091346153846154 0.06490384615384616
0 0.5252403846153847 0.3936298076923077 0.040865384615384616 0.037259615384615384
0 0.5060096153846154 0.41887019230769235 0.05048076923076923 0.04927884615384616
0 0.45492788461538464 0.38461538461538464 0.08293269230769232 0.07451923076923077
0 0.4290865384615385 0.421875 0.08173076923076923 0.06730769230769232
0 0.40324519230769235 0.4483173076923077 0.06850961538461539 0.06009615384615385
0 0.4873798076923077 0.46574519230769235 0.0733173076923077 0.06850961538461539
0 0.46574519230769235 0.49699519230769235 0.06850961538461539 0.054086538461538464
0 0.5480769230769231 0.5126201923076923 0.07451923076923077 0.07091346153846154
0 0.5216346153846154 0.5414663461538461 0.06971153846153846 0.06129807692307693
0 0.6177884615384616 0.4633413461538462 0.03365384615384616 0.03485576923076923
0 0.6388221153846154 0.5264423076923077 0.0733173076923077 0.07451923076923077
0 0.662860576923077 0.4987980769230769 0.06850961538461539 0.05528846153846154
0 0.7091346153846154 0.5330528846153847 0.040865384615384616 0.03966346153846154
0 0.6875 0.5631009615384616 0.05528846153846154 0.05168269230769231
0 0.6556490384615385 0.5955528846153847 0.054086538461538464 0.046875
0 0.6087740384615385 0.5655048076923077 0.0733173076923077 0.06850961538461539
0 0.6346153846153847 0.6298076923076923 0.04807692307692308 0.038461538461538464
0 0.5829326923076923 0.5919471153846154 0.07211538461538462 0.06129807692307693
0 0.6177884615384616 0.6887019230769231 0.04567307692307693 0.05048076923076923
0 0.5745192307692308 0.734375 0.05288461538461539 0.06490384615384616
0 0.19230769230769232 0.8305288461538461 0.028846153846153848 0.026442307692307696
