0 0.6899038461538461 0.005408653846153846 0.2956730769230769 0.010817307692307692
0 0.6724759615384616 0.03245192307692308 0.27043269230769235 0.021634615384615384
0 0.6694711538461539 0.0655048076923077 0.20192307692307693 0.022836538461538464
0 0.6688701923076923 0.09795673076923077 0.13341346153846154 0.020432692307692308
0 0.6688701923076923 0.13221153846153846 0.07091346153846154 0.02403846153846154
0 0.9308894230769231 0.010817307692307692 0.13822115384615385 0.021634615384615384
0 0.9230769230769231 0.03665865384615385 0.15384615384615385 0.022836538461538464
0 0.9086538461538463 0.06129807692307693 0.1826923076923077 0.026442307692307696
0 0.8924278846153847 0.08353365384615385 0.21514423076923078 0.02764423076923077
0 0.8834134615384616 0.11057692307692309 0.23317307692307693 0.026442307692307696
0 0.8707932692307693 0.13401442307692307 0.25841346153846156 0.022836538461538464
0 0.8671875 0.16286057692307693 0.265625 0.02764423076923077
0 0.8629807692307693 0.18689903846153846 0.27403846153846156 0.02764423076923077
0 0.8539663461538463 0.20853365384615385 0.24639423076923078 0.025240384615384616
0 0.8599759615384616 0.23798076923076925 0.1935096153846154 0.021634615384615384
0 0.8557692307692308 0.2614182692307692 0.16105769230769232 0.018028846153846156
0 0.8551682692307693 0.2884615384615385 0.08533653846153846 0.019230769230769232
0 0.5060096153846154 0.06850961538461539 0.07932692307692309 0.021634615384615384
0 0.5054086538461539 0.10576923076923078 0.14783653846153846 0.021634615384615384
0 0.5078125 0.1388221153846154 0.21033653846153846 0.022836538461538464
0 0.5036057692307693 0.17067307692307693 0.28365384615384615 0.026442307692307696
0 0.47415865384615385 0.20552884615384617 0.28966346153846156 0.02403846153846154
0 0.43870192307692313 0.23617788461538464 0.3004807692307693 0.022836538461538464
0 0.6640625 0.23858173076923078 0.10216346153846155 0.022836538461538464
0 0.6592548076923077 0.27103365384615385 0.1358173076923077 0.022836538461538464
0 0.6634615384615385 0.2932692307692308 0.19230769230769232 0.021634615384615384
0 0.662860576923077 0.31730769230769235 0.2247596153846154 0.026442307692307696
0 0.6586538461538461 0.34375 0.2884615384615385 0.028846153846153848
0 0.6466346153846154 0.3695913461538462 0.3197115384615385 0.030048076923076924
0 0.6243990384615385 0.3936298076923077 0.32091346153846156 0.022836538461538464
0 0.4020432692307693 0.26622596153846156 0.3040865384615385 0.018028846153846156
0 0.3737980769230769 0.3028846153846154 0.31009615384615385 0.02403846153846154
0 0.3401442307692308 0.3359375 0.2956730769230769 0.02764423076923077
0 0.31009615384615385 0.3683894230769231 0.3028846153846154 0.022836538461538464
0 0.2746394230769231 0.3984375 0.30649038461538464 0.022836538461538464
0 0.2403846153846154 0.43149038461538464 0.3028846153846154 0.02403846153846154
0 0.20733173076923078 0.46274038461538464 0.30168269230769235 0.026442307692307696
0 0.17307692307692307 0.4987980769230769 0.3028846153846154 0.02403846153846154
0 0.6183894230769231 0.4212740384615385 0.30168269230769235 0.022836538461538464
0 0.5709134615384616 0.4447115384615385 0.3293269230769231 0.026442307692307696
0 0.546875 0.46995192307692313 0.32211538461538464 0.02403846153846154
0 0.5162259615384616 0.49338942307692313 0.3353365384615385 0.02764423076923077
0 0.4903846153846154 0.5198317307692308 0.34134615384615385 0.02764423076923077
0 0.9140625 0.5540865384615385 0.171875 0.21634615384615385
0 0.905048076923077 0.569110576923077 0.18990384615384617 0.21274038461538464
0 0.8960336538461539 0.5859375 0.20072115384615385 0.21274038461538464
0 0.8786057692307693 0.6015625 0.21153846153846156 0.21033653846153846
0 0.8635817307692308 0.6207932692307693 0.21274038461538464 0.21514423076923078
0 0.6959134615384616 0.9212740384615385 0.608173076923077 0.15745192307692307
0 0.46574519230769235 0.5438701923076923 0.3137019230769231 0.02764423076923077
0 0.43449519230769235 0.569110576923077 0.3353365384615385 0.02764423076923077
0 0.41466346153846156 0.592548076923077 0.3317307692307693 0.026442307692307696
0 0.3870192307692308 0.6177884615384616 0.31730769230769235 0.026442307692307696
0 0.3617788461538462 0.6448317307692308 0.3293269230769231 0.02764423076923077
0 0.33774038461538464 0.6682692307692308 0.3197115384615385 0.03365384615384616
0 0.3046875 0.694110576923077 0.3137019230769231 0.030048076923076924
0 0.28185096153846156 0.7181490384615385 0.32572115384615385 0.03245192307692308
0 0.25841346153846156 0.7457932692307693 0.3293269230769231 0.030048076923076924
0 0.2247596153846154 0.7686298076923077 0.3245192307692308 0.025240384615384616
0 0.20252403846153846 0.7938701923076924 0.33052884615384615 0.030048076923076924
0 0.17848557692307693 0.8197115384615385 0.33052884615384615 0.026442307692307696
0 0.1544471153846154 0.84375 0.3088942307692308 0.026442307692307696
0 0.14483173076923078 0.8707932692307693 0.28966346153846156 0.02764423076923077
0 0.13341346153846154 0.8912259615384616 0.2668269230769231 0.025240384615384616
0 0.11658653846153846 0.9176682692307693 0.23317307692307693 0.030048076923076924
0 0.10576923076923078 0.9411057692307693 0.21153846153846156 0.021634615384615384
0 0.09495192307692309 0.9699519230769231 0.18990384615384617 0.026442307692307696
0 0.08353365384615385 0.9915865384615385 0.140625 0.01682692307692308
0 0.14302884615384617 0.5288461538461539 0.28605769230769235 0.02403846153846154
0 0.125 0.5631009615384616 0.25 0.025240384615384616
0 0.11358173076923078 0.5955528846153847 0.22716346153846156 0.025240384615384616
0 0.09254807692307693 0.6286057692307693 0.18509615384615385 0.02403846153846154
0 0.078125 0.6610576923076923 0.15625 0.026442307692307696
0 0.05949519230769231 0.6947115384615385 0.11899038461538462 0.026442307692307696
0 0.04567307692307693 0.7295673076923077 0.09134615384615385 0.02403846153846154
0 0.025841346153846156 0.7608173076923077 0.05168269230769231 0.02403846153846154
