0 0.8912259615384616 0.020432692307692308 0.21754807692307693 0.02403846153846154
0 0.8780048076923077 0.05348557692307693 0.24399038461538464 0.02764423076923077
0 0.8611778846153847 0.0859375 0.2776442307692308 0.022836538461538464
0 0.8383413461538461 0.11598557692307693 0.30649038461538464 0.022836538461538464
0 0.8040865384615385 0.14903846153846154 0.3028846153846154 0.02403846153846154
0 0.7710336538461539 0.18028846153846154 0.30168269230769235 0.026442307692307696
0 0.7367788461538461 0.21634615384615385 0.3028846153846154 0.02403846153846154
0 0.9747596153846154 0.1875 0.05048076923076923 0.02403846153846154
0 0.9561298076923077 0.2109375 0.08774038461538462 0.02764423076923077
0 0.9417067307692308 0.2373798076923077 0.11658653846153846 0.02764423076923077
0 0.936298076923077 0.2614182692307692 0.12740384615384617 0.02764423076923077
0 0.9152644230769231 0.28665865384615385 0.16947115384615385 0.02764423076923077
0 0.90625 0.31009615384615385 0.1875 0.026442307692307696
0 0.8960336538461539 0.3353365384615385 0.20793269230769232 0.026442307692307696
0 0.8804086538461539 0.3623798076923077 0.23918269230769232 0.02764423076923077
0 0.8707932692307693 0.3858173076923077 0.25841346153846156 0.03365384615384616
0 0.8557692307692308 0.41165865384615385 0.2884615384615385 0.030048076923076924
0 0.8413461538461539 0.4356971153846154 0.31730769230769235 0.03245192307692308
0 0.8221153846153847 0.4633413461538462 0.3293269230769231 0.030048076923076924
0 0.7884615384615385 0.48617788461538464 0.3245192307692308 0.025240384615384616
0 0.7662259615384616 0.5114182692307693 0.33052884615384615 0.030048076923076924
0 0.7421875 0.5372596153846154 0.33052884615384615 0.026442307692307696
0 0.7085336538461539 0.561298076923077 0.328125 0.026442307692307696
0 0.6923076923076923 0.5883413461538461 0.32211538461538464 0.02764423076923077
0 0.6730769230769231 0.6087740384615385 0.31490384615384615 0.025240384615384616
0 0.6544471153846154 0.6352163461538461 0.2848557692307693 0.030048076923076924
0 0.6466346153846154 0.6586538461538461 0.2572115384615385 0.021634615384615384
0 0.6574519230769231 0.6875 0.19230769230769232 0.026442307692307696
0 0.647235576923077 0.7103365384615385 0.140625 0.019230769230769232
0 0.6454326923076923 0.7385817307692308 0.09855769230769232 0.020432692307692308
0 0.6490384615384616 0.7650240384615385 0.06009615384615385 0.020432692307692308
0 0.7013221153846154 0.24639423076923078 0.296875 0.02403846153846154
0 0.6640625 0.2806490384615385 0.29927884615384615 0.025240384615384616
0 0.6340144230769231 0.31310096153846156 0.3137019230769231 0.025240384615384616
0 0.5967548076923077 0.34615384615384615 0.3040865384615385 0.02403846153846154
0 0.5679086538461539 0.3786057692307693 0.3040865384615385 0.026442307692307696
0 0.53125 0.4122596153846154 0.3028846153846154 0.026442307692307696
0 0.5048076923076923 0.44711538461538464 0.3004807692307693 0.02403846153846154
0 0.48497596153846156 0.47836538461538464 0.2608173076923077 0.02403846153846154
0 0.47776442307692313 0.5090144230769231 0.20552884615384617 0.02764423076923077
0 0.4789663461538462 0.5426682692307693 0.140625 0.020432692307692308
0 0.4795673076923077 0.5757211538461539 0.07692307692307693 0.021634615384615384
0 0.0859375 0.7277644230769231 0.16947115384615385 0.171875
0 0.23497596153846156 0.912860576923077 0.1935096153846154 0.17427884615384617
0 0.14423076923076925 0.9537259615384616 0.19230769230769232 0.09254807692307693
0 0.9200721153846154 0.983173076923077 0.15985576923076925 0.03365384615384616
