0 0.35216346153846156 0.21514423076923078 0.03125 0.05048076923076923
0 0.5072115384615384 0.49338942307692313 0.0625 0.037259615384615384
0 0.5558894230769231 0.4086538461538462 0.030048076923076924 0.057692307692307696
0 0.5865384615384616 0.4152644230769231 0.03125 0.054086538461538464
0 0.6051682692307693 0.34555288461538464 0.1045673076923077 0.0733173076923077
0 0.7842548076923077 0.6057692307692308 0.037259615384615384 0.05048076923076923
0 0.8341346153846154 0.6057692307692308 0.05048076923076923 0.04326923076923077
0 0.8407451923076924 0.7944711538461539 0.109375 0.05288461538461539
0 0.6460336538461539 0.811298076923077 0.05168269230769231 0.0625
0 0.5733173076923077 0.7950721153846154 0.03605769230769231 0.05168269230769231
0 0.5330528846153847 0.9657451923076924 0.11899038461538462 0.06850961538461539
0 0.36418269230769235 0.8239182692307693 0.1201923076923077 0.09254807692307693
