0 0.030649038461538464 0.06490384615384616 0.06129807692307693 0.06730769230769232
0 0.21153846153846156 0.03125 0.06730769230769232 0.05288461538461539
0 0.2536057692307692 0.17307692307692307 0.05288461538461539 0.028846153846153848
0 0.4801682692307693 0.04026442307692308 0.058894230769230775 0.03245192307692308
0 0.8377403846153847 0.1045673076923077 0.09855769230769232 0.0625
0 0.9567307692307693 0.05288461538461539 0.03125 0.057692307692307696
0 0.9705528846153847 0.046875 0.02764423076923077 0.05288461538461539
0 0.9837740384615385 0.04326923076923077 0.03245192307692308 0.057692307692307696
0 0.9921875 0.042067307692307696 0.015625 0.057692307692307696
0 0.8563701923076924 0.3743990384615385 0.08293269230769232 0.04447115384615385
0 0.5853365384615385 0.5390625 0.05288461538461539 0.054086538461538464
0 0.546875 0.5090144230769231 0.03125 0.037259615384615384
