0 0.01622596153846154 0.15625 0.03245192307692308 0.038461538461538464
0 0.07872596153846154 0.2121394230769231 0.09014423076923077 0.078125
0 0.45372596153846156 0.4765625 0.037259615384615384 0.03966346153846154
0 0.7824519230769231 0.13521634615384617 0.05048076923076923 0.046875
0 0.9789663461538463 0.506610576923077 0.042067307692307696 0.042067307692307696
0 0.46213942307692313 0.6225961538461539 0.08293269230769232 0.07932692307692309
0 0.4128605769230769 0.5342548076923077 0.054086538461538464 0.058894230769230775
0 0.3467548076923077 0.5036057692307693 0.11658653846153846 0.12259615384615385
1 0.3707932692307693 0.9957932692307693 0.046875 0.00841346153846154
0 0.06129807692307693 0.7632211538461539 0.06730769230769232 0.10336538461538462
