0 0.20492788461538464 0.21574519230769232 0.09735576923076923 0.09735576923076923
0 0.22836538461538464 0.31310096153846156 0.23798076923076925 0.21514423076923078
0 0.20552884615384617 0.36418269230769235 0.21875 0.22115384615384617
0 0.08774038461538462 0.34855769230769235 0.0625 0.07692307692307693
0 0.4182692307692308 0.40805288461538464 0.05048076923076923 0.054086538461538464
0 0.4633413461538462 0.34134615384615385 0.09254807692307693 0.10336538461538462
0 0.5216346153846154 0.26622596153846156 0.09375 0.1045673076923077
0 0.25480769230769235 0.984375 0.20673076923076925 0.03125
0 0.1045673076923077 0.9789663461538463 0.06009615384615385 0.042067307692307696
0 0.01983173076923077 0.7842548076923077 0.03966346153846154 0.15985576923076925
