0 0.36478365384615385 0.020432692307692308 0.11899038461538462 0.040865384615384616
0 0.44230769230769235 0.018629807692307692 0.11057692307692309 0.037259615384615384
0 0.4729567307692308 0.05168269230769231 0.11658653846153846 0.10336538461538462
0 0.27043269230769235 0.038461538461538464 0.09134615384615385 0.07692307692307693
0 0.38822115384615385 0.07271634615384616 0.11057692307692309 0.11418269230769232
0 0.4170673076923077 0.1484375 0.09855769230769232 0.10216346153846155
0 0.4561298076923077 0.2265625 0.09495192307692309 0.09735576923076923
0 0.08533653846153846 0.011418269230769232 0.07932692307692309 0.022836538461538464
0 0.11959134615384616 0.07512019230769232 0.09735576923076923 0.13341346153846154
0 0.1983173076923077 0.0546875 0.10096153846153846 0.109375
0 0.31490384615384615 0.1045673076923077 0.09855769230769232 0.10576923076923078
0 0.23677884615384617 0.13822115384615385 0.09375 0.10336538461538462
0 0.3431490384615385 0.18449519230769232 0.08533653846153846 0.10697115384615385
0 0.27103365384615385 0.20793269230769232 0.08533653846153846 0.08653846153846154
0 0.1622596153846154 0.16887019230769232 0.09134615384615385 0.10697115384615385
0 0.045072115384615384 0.08173076923076923 0.09014423076923077 0.08653846153846154
0 0.05709134615384616 0.1328125 0.08774038461538462 0.08293269230769232
0 0.004807692307692308 0.11057692307692309 0.009615384615384616 0.08173076923076923
0 0.017427884615384616 0.17067307692307693 0.03485576923076923 0.08173076923076923
0 0.08834134615384616 0.2043269230769231 0.09975961538461539 0.11057692307692309
0 0.030649038461538464 0.2325721153846154 0.06129807692307693 0.10697115384615385
0 0.19290865384615385 0.2530048076923077 0.08533653846153846 0.08293269230769232
0 0.37259615384615385 0.25961538461538464 0.08413461538461539 0.09615384615384616
0 0.4885817307692308 0.3010817307692308 0.1045673076923077 0.11418269230769232
0 0.4122596153846154 0.3371394230769231 0.09855769230769232 0.09975961538461539
0 0.3040865384615385 0.2902644230769231 0.08653846153846154 0.09495192307692309
0 0.3359375 0.3653846153846154 0.10216346153846155 0.10817307692307693
0 0.3671875 0.4477163461538462 0.09254807692307693 0.09254807692307693
0 0.3004807692307693 0.47776442307692313 0.09615384615384616 0.09495192307692309
0 0.23016826923076925 0.32271634615384615 0.09735576923076923 0.09014423076923077
0 0.26262019230769235 0.3942307692307693 0.09495192307692309 0.10336538461538462
0 0.1201923076923077 0.27884615384615385 0.09134615384615385 0.09134615384615385
0 0.15805288461538464 0.3509615384615385 0.08533653846153846 0.09134615384615385
0 0.19170673076923078 0.4296875 0.09735576923076923 0.10697115384615385
0 0.048677884615384616 0.30949519230769235 0.09014423076923077 0.09975961538461539
0 0.07692307692307693 0.3864182692307693 0.08173076923076923 0.09735576923076923
0 0.1171875 0.46574519230769235 0.10216346153846155 0.1045673076923077
0 0.009615384615384616 0.34435096153846156 0.019230769230769232 0.09975961538461539
0 0.025841346153846156 0.4200721153846154 0.05168269230769231 0.09495192307692309
0 0.04447115384615385 0.4981971153846154 0.0889423076923077 0.109375
0 0.009014423076923078 0.530048076923077 0.018028846153846156 0.11778846153846155
0 0.05528846153846154 0.6526442307692308 0.09855769230769232 0.13461538461538464
0 0.028245192307692308 0.6736778846153847 0.056490384615384616 0.1358173076923077
