0 0.15264423076923078 0.3936298076923077 0.06490384615384616 0.06129807692307693
0 0.84375 0.018629807692307692 0.05288461538461539 0.037259615384615384
0 0.8239182692307693 0.03545673076923077 0.042067307692307696 0.03966346153846154
0 0.8094951923076924 0.10096153846153846 0.0733173076923077 0.06009615384615385
0 0.780048076923077 0.1388221153846154 0.05528846153846154 0.06370192307692309
0 0.8341346153846154 0.1826923076923077 0.08653846153846154 0.07692307692307693
0 0.8822115384615385 0.1640625 0.06490384615384616 0.05168269230769231
0 0.9501201923076924 0.0078125 0.07091346153846154 0.015625
0 0.9879807692307693 0.02463942307692308 0.02403846153846154 0.037259615384615384
0 0.9759615384615385 0.049879807692307696 0.04807692307692308 0.04927884615384616
0 0.9260817307692308 0.026442307692307696 0.08293269230769232 0.05288461538461539
0 0.9002403846153847 0.05288461538461539 0.08173076923076923 0.06730769230769232
0 0.8743990384615385 0.07932692307692309 0.06850961538461539 0.06009615384615385
0 0.9585336538461539 0.0967548076923077 0.0733173076923077 0.06850961538461539
0 0.9368990384615385 0.1280048076923077 0.06850961538461539 0.054086538461538464
0 0.990985576923077 0.1436298076923077 0.018028846153846156 0.07091346153846154
0 0.9789663461538463 0.17247596153846154 0.042067307692307696 0.06129807692307693
0 0.8569711538461539 0.8665865384615385 0.125 0.10576923076923078
0 0.6634615384615385 0.46153846153846156 0.028846153846153848 0.026442307692307696
0 0.41586538461538464 0.9861778846153847 0.09375 0.02764423076923077
0 0.38822115384615385 0.6364182692307693 0.125 0.09495192307692309
0 0.125 0.7049278846153847 0.04326923076923077 0.02764423076923077
0 0.20853365384615385 0.5366586538461539 0.1622596153846154 0.11177884615384616
