0 0.6658653846153847 0.29927884615384615 0.07451923076923077 0.021634615384615384
0 0.6586538461538461 0.3347355769230769 0.14423076923076925 0.025240384615384616
0 0.6616586538461539 0.36899038461538464 0.203125 0.026442307692307696
0 0.6622596153846154 0.4026442307692308 0.2716346153846154 0.02403846153846154
0 0.6382211538461539 0.43449519230769235 0.3125 0.030048076923076924
0 0.6039663461538461 0.4669471153846154 0.29447115384615385 0.022836538461538464
0 0.5661057692307693 0.4993990384615385 0.2956730769230769 0.022836538461538464
0 0.5486778846153847 0.5324519230769231 0.27043269230769235 0.021634615384615384
0 0.545673076923077 0.5655048076923077 0.20192307692307693 0.022836538461538464
0 0.5450721153846154 0.5979567307692308 0.13341346153846154 0.020432692307692308
0 0.5450721153846154 0.6322115384615385 0.07091346153846154 0.02403846153846154
0 0.8275240384615385 0.4573317307692308 0.058894230769230775 0.020432692307692308
0 0.8185096153846154 0.4825721153846154 0.10576923076923078 0.020432692307692308
0 0.819110576923077 0.5102163461538461 0.1622596153846154 0.022836538461538464
0 0.8287259615384616 0.5366586538461539 0.21274038461538464 0.022836538461538464
0 0.8143028846153847 0.561298076923077 0.24158653846153846 0.026442307692307696
0 0.8143028846153847 0.5835336538461539 0.30649038461538464 0.02764423076923077
0 0.803485576923077 0.6105769230769231 0.32091346153846156 0.026442307692307696
0 0.7740384615384616 0.6340144230769231 0.3125 0.022836538461538464
0 0.7596153846153847 0.662860576923077 0.2980769230769231 0.02764423076923077
0 0.7445913461538461 0.6868990384615385 0.2848557692307693 0.02764423076923077
0 0.7301682692307693 0.7085336538461539 0.24639423076923078 0.025240384615384616
0 0.7361778846153847 0.7379807692307693 0.1935096153846154 0.021634615384615384
0 0.7319711538461539 0.7614182692307693 0.16105769230769232 0.018028846153846156
0 0.7313701923076924 0.7884615384615385 0.08533653846153846 0.019230769230769232
0 0.3822115384615385 0.5685096153846154 0.07932692307692309 0.021634615384615384
0 0.3816105769230769 0.6057692307692308 0.14783653846153846 0.021634615384615384
0 0.3840144230769231 0.6388221153846154 0.21033653846153846 0.022836538461538464
0 0.37980769230769235 0.670673076923077 0.28365384615384615 0.026442307692307696
0 0.3503605769230769 0.7055288461538461 0.28966346153846156 0.02403846153846154
0 0.31490384615384615 0.7361778846153847 0.3004807692307693 0.022836538461538464
0 0.5402644230769231 0.7385817307692308 0.10216346153846155 0.022836538461538464
0 0.5354567307692308 0.7710336538461539 0.1358173076923077 0.022836538461538464
0 0.5396634615384616 0.7932692307692308 0.19230769230769232 0.021634615384615384
0 0.5390625 0.8173076923076924 0.2247596153846154 0.026442307692307696
0 0.5348557692307693 0.84375 0.2884615384615385 0.028846153846153848
0 0.5228365384615384 0.8695913461538463 0.3197115384615385 0.030048076923076924
0 0.5006009615384616 0.8936298076923077 0.32091346153846156 0.022836538461538464
0 0.27824519230769235 0.7662259615384616 0.3040865384615385 0.018028846153846156
0 0.25 0.8028846153846154 0.31009615384615385 0.02403846153846154
0 0.21634615384615385 0.8359375 0.2956730769230769 0.02764423076923077
0 0.18629807692307693 0.8683894230769231 0.3028846153846154 0.022836538461538464
0 0.15204326923076925 0.8984375 0.3040865384615385 0.022836538461538464
0 0.13401442307692307 0.9314903846153847 0.26802884615384615 0.02403846153846154
0 0.1171875 0.9627403846153847 0.234375 0.026442307692307696
0 0.10036057692307693 0.9933894230769231 0.20072115384615385 0.013221153846153848
0 0.4945913461538462 0.9212740384615385 0.30168269230769235 0.022836538461538464
0 0.44711538461538464 0.9447115384615385 0.3293269230769231 0.026442307692307696
0 0.42307692307692313 0.9699519230769231 0.32211538461538464 0.02403846153846154
0 0.39242788461538464 0.9897836538461539 0.3353365384615385 0.020432692307692308
0 0.8070913461538461 0.9729567307692308 0.20552884615384617 0.054086538461538464
0 0.787860576923077 0.9813701923076924 0.203125 0.037259615384615384
