0 0.13762019230769232 0.01622596153846154 0.06370192307692309 0.03245192307692308
0 0.1856971153846154 0.03665865384615385 0.06610576923076923 0.056490384615384616
0 0.11298076923076923 0.04387019230769231 0.06009615384615385 0.04927884615384616
0 0.15324519230769232 0.07632211538461539 0.042067307692307696 0.037259615384615384
0 0.0546875 0.07211538461538462 0.037259615384615384 0.038461538461538464
0 0.030048076923076924 0.1015625 0.04326923076923077 0.042067307692307696
0 0.0967548076923077 0.1015625 0.05168269230769231 0.05168269230769231
0 0.06670673076923077 0.13461538461538464 0.05168269230769231 0.04326923076923077
0 0.4435096153846154 0.2716346153846154 0.05288461538461539 0.05048076923076923
0 0.41105769230769235 0.3125 0.05288461538461539 0.05288461538461539
0 0.39122596153846156 0.3371394230769231 0.042067307692307696 0.03966346153846154
0 0.37680288461538464 0.4026442307692308 0.0733173076923077 0.06009615384615385
0 0.3473557692307693 0.4405048076923077 0.05528846153846154 0.06370192307692309
0 0.4014423076923077 0.484375 0.08653846153846154 0.07692307692307693
0 0.4495192307692308 0.46574519230769235 0.06490384615384616 0.05168269230769231
0 0.5174278846153847 0.2848557692307693 0.07091346153846154 0.06490384615384616
0 0.5637019230769231 0.3263221153846154 0.040865384615384616 0.037259615384615384
0 0.5444711538461539 0.3515625 0.05048076923076923 0.04927884615384616
0 0.49338942307692313 0.31730769230769235 0.08293269230769232 0.07451923076923077
0 0.4675480769230769 0.3545673076923077 0.08173076923076923 0.06730769230769232
0 0.4417067307692308 0.3810096153846154 0.06850961538461539 0.06009615384615385
0 0.5258413461538461 0.3984375 0.0733173076923077 0.06850961538461539
0 0.5042067307692308 0.4296875 0.06850961538461539 0.054086538461538464
0 0.5865384615384616 0.4453125 0.07451923076923077 0.07091346153846154
0 0.5600961538461539 0.47415865384615385 0.06971153846153846 0.06129807692307693
0 0.65625 0.39603365384615385 0.03365384615384616 0.03485576923076923
0 0.6772836538461539 0.4591346153846154 0.0733173076923077 0.07451923076923077
0 0.7013221153846154 0.43149038461538464 0.06850961538461539 0.05528846153846154
0 0.7475961538461539 0.46574519230769235 0.040865384615384616 0.03966346153846154
0 0.7259615384615385 0.4957932692307693 0.05528846153846154 0.05168269230769231
0 0.694110576923077 0.5282451923076923 0.054086538461538464 0.046875
0 0.647235576923077 0.4981971153846154 0.0733173076923077 0.06850961538461539
0 0.6730769230769231 0.5625 0.04807692307692308 0.038461538461538464
0 0.6213942307692308 0.5246394230769231 0.07211538461538462 0.06129807692307693
0 0.65625 0.6213942307692308 0.04567307692307693 0.05048076923076923
0 0.6129807692307693 0.6670673076923077 0.05288461538461539 0.06490384615384616
0 0.23076923076923078 0.7632211538461539 0.028846153846153848 0.026442307692307696
0 0.009014423076923078 0.9381009615384616 0.018028846153846156 0.09495192307692309
