0 0.7139423076923077 0.004807692307692308 0.08173076923076923 0.009615384615384616
0 0.7091346153846154 0.011418269230769232 0.07932692307692309 0.022836538461538464
0 0.7043269230769231 0.020432692307692308 0.07932692307692309 0.03125
0 0.5859375 0.007211538461538462 0.14783653846153846 0.014423076923076924
0 0.5835336538461539 0.012620192307692308 0.14543269230769232 0.025240384615384616
0 0.578125 0.021033653846153848 0.1514423076923077 0.042067307692307696
0 0.9182692307692308 0.7908653846153847 0.16346153846153846 0.1201923076923077
0 0.7373798076923077 0.7307692307692308 0.08293269230769232 0.07932692307692309
0 0.6484375 0.7001201923076924 0.08533653846153846 0.078125
0 0.6989182692307693 0.03185096153846154 0.08052884615384616 0.037259615384615384
0 0.6959134615384616 0.046875 0.07932692307692309 0.03365384615384616
0 0.6923076923076923 0.06370192307692309 0.07932692307692309 0.03125
0 0.6087740384615385 0.04026442307692308 0.07572115384615385 0.03245192307692308
0 0.42728365384615385 0.6712740384615385 0.10697115384615385 0.09254807692307693
0 0.3323317307692308 0.6448317307692308 0.10216346153846155 0.09735576923076923
