0 0.9314903846153847 0.045072115384615384 0.05288461538461539 0.054086538461538464
1 0.889423076923077 0.3581730769230769 0.040865384615384616 0.05048076923076923
0 0.6965144230769231 0.14483173076923078 0.030048076923076924 0.03485576923076923
0 0.7013221153846154 0.453125 0.09735576923076923 0.125
0 0.3930288461538462 0.4981971153846154 0.06490384615384616 0.05168269230769231
0 0.34615384615384615 0.4296875 0.06971153846153846 0.06370192307692309
0 0.5829326923076923 0.5751201923076923 0.028846153846153848 0.022836538461538464
0 0.4567307692307693 0.7007211538461539 0.0625 0.057692307692307696
0 0.12079326923076923 0.9837740384615385 0.042067307692307696 0.03245192307692308
0 0.4050480769230769 0.7445913461538461 0.08413461538461539 0.08293269230769232
0 0.5991586538461539 0.9837740384615385 0.030048076923076924 0.03245192307692308
