0 0.11658653846153846 0.002403846153846154 0.03605769230769231 0.004807692307692308
0 0.18629807692307693 0.40805288461538464 0.04326923076923077 0.054086538461538464
0 0.16947115384615385 0.4921875 0.05528846153846154 0.07091346153846154
0 0.21454326923076925 0.5072115384615384 0.05168269230769231 0.06490384615384616
0 0.029447115384615388 0.3852163461538462 0.020432692307692308 0.037259615384615384
0 0.3900240384615385 0.4284855769230769 0.03966346153846154 0.04927884615384616
0 0.3479567307692308 0.44711538461538464 0.04447115384615385 0.10576923076923078
0 0.6592548076923077 0.5745192307692308 0.09014423076923077 0.11298076923076923
0 0.6189903846153847 0.5528846153846154 0.08413461538461539 0.10336538461538462
0 0.4092548076923077 0.033052884615384616 0.022836538461538464 0.03485576923076923
