0 0.5306490384615384 0.040865384615384616 0.11899038461538462 0.08173076923076923
0 0.608173076923077 0.0390625 0.11057692307692309 0.078125
0 0.6388221153846154 0.09134615384615385 0.11658653846153846 0.10576923076923078
0 0.3978365384615385 0.015625 0.09855769230769232 0.03125
0 0.4362980769230769 0.06129807692307693 0.09134615384615385 0.11298076923076923
0 0.5540865384615385 0.11358173076923078 0.11057692307692309 0.11418269230769232
0 0.5829326923076923 0.18930288461538464 0.09855769230769232 0.10216346153846155
0 0.6219951923076923 0.26742788461538464 0.09495192307692309 0.09735576923076923
0 0.30949519230769235 0.019230769230769232 0.109375 0.038461538461538464
0 0.2512019230769231 0.03185096153846154 0.07932692307692309 0.06370192307692309
0 0.2854567307692308 0.11598557692307693 0.09735576923076923 0.13341346153846154
0 0.36418269230769235 0.08473557692307693 0.10096153846153846 0.1310096153846154
0 0.4807692307692308 0.14543269230769232 0.09855769230769232 0.10576923076923078
0 0.4026442307692308 0.17908653846153846 0.09375 0.10336538461538462
0 0.5090144230769231 0.22536057692307693 0.08533653846153846 0.10697115384615385
0 0.4368990384615385 0.24879807692307693 0.08533653846153846 0.08653846153846154
0 0.328125 0.20973557692307693 0.09134615384615385 0.10697115384615385
0 0.20733173076923078 0.12259615384615385 0.09735576923076923 0.08653846153846154
0 0.22295673076923078 0.17367788461538464 0.08774038461538462 0.08293269230769232
0 0.13161057692307693 0.1514423076923077 0.08774038461538462 0.08173076923076923
0 0.15564903846153846 0.21153846153846156 0.09014423076923077 0.08173076923076923
0 0.2542067307692308 0.2451923076923077 0.09975961538461539 0.11057692307692309
0 0.1796875 0.2734375 0.09495192307692309 0.10697115384615385
0 0.3587740384615385 0.29387019230769235 0.08533653846153846 0.08293269230769232
0 0.10336538461538462 0.3034855769230769 0.10096153846153846 0.1045673076923077
0 0.5384615384615385 0.3004807692307693 0.08413461538461539 0.09615384615384616
0 0.6544471153846154 0.3419471153846154 0.1045673076923077 0.11418269230769232
0 0.578125 0.3780048076923077 0.09855769230769232 0.09975961538461539
0 0.46995192307692313 0.3311298076923077 0.08653846153846154 0.09495192307692309
0 0.5018028846153847 0.40625 0.10216346153846155 0.10817307692307693
0 0.5330528846153847 0.4885817307692308 0.09254807692307693 0.09254807692307693
0 0.46634615384615385 0.5186298076923077 0.09615384615384616 0.09495192307692309
0 0.39603365384615385 0.3635817307692308 0.09735576923076923 0.09014423076923077
0 0.4284855769230769 0.43509615384615385 0.09495192307692309 0.10336538461538462
0 0.28605769230769235 0.3197115384615385 0.09134615384615385 0.09134615384615385
0 0.3239182692307693 0.3918269230769231 0.08533653846153846 0.09134615384615385
0 0.3575721153846154 0.47055288461538464 0.09735576923076923 0.10697115384615385
0 0.21454326923076925 0.3503605769230769 0.09014423076923077 0.09975961538461539
0 0.24278846153846156 0.42728365384615385 0.08173076923076923 0.09735576923076923
0 0.28305288461538464 0.506610576923077 0.10216346153846155 0.1045673076923077
0 0.1436298076923077 0.3852163461538462 0.08293269230769232 0.09975961538461539
0 0.03786057692307693 0.33834134615384615 0.07572115384615385 0.11418269230769232
0 0.061899038461538464 0.41586538461538464 0.09254807692307693 0.09855769230769232
0 0.17608173076923078 0.4609375 0.08293269230769232 0.09495192307692309
0 0.20372596153846154 0.5390625 0.10216346153846155 0.109375
0 0.13221153846153846 0.5709134615384616 0.10336538461538462 0.11778846153846155
0 0.10036057692307693 0.4957932692307693 0.1045673076923077 0.10697115384615385
0 0.22115384615384617 0.6935096153846154 0.09855769230769232 0.13461538461538464
0 0.17367788461538464 0.7145432692307693 0.09735576923076923 0.1358173076923077
