0 0.2608173076923077 0.41586538461538464 0.07211538461538462 0.10576923076923078
0 0.29927884615384615 0.4711538461538462 0.07692307692307693 0.057692307692307696
0 0.5546875 0.3792067307692308 0.05168269230769231 0.03966346153846154
0 0.5643028846153847 0.4122596153846154 0.04447115384615385 0.03605769230769231
0 0.5793269230769231 0.4368990384615385 0.04567307692307693 0.030048076923076924
0 0.59375 0.4645432692307693 0.04326923076923077 0.03245192307692308
0 0.6039663461538461 0.4909855769230769 0.046875 0.025240384615384616
0 0.6177884615384616 0.5186298076923077 0.04567307692307693 0.030048076923076924
0 0.6298076923076923 0.5462740384615385 0.04326923076923077 0.03245192307692308
0 0.6676682692307693 0.7626201923076924 0.09254807692307693 0.1358173076923077
0 0.7632211538461539 0.7481971153846154 0.09615384615384616 0.09254807692307693
0 0.8215144230769231 0.9777644230769231 0.05168269230769231 0.04447115384615385
0 0.9885817307692308 0.5408653846153847 0.022836538461538464 0.10817307692307693
0 0.9320913461538463 0.6382211538461539 0.1358173076923077 0.23798076923076925
0 0.9789663461538463 0.7890625 0.042067307692307696 0.08533653846153846
0 0.9945913461538463 0.8569711538461539 0.010817307692307692 0.08653846153846154
