0 0.9110576923076924 0.46213942307692313 0.05288461538461539 0.054086538461538464
0 0.8677884615384616 0.5582932692307693 0.07451923076923077 0.0733173076923077
0 0.8100961538461539 0.46935096153846156 0.04567307692307693 0.04447115384615385
0 0.7542067307692308 0.41947115384615385 0.04447115384615385 0.04326923076923077
0 0.5673076923076923 0.1796875 0.040865384615384616 0.046875
0 0.4254807692307693 0.36117788461538464 0.06009615384615385 0.030048076923076924
0 0.36899038461538464 0.31730769230769235 0.06490384615384616 0.03605769230769231
0 0.36478365384615385 0.43810096153846156 0.12139423076923078 0.1045673076923077
0 0.2265625 0.01622596153846154 0.08293269230769232 0.03245192307692308
0 0.0811298076923077 0.6868990384615385 0.04927884615384616 0.03966346153846154
0 0.05168269230769231 0.7235576923076924 0.04567307692307693 0.04567307692307693
