0 0.9020432692307693 0.01201923076923077 0.19591346153846154 0.02403846153846154
0 0.8942307692307693 0.030649038461538464 0.21153846153846156 0.025240384615384616
0 0.8924278846153847 0.05709134615384616 0.21514423076923078 0.030048076923076924
0 0.8954326923076924 0.08052884615384616 0.2091346153846154 0.021634615384615384
0 0.9170673076923077 0.109375 0.16586538461538464 0.026442307692307696
0 0.9200721153846154 0.13221153846153846 0.140625 0.019230769230769232
0 0.9182692307692308 0.16045673076923078 0.09855769230769232 0.020432692307692308
0 0.921875 0.18689903846153846 0.06009615384615385 0.020432692307692308
0 0.7524038461538461 0.00420673076923077 0.07692307692307693 0.00841346153846154
0 0.3587740384615385 0.14963942307692307 0.16947115384615385 0.171875
0 0.5078125 0.34615384615384615 0.1935096153846154 0.19711538461538464
0 0.4170673076923077 0.4284855769230769 0.19230769230769232 0.1983173076923077
0 0.31430288461538464 0.5108173076923077 0.19591346153846154 0.19230769230769232
0 0.6580528846153847 0.506610576923077 0.07572115384615385 0.03245192307692308
0 0.6508413461538461 0.5336538461538461 0.1045673076923077 0.04326923076923077
0 0.6442307692307693 0.5582932692307693 0.1514423076923077 0.054086538461538464
0 0.6322115384615385 0.5859375 0.2139423076923077 0.06370192307692309
0 0.625 0.6111778846153847 0.2644230769230769 0.0733173076923077
0 0.037259615384615384 0.7067307692307693 0.07451923076923077 0.41586538461538464
0 0.21875 0.5913461538461539 0.19711538461538464 0.19951923076923078
0 0.12620192307692307 0.6760817307692308 0.18990384615384617 0.19591346153846154
0 0.609375 0.6388221153846154 0.3245192307692308 0.09254807692307693
0 0.6129807692307693 0.6598557692307693 0.3509615384615385 0.09134615384615385
0 0.6694711538461539 0.6736778846153847 0.2692307692307693 0.07572115384615385
0 0.6748798076923077 0.694110576923077 0.28966346153846156 0.08533653846153846
0 0.6075721153846154 0.7301682692307693 0.2512019230769231 0.07091346153846154
0 0.6814903846153847 0.7614182692307693 0.2932692307692308 0.08052884615384616
0 0.6574519230769231 0.7890625 0.2451923076923077 0.0733173076923077
0 0.6484375 0.8131009615384616 0.18149038461538464 0.054086538461538464
0 0.6334134615384616 0.8377403846153847 0.12740384615384617 0.040865384615384616
0 0.8088942307692308 0.8683894230769231 0.3269230769230769 0.08533653846153846
0 0.8161057692307693 0.8930288461538463 0.35336538461538464 0.09375
0 0.828125 0.912860576923077 0.34375 0.09014423076923077
0 0.8371394230769231 0.9326923076923077 0.32572115384615385 0.0889423076923077
0 0.8455528846153847 0.9507211538461539 0.3088942307692308 0.09134615384615385
0 0.8521634615384616 0.9609375 0.2956730769230769 0.078125
0 0.8665865384615385 0.9765625 0.2668269230769231 0.046875
0 0.8695913461538463 0.9897836538461539 0.24639423076923078 0.020432692307692308
