0 0.7572115384615385 0.022836538461538464 0.23798076923076925 0.04567307692307693
0 0.734375 0.049879807692307696 0.21875 0.09975961538461539
0 0.6165865384615385 0.006009615384615385 0.0625 0.01201923076923077
0 0.1778846153846154 0.2854567307692308 0.03125 0.030048076923076924
0 0.08954326923076923 0.3088942307692308 0.07091346153846154 0.06730769230769232
0 0.11899038461538462 0.32512019230769235 0.06490384615384616 0.0733173076923077
0 0.9471153846153847 0.033052884615384616 0.05048076923076923 0.054086538461538464
0 0.9729567307692308 0.009014423076923078 0.054086538461538464 0.018028846153846156
0 0.8834134615384616 0.9765625 0.07211538461538462 0.046875
0 0.9224759615384616 0.9393028846153847 0.109375 0.1045673076923077
0 0.9627403846153847 0.8719951923076924 0.07451923076923077 0.09975961538461539
0 0.9921875 0.811298076923077 0.015625 0.10817307692307693
0 0.984375 0.7313701923076924 0.03125 0.054086538461538464
0 0.9777644230769231 0.7554086538461539 0.04447115384615385 0.05168269230769231
0 0.9645432692307693 0.7752403846153847 0.06850961538461539 0.05288461538461539
0 0.951923076923077 0.7980769230769231 0.06009615384615385 0.05048076923076923
0 0.928485576923077 0.8173076923076924 0.056490384615384616 0.05048076923076923
0 0.912860576923077 0.8389423076923077 0.06850961538461539 0.057692307692307696
0 0.8954326923076924 0.8617788461538463 0.05288461538461539 0.04807692307692308
0 0.8828125 0.8828125 0.058894230769230775 0.042067307692307696
0 0.8665865384615385 0.9026442307692308 0.057692307692307696 0.04807692307692308
0 0.8455528846153847 0.9254807692307693 0.05168269230769231 0.04326923076923077
0 0.8287259615384616 0.9495192307692308 0.05168269230769231 0.04567307692307693
0 0.6808894230769231 0.9567307692307693 0.11899038461538462 0.08653846153846154
0 0.7836538461538461 0.6875 0.20673076923076925 0.1875
0 0.6334134615384616 0.6334134615384616 0.06009615384615385 0.10096153846153846
0 0.5973557692307693 0.6947115384615385 0.0889423076923077 0.06971153846153846
0 0.5480769230769231 0.8106971153846154 0.09375 0.07091346153846154
0 0.6075721153846154 0.889423076923077 0.07091346153846154 0.08173076923076923
0 0.40625 0.9885817307692308 0.07451923076923077 0.022836538461538464
0 0.43509615384615385 0.9657451923076924 0.07932692307692309 0.06850961538461539
0 0.4603365384615385 0.9272836538461539 0.06490384615384616 0.058894230769230775
0 0.38822115384615385 0.5054086538461539 0.09615384615384616 0.09254807692307693
0 0.4873798076923077 0.4092548076923077 0.1622596153846154 0.15985576923076925
0 0.1310096153846154 0.4747596153846154 0.16105769230769232 0.15384615384615385
