0 0.2962740384615385 0.0030048076923076925 0.24639423076923078 0.006009615384615385
0 0.30228365384615385 0.022836538461538464 0.1935096153846154 0.021634615384615384
0 0.2980769230769231 0.046274038461538464 0.16105769230769232 0.018028846153846156
0 0.29747596153846156 0.0733173076923077 0.08533653846153846 0.019230769230769232
0 0.015625 0.021033653846153848 0.03125 0.022836538461538464
0 0.10637019230769232 0.0234375 0.10216346153846155 0.022836538461538464
0 0.1015625 0.05588942307692308 0.1358173076923077 0.022836538461538464
0 0.10576923076923078 0.078125 0.19230769230769232 0.021634615384615384
0 0.10877403846153846 0.10216346153846155 0.21754807692307693 0.026442307692307696
0 0.12259615384615385 0.12860576923076925 0.2451923076923077 0.028846153846153848
0 0.12439903846153846 0.1544471153846154 0.24879807692307693 0.030048076923076924
0 0.11358173076923078 0.17848557692307693 0.22716346153846156 0.022836538461538464
0 0.10576923076923078 0.2061298076923077 0.21153846153846156 0.022836538461538464
0 0.0889423076923077 0.2295673076923077 0.1778846153846154 0.026442307692307696
0 0.07512019230769232 0.25480769230769235 0.15024038461538464 0.02403846153846154
0 0.06310096153846154 0.27824519230769235 0.12620192307692307 0.02764423076923077
0 0.05168269230769231 0.3046875 0.10336538461538462 0.02764423076923077
0 0.9260817307692308 0.4489182692307693 0.09975961538461539 0.09495192307692309
0 0.9056490384615385 0.4711538461538462 0.09014423076923077 0.0889423076923077
0 0.8858173076923077 0.49338942307692313 0.09375 0.09254807692307693
0 0.8689903846153847 0.5126201923076923 0.09134615384615385 0.09254807692307693
0 0.8467548076923077 0.5342548076923077 0.09735576923076923 0.08774038461538462
0 0.3731971153846154 0.3389423076923077 0.20552884615384617 0.21634615384615385
0 0.3539663461538462 0.3539663461538462 0.203125 0.21274038461538464
0 0.33834134615384615 0.3707932692307693 0.20072115384615385 0.21274038461538464
0 0.32091346153846156 0.3864182692307693 0.21153846153846156 0.21033653846153846
0 0.3058894230769231 0.4056490384615385 0.21274038461538464 0.21514423076923078
0 0.23858173076923078 0.8137019230769231 0.47716346153846156 0.37259615384615385
0 0.03245192307692308 0.32872596153846156 0.06490384615384616 0.02764423076923077
0 0.022235576923076924 0.3539663461538462 0.04447115384615385 0.02764423076923077
