0 0.028245192307692308 0.6604567307692308 0.056490384615384616 0.03966346153846154
0 0.017427884615384616 0.5685096153846154 0.020432692307692308 0.04807692307692308
0 0.06430288461538462 0.8792067307692308 0.046875 0.056490384615384616
0 0.18028846153846154 0.8401442307692308 0.05528846153846154 0.04807692307692308
0 0.4951923076923077 0.3389423076923077 0.03605769230769231 0.04567307692307693
0 0.5709134615384616 0.328125 0.05048076923076923 0.04326923076923077
0 0.6111778846153847 0.36899038461538464 0.042067307692307696 0.0625
0 0.6286057692307693 0.8701923076923077 0.11057692307692309 0.038461538461538464
0 0.2199519230769231 0.9783653846153847 0.038461538461538464 0.019230769230769232
0 0.10877403846153846 0.8311298076923077 0.03485576923076923 0.018028846153846156
