0 0.12439903846153846 0.8677884615384616 0.12379807692307693 0.13942307692307693
0 0.21574519230769232 0.8052884615384616 0.13341346153846154 0.13461538461538464
0 0.3125 0.748798076923077 0.125 0.13701923076923078
0 0.3972355769230769 0.6911057692307693 0.10697115384615385 0.12980769230769232
0 0.6676682692307693 0.6790865384615385 0.07091346153846154 0.0889423076923077
0 0.6460336538461539 0.6947115384615385 0.07572115384615385 0.09615384615384616
0 0.5745192307692308 0.7349759615384616 0.07451923076923077 0.09975961538461539
0 0.5516826923076923 0.7530048076923077 0.08173076923076923 0.08774038461538462
0 0.4837740384615385 0.7920673076923077 0.07091346153846154 0.09855769230769232
0 0.453125 0.8143028846153847 0.0889423076923077 0.09735576923076923
0 0.4278846153846154 0.834735576923077 0.07451923076923077 0.09495192307692309
0 0.3551682692307693 0.873798076923077 0.078125 0.09855769230769232
0 0.3323317307692308 0.8930288461538463 0.07572115384615385 0.09134615384615385
0 0.2608173076923077 0.9356971153846154 0.07451923076923077 0.09254807692307693
0 0.2373798076923077 0.951923076923077 0.08293269230769232 0.09615384615384616
0 0.34074519230769235 0.990985576923077 0.10697115384615385 0.018028846153846156
0 0.39603365384615385 0.9723557692307693 0.109375 0.05528846153846154
0 0.43149038461538464 0.9627403846153847 0.11057692307692309 0.07451923076923077
0 0.48978365384615385 0.9423076923076924 0.11177884615384616 0.11538461538461539
0 0.5270432692307693 0.9314903846153847 0.10697115384615385 0.13461538461538464
0 0.5600961538461539 0.9056490384615385 0.10336538461538462 0.13341346153846154
0 0.6213942307692308 0.8701923076923077 0.10817307692307693 0.13461538461538464
0 0.6538461538461539 0.8467548076923077 0.10817307692307693 0.1310096153846154
0 0.709735576923077 0.8149038461538461 0.10697115384615385 0.13461538461538464
0 0.7391826923076924 0.7920673076923077 0.10096153846153846 0.12740384615384617
0 0.7632211538461539 0.9194711538461539 0.0625 0.08173076923076923
0 0.717548076923077 0.9459134615384616 0.08173076923076923 0.09375
0 0.6850961538461539 0.9603365384615385 0.08413461538461539 0.07932692307692309
0 0.6243990384615385 0.9807692307692308 0.08533653846153846 0.038461538461538464
0 0.5907451923076923 0.9897836538461539 0.08293269230769232 0.020432692307692308
0 0.12439903846153846 0.9435096153846154 0.24879807692307693 0.11298076923076923
