0 0.10757211538461539 0.010216346153846154 0.054086538461538464 0.020432692307692308
0 0.12740384615384617 0.046875 0.057692307692307696 0.06009615384615385
0 0.2199519230769231 0.10817307692307693 0.028846153846153848 0.03365384615384616
0 0.8743990384615385 0.7319711538461539 0.11177884615384616 0.04567307692307693
0 0.8004807692307693 0.9747596153846154 0.05528846153846154 0.05048076923076923
0 0.7451923076923077 0.9735576923076924 0.05288461538461539 0.05288461538461539
0 0.5546875 0.7469951923076924 0.08293269230769232 0.07091346153846154
2 0.7518028846153847 0.171875 0.056490384615384616 0.04326923076923077
0 0.5294471153846154 0.6286057692307693 0.037259615384615384 0.026442307692307696
0 0.09314903846153846 0.4128605769230769 0.08774038461538462 0.08293269230769232
0 0.02463942307692308 0.3731971153846154 0.04927884615384616 0.109375
