0 0.04807692307692308 0.010216346153846154 0.09615384615384616 0.020432692307692308
0 0.049879807692307696 0.04567307692307693 0.09975961538461539 0.03605769230769231
0 0.03966346153846154 0.08834134615384616 0.06971153846153846 0.03245192307692308
0 0.9879807692307693 0.20973557692307693 0.02403846153846154 0.09254807692307693
0 0.8623798076923077 0.5637019230769231 0.054086538461538464 0.05288461538461539
0 0.8185096153846154 0.5348557692307693 0.057692307692307696 0.08173076923076923
2 0.8131009615384616 0.670673076923077 0.08052884615384616 0.08173076923076923
0 0.6466346153846154 0.29447115384615385 0.040865384615384616 0.040865384615384616
0 0.6147836538461539 0.328125 0.025240384615384616 0.026442307692307696
0 0.6868990384615385 0.6820913461538461 0.09014423076923077 0.08052884615384616
0 0.4356971153846154 0.5102163461538461 0.15264423076923078 0.1935096153846154
0 0.4825721153846154 0.96875 0.03966346153846154 0.04567307692307693
0 0.21814903846153846 0.7704326923076924 0.056490384615384616 0.04807692307692308
