0 0.2776442307692308 0.03485576923076923 0.15625 0.06971153846153846
0 0.17307692307692307 0.04807692307692308 0.10336538461538462 0.09615384615384616
0 0.3185096153846154 0.08473557692307693 0.1514423076923077 0.1310096153846154
0 0.3503605769230769 0.17908653846153846 0.11899038461538462 0.12980769230769232
0 0.4278846153846154 0.18389423076923078 0.11057692307692309 0.11298076923076923
0 0.45853365384615385 0.2536057692307692 0.11658653846153846 0.10576923076923078
0 0.21754807692307693 0.13341346153846154 0.09855769230769232 0.1201923076923077
0 0.2560096153846154 0.22355769230769232 0.09134615384615385 0.11298076923076923
0 0.3737980769230769 0.27584134615384615 0.11057692307692309 0.11418269230769232
0 0.4026442307692308 0.3515625 0.09855769230769232 0.10216346153846155
0 0.4417067307692308 0.4296875 0.09495192307692309 0.09735576923076923
0 0.12920673076923078 0.1358173076923077 0.109375 0.12980769230769232
0 0.07091346153846154 0.16466346153846154 0.07932692307692309 0.12259615384615385
0 0.10516826923076923 0.27824519230769235 0.09735576923076923 0.13341346153846154
0 0.18389423076923078 0.24699519230769232 0.10096153846153846 0.1310096153846154
0 0.3004807692307693 0.3076923076923077 0.09855769230769232 0.10576923076923078
0 0.22235576923076925 0.34134615384615385 0.09375 0.10336538461538462
0 0.32872596153846156 0.38762019230769235 0.08533653846153846 0.10697115384615385
0 0.2566105769230769 0.41105769230769235 0.08533653846153846 0.08653846153846154
0 0.14783653846153846 0.37199519230769235 0.09134615384615385 0.10697115384615385
0 0.03786057692307693 0.2848557692307693 0.07572115384615385 0.08653846153846154
0 0.04326923076923077 0.3359375 0.08653846153846154 0.08293269230769232
0 0.010216346153846154 0.3737980769230769 0.020432692307692308 0.08173076923076923
0 0.07391826923076923 0.4074519230769231 0.09975961538461539 0.11057692307692309
0 0.0234375 0.4356971153846154 0.046875 0.10697115384615385
0 0.17848557692307693 0.4561298076923077 0.08533653846153846 0.08293269230769232
0 0.3581730769230769 0.46274038461538464 0.08413461538461539 0.09615384615384616
0 0.47415865384615385 0.5042067307692308 0.1045673076923077 0.11418269230769232
0 0.3978365384615385 0.5402644230769231 0.09855769230769232 0.09975961538461539
0 0.28966346153846156 0.49338942307692313 0.08653846153846154 0.09495192307692309
0 0.3215144230769231 0.5685096153846154 0.10216346153846155 0.10817307692307693
0 0.3527644230769231 0.6508413461538461 0.09254807692307693 0.09254807692307693
0 0.28605769230769235 0.6808894230769231 0.09615384615384616 0.09495192307692309
0 0.21574519230769232 0.5258413461538461 0.09735576923076923 0.09014423076923077
0 0.2481971153846154 0.5973557692307693 0.09495192307692309 0.10336538461538462
0 0.10576923076923078 0.48197115384615385 0.09134615384615385 0.09134615384615385
0 0.1436298076923077 0.5540865384615385 0.08533653846153846 0.09134615384615385
0 0.17728365384615385 0.6328125 0.09735576923076923 0.10697115384615385
0 0.03966346153846154 0.5126201923076923 0.07932692307692309 0.09975961538461539
0 0.0625 0.5895432692307693 0.08173076923076923 0.09735576923076923
0 0.10276442307692309 0.6688701923076923 0.10216346153846155 0.1045673076923077
0 0.018629807692307692 0.6231971153846154 0.037259615384615384 0.09495192307692309
0 0.037259615384615384 0.7013221153846154 0.07451923076923077 0.109375
0 0.045072115384615384 0.8557692307692308 0.09014423076923077 0.13461538461538464
0 0.021033653846153848 0.8768028846153847 0.042067307692307696 0.1358173076923077
