0 0.7217548076923077 0.1808894230769231 0.08774038461538462 0.08293269230769232
0 0.6189903846153847 0.14122596153846154 0.11778846153846155 0.109375
0 0.5618990384615385 0.32872596153846156 0.03966346153846154 0.03245192307692308
0 0.4711538461538462 0.2842548076923077 0.038461538461538464 0.030048076923076924
0 0.49759615384615385 0.33653846153846156 0.038461538461538464 0.03125
0 0.44591346153846156 0.3605769230769231 0.03605769230769231 0.03605769230769231
0 0.43509615384615385 0.3467548076923077 0.03605769230769231 0.030048076923076924
0 0.4248798076923077 0.3275240384615385 0.03245192307692308 0.030048076923076924
0 0.4140625 0.3118990384615385 0.03485576923076923 0.030048076923076924
0 0.4639423076923077 0.3527644230769231 0.057692307692307696 0.09495192307692309
0 0.4044471153846154 0.29086538461538464 0.037259615384615384 0.03605769230769231
0 0.2295673076923077 0.010216346153846154 0.06730769230769232 0.020432692307692308
0 0.2542067307692308 0.058894230769230775 0.06850961538461539 0.05528846153846154
2 0.3972355769230769 0.6388221153846154 0.056490384615384616 0.11658653846153846
0 0.2650240384615385 0.5793269230769231 0.06129807692307693 0.040865384615384616
