0 0.05949519230769231 0.5162259615384616 0.11899038461538462 0.15024038461538464
0 0.4260817307692308 0.3040865384615385 0.12379807692307693 0.13942307692307693
0 0.5174278846153847 0.24158653846153846 0.13341346153846154 0.13461538461538464
0 0.6141826923076923 0.18509615384615385 0.125 0.13701923076923078
0 0.6989182692307693 0.12740384615384617 0.10697115384615385 0.12980769230769232
0 0.9669471153846154 0.11538461538461539 0.06610576923076923 0.0889423076923077
0 0.9477163461538463 0.1310096153846154 0.07572115384615385 0.09615384615384616
0 0.8762019230769231 0.17127403846153846 0.07451923076923077 0.09975961538461539
0 0.8533653846153847 0.18930288461538464 0.08173076923076923 0.08774038461538462
0 0.7854567307692308 0.22836538461538464 0.07091346153846154 0.09855769230769232
0 0.7548076923076924 0.25060096153846156 0.0889423076923077 0.09735576923076923
0 0.7295673076923077 0.27103365384615385 0.07451923076923077 0.09495192307692309
0 0.6568509615384616 0.31009615384615385 0.078125 0.09855769230769232
0 0.6340144230769231 0.3293269230769231 0.07572115384615385 0.09134615384615385
0 0.5625 0.37199519230769235 0.07451923076923077 0.09254807692307693
0 0.5390625 0.3888221153846154 0.08293269230769232 0.09735576923076923
0 0.6111778846153847 0.5048076923076923 0.09735576923076923 0.12980769230769232
0 0.6424278846153847 0.48557692307692313 0.10697115384615385 0.13461538461538464
0 0.6977163461538461 0.4477163461538462 0.109375 0.13341346153846154
0 0.733173076923077 0.4248798076923077 0.11057692307692309 0.12620192307692307
0 0.7914663461538461 0.38822115384615385 0.11177884615384616 0.13461538461538464
0 0.8287259615384616 0.36778846153846156 0.10697115384615385 0.13461538461538464
0 0.8617788461538463 0.3419471153846154 0.10336538461538462 0.13341346153846154
0 0.9230769230769231 0.30649038461538464 0.10817307692307693 0.13461538461538464
0 0.9507211538461539 0.28305288461538464 0.09855769230769232 0.1310096153846154
0 0.9789663461538463 0.2512019230769231 0.042067307692307696 0.13461538461538464
0 0.9891826923076924 0.3822115384615385 0.021634615384615384 0.09375
0 0.9723557692307693 0.40384615384615385 0.05528846153846154 0.09375
0 0.9260817307692308 0.44290865384615385 0.08533653846153846 0.09014423076923077
0 0.8924278846153847 0.4633413461538462 0.08293269230769232 0.09495192307692309
0 0.8569711538461539 0.484375 0.07932692307692309 0.09134615384615385
0 0.796875 0.5252403846153847 0.07932692307692309 0.0889423076923077
0 0.7632211538461539 0.5462740384615385 0.07692307692307693 0.09735576923076923
0 0.7049278846153847 0.5829326923076923 0.07572115384615385 0.09375
0 0.6748798076923077 0.6051682692307693 0.07572115384615385 0.08774038461538462
0 0.2884615384615385 0.576923076923077 0.3028846153846154 0.4254807692307693
0 0.21153846153846156 0.7199519230769231 0.2139423076923077 0.31490384615384615
0 0.10637019230769232 0.7980769230769231 0.21274038461538464 0.3293269230769231
0 0.017427884615384616 0.8046875 0.03485576923076923 0.20552884615384617
0 0.07632211538461539 0.8365384615384616 0.15264423076923078 0.3076923076923077
0 0.25 0.6995192307692308 0.21634615384615385 0.3076923076923077
0 0.3816105769230769 0.5372596153846154 0.33774038461538464 0.4278846153846154
