0 0.32271634615384615 0.15504807692307693 0.6454326923076923 0.31009615384615385
0 0.3359375 0.19290865384615385 0.671875 0.3858173076923077
0 0.3467548076923077 0.2277644230769231 0.6935096153846154 0.4555288461538462
0 0.3635817307692308 0.2650240384615385 0.7271634615384616 0.530048076923077
0 0.37560096153846156 0.3028846153846154 0.7512019230769231 0.6057692307692308
0 0.3840144230769231 0.3431490384615385 0.7680288461538461 0.686298076923077
0 0.3930288461538462 0.3972355769230769 0.7860576923076924 0.7391826923076924
0 0.4134615384615385 0.4675480769230769 0.826923076923077 0.7596153846153847
0 0.4200721153846154 0.5486778846153847 0.8401442307692308 0.7608173076923077
0 0.4284855769230769 0.623798076923077 0.8569711538461539 0.7524038461538461
0 0.4176682692307693 0.6736778846153847 0.8353365384615385 0.6526442307692308
0 0.9074519230769231 0.6592548076923077 0.11057692307692309 0.046875
0 0.8846153846153847 0.7265625 0.21153846153846156 0.05168269230769231
0 0.8545673076923077 0.7998798076923077 0.29086538461538464 0.05168269230769231
0 0.8179086538461539 0.8641826923076924 0.36418269230769235 0.05528846153846154
0 0.7770432692307693 0.9308894230769231 0.44591346153846156 0.054086538461538464
0 0.7379807692307693 0.984375 0.5240384615384616 0.03125
