0 0.7049278846153847 0.020432692307692308 0.30168269230769235 0.026442307692307696
0 0.670673076923077 0.056490384615384616 0.3028846153846154 0.02403846153846154
0 0.951923076923077 0.0078125 0.09615384615384616 0.015625
0 0.9417067307692308 0.02764423076923077 0.11658653846153846 0.02403846153846154
0 0.9230769230769231 0.051081730769230775 0.15384615384615385 0.02764423076923077
0 0.9086538461538463 0.07752403846153846 0.1826923076923077 0.02764423076923077
0 0.9447115384615385 0.6868990384615385 0.11057692307692309 0.5733173076923077
0 0.9032451923076924 0.1015625 0.1935096153846154 0.02764423076923077
0 0.8822115384615385 0.1268028846153846 0.2355769230769231 0.02764423076923077
0 0.8731971153846154 0.15024038461538464 0.2536057692307692 0.026442307692307696
0 0.8629807692307693 0.17548076923076925 0.27403846153846156 0.026442307692307696
0 0.8473557692307693 0.20252403846153846 0.30528846153846156 0.02764423076923077
0 0.8353365384615385 0.22596153846153846 0.3197115384615385 0.03365384615384616
0 0.8022836538461539 0.25180288461538464 0.3137019230769231 0.030048076923076924
0 0.7794471153846154 0.27584134615384615 0.32572115384615385 0.03245192307692308
0 0.7560096153846154 0.3034855769230769 0.3293269230769231 0.030048076923076924
0 0.7223557692307693 0.3263221153846154 0.3245192307692308 0.025240384615384616
0 0.7001201923076924 0.3515625 0.33052884615384615 0.030048076923076924
0 0.6760817307692308 0.3774038461538462 0.33052884615384615 0.026442307692307696
0 0.6424278846153847 0.4014423076923077 0.328125 0.026442307692307696
0 0.6262019230769231 0.4284855769230769 0.32211538461538464 0.02764423076923077
0 0.6069711538461539 0.4489182692307693 0.31490384615384615 0.025240384615384616
0 0.5883413461538461 0.4753605769230769 0.2848557692307693 0.030048076923076924
0 0.5805288461538461 0.4987980769230769 0.2572115384615385 0.021634615384615384
0 0.5913461538461539 0.5276442307692308 0.19230769230769232 0.026442307692307696
0 0.5811298076923077 0.5504807692307693 0.140625 0.019230769230769232
0 0.5793269230769231 0.5787259615384616 0.09855769230769232 0.020432692307692308
0 0.5829326923076923 0.6051682692307693 0.06009615384615385 0.020432692307692308
0 0.6352163461538461 0.08653846153846154 0.296875 0.02403846153846154
0 0.5979567307692308 0.12079326923076923 0.29927884615384615 0.025240384615384616
0 0.5679086538461539 0.15324519230769232 0.3137019230769231 0.025240384615384616
0 0.5306490384615384 0.18629807692307693 0.3040865384615385 0.02403846153846154
0 0.5018028846153847 0.21875 0.3040865384615385 0.026442307692307696
0 0.4651442307692308 0.25240384615384615 0.3028846153846154 0.026442307692307696
0 0.43870192307692313 0.2872596153846154 0.3004807692307693 0.02403846153846154
0 0.41887019230769235 0.3185096153846154 0.2608173076923077 0.02403846153846154
0 0.41165865384615385 0.34915865384615385 0.20552884615384617 0.02764423076923077
0 0.4128605769230769 0.3828125 0.140625 0.020432692307692308
0 0.4134615384615385 0.41586538461538464 0.07692307692307693 0.021634615384615384
0 0.05228365384615385 0.5679086538461539 0.1045673076923077 0.171875
0 0.16887019230769232 0.764423076923077 0.1935096153846154 0.19711538461538464
0 0.08713942307692309 0.8467548076923077 0.17427884615384617 0.1983173076923077
0 0.03665865384615385 0.9164663461538463 0.0733173076923077 0.1670673076923077
0 0.3191105769230769 0.9248798076923077 0.07572115384615385 0.03245192307692308
0 0.3118990384615385 0.951923076923077 0.1045673076923077 0.04326923076923077
0 0.30528846153846156 0.9747596153846154 0.1514423076923077 0.05048076923076923
0 0.2932692307692308 0.9861778846153847 0.2139423076923077 0.02764423076923077
0 0.28605769230769235 0.9963942307692308 0.2644230769230769 0.007211538461538462
0 0.8768028846153847 0.9032451923076924 0.20552884615384617 0.1935096153846154
