0 0.22415865384615385 0.5997596153846154 0.12379807692307693 0.13942307692307693
0 0.3155048076923077 0.5372596153846154 0.13341346153846154 0.13461538461538464
0 0.4122596153846154 0.4807692307692308 0.125 0.13701923076923078
0 0.49699519230769235 0.42307692307692313 0.10697115384615385 0.12980769230769232
0 0.7674278846153847 0.41105769230769235 0.07091346153846154 0.0889423076923077
0 0.7457932692307693 0.42668269230769235 0.07572115384615385 0.09615384615384616
0 0.6742788461538461 0.4669471153846154 0.07451923076923077 0.09975961538461539
0 0.6514423076923077 0.48497596153846156 0.08173076923076923 0.08774038461538462
0 0.5835336538461539 0.5240384615384616 0.07091346153846154 0.09855769230769232
0 0.5528846153846154 0.5462740384615385 0.0889423076923077 0.09735576923076923
0 0.5276442307692308 0.5667067307692308 0.07451923076923077 0.09495192307692309
0 0.45492788461538464 0.6057692307692308 0.078125 0.09855769230769232
0 0.4320913461538462 0.625 0.07572115384615385 0.09134615384615385
0 0.3605769230769231 0.6676682692307693 0.07451923076923077 0.09254807692307693
0 0.3371394230769231 0.6844951923076923 0.08293269230769232 0.09735576923076923
0 0.4092548076923077 0.8004807692307693 0.09735576923076923 0.12980769230769232
0 0.4405048076923077 0.78125 0.10697115384615385 0.13461538461538464
0 0.4957932692307693 0.7433894230769231 0.109375 0.13341346153846154
0 0.53125 0.7205528846153847 0.11057692307692309 0.12620192307692307
0 0.5895432692307693 0.6838942307692308 0.11177884615384616 0.13461538461538464
0 0.6268028846153847 0.6634615384615385 0.10697115384615385 0.13461538461538464
0 0.6598557692307693 0.6376201923076923 0.10336538461538462 0.13341346153846154
0 0.7211538461538461 0.6021634615384616 0.10817307692307693 0.13461538461538464
0 0.7536057692307693 0.5787259615384616 0.10817307692307693 0.1310096153846154
0 0.8094951923076924 0.546875 0.10697115384615385 0.13461538461538464
0 0.8389423076923077 0.5240384615384616 0.10096153846153846 0.12740384615384617
0 0.8629807692307693 0.6514423076923077 0.0625 0.08173076923076923
0 0.8173076923076924 0.6778846153846154 0.08173076923076923 0.09375
0 0.7848557692307693 0.6995192307692308 0.08413461538461539 0.09375
0 0.7241586538461539 0.7385817307692308 0.08533653846153846 0.09014423076923077
0 0.6905048076923077 0.7590144230769231 0.08293269230769232 0.09495192307692309
0 0.655048076923077 0.780048076923077 0.07932692307692309 0.09134615384615385
0 0.5949519230769231 0.8209134615384616 0.07932692307692309 0.0889423076923077
0 0.561298076923077 0.8419471153846154 0.07692307692307693 0.09735576923076923
0 0.5030048076923077 0.8786057692307693 0.07572115384615385 0.09375
0 0.4729567307692308 0.9008413461538463 0.07572115384615385 0.08774038461538462
0 0.11899038461538462 0.8299278846153847 0.23798076923076925 0.3401442307692308
0 0.05829326923076923 0.9290865384615385 0.11658653846153846 0.14182692307692307
0 0.078125 0.920673076923077 0.15625 0.15865384615384617
0 0.1796875 0.8094951923076924 0.33774038461538464 0.3810096153846154
