0 0.8383413461538461 0.553485576923077 0.3233173076923077 0.5733173076923077
0 0.7193509615384616 0.003605769230769231 0.3353365384615385 0.007211538461538462
0 0.6995192307692308 0.01682692307692308 0.3317307692307693 0.026442307692307696
0 0.671875 0.042067307692307696 0.31730769230769235 0.026442307692307696
0 0.6466346153846154 0.06911057692307693 0.3293269230769231 0.02764423076923077
0 0.6225961538461539 0.09254807692307693 0.3197115384615385 0.03365384615384616
0 0.5895432692307693 0.11838942307692309 0.3137019230769231 0.030048076923076924
0 0.5667067307692308 0.14242788461538464 0.32572115384615385 0.03245192307692308
0 0.5432692307692308 0.1700721153846154 0.3293269230769231 0.030048076923076924
0 0.5096153846153847 0.19290865384615385 0.3245192307692308 0.025240384615384616
0 0.4873798076923077 0.21814903846153846 0.33052884615384615 0.030048076923076924
0 0.4633413461538462 0.24399038461538464 0.33052884615384615 0.026442307692307696
0 0.4296875 0.26802884615384615 0.328125 0.026442307692307696
0 0.4134615384615385 0.2950721153846154 0.32211538461538464 0.02764423076923077
0 0.3942307692307693 0.3155048076923077 0.31490384615384615 0.025240384615384616
0 0.37560096153846156 0.3419471153846154 0.2848557692307693 0.030048076923076924
0 0.36778846153846156 0.3653846153846154 0.2572115384615385 0.021634615384615384
0 0.3786057692307693 0.3942307692307693 0.19230769230769232 0.026442307692307696
0 0.3683894230769231 0.4170673076923077 0.140625 0.019230769230769232
0 0.3665865384615385 0.4453125 0.09855769230769232 0.020432692307692308
0 0.3701923076923077 0.4717548076923077 0.06009615384615385 0.020432692307692308
0 0.3551682692307693 0.01983173076923077 0.3137019230769231 0.025240384615384616
0 0.31790865384615385 0.05288461538461539 0.3040865384615385 0.02403846153846154
0 0.2890625 0.08533653846153846 0.3040865384615385 0.026442307692307696
0 0.25240384615384615 0.11899038461538462 0.3028846153846154 0.026442307692307696
0 0.22596153846153846 0.15384615384615385 0.3004807692307693 0.02403846153846154
0 0.2061298076923077 0.18509615384615385 0.2608173076923077 0.02403846153846154
0 0.19891826923076925 0.21574519230769232 0.20552884615384617 0.02764423076923077
0 0.20012019230769232 0.24939903846153846 0.140625 0.020432692307692308
0 0.20072115384615385 0.2824519230769231 0.07692307692307693 0.021634615384615384
0 0.026442307692307696 0.6310096153846154 0.05288461538461539 0.19711538461538464
0 0.10637019230769232 0.7914663461538461 0.07572115384615385 0.03245192307692308
0 0.09915865384615385 0.8185096153846154 0.1045673076923077 0.04326923076923077
0 0.09254807692307693 0.8431490384615385 0.1514423076923077 0.054086538461538464
0 0.09375 0.8707932692307693 0.1875 0.06370192307692309
0 0.10276442307692309 0.8960336538461539 0.20552884615384617 0.0733173076923077
0 0.6640625 0.7806490384615385 0.20552884615384617 0.21514423076923078
0 0.10997596153846155 0.9236778846153847 0.2199519230769231 0.09254807692307693
0 0.11838942307692309 0.9447115384615385 0.23677884615384617 0.09134615384615385
0 0.12620192307692307 0.9585336538461539 0.25240384615384615 0.07572115384615385
0 0.13401442307692307 0.9681490384615385 0.26802884615384615 0.06370192307692309
0 0.09074519230769232 0.9897836538461539 0.18149038461538464 0.020432692307692308
