0 0.5528846153846154 0.3581730769230769 0.07451923076923077 0.021634615384615384
0 0.545673076923077 0.3936298076923077 0.14423076923076925 0.025240384615384616
0 0.5486778846153847 0.4278846153846154 0.203125 0.026442307692307696
0 0.5492788461538461 0.46153846153846156 0.2716346153846154 0.02403846153846154
0 0.5252403846153847 0.49338942307692313 0.3125 0.030048076923076924
0 0.4909855769230769 0.5258413461538461 0.29447115384615385 0.022836538461538464
0 0.453125 0.5582932692307693 0.2956730769230769 0.022836538461538464
0 0.4356971153846154 0.5913461538461539 0.27043269230769235 0.021634615384615384
0 0.4326923076923077 0.6243990384615385 0.20192307692307693 0.022836538461538464
0 0.4320913461538462 0.6568509615384616 0.13341346153846154 0.020432692307692308
0 0.4320913461538462 0.6911057692307693 0.07091346153846154 0.02403846153846154
0 0.7145432692307693 0.5162259615384616 0.058894230769230775 0.020432692307692308
0 0.7055288461538461 0.5414663461538461 0.10576923076923078 0.020432692307692308
0 0.7061298076923077 0.569110576923077 0.1622596153846154 0.022836538461538464
0 0.7157451923076924 0.5955528846153847 0.21274038461538464 0.022836538461538464
0 0.7013221153846154 0.6201923076923077 0.24158653846153846 0.026442307692307696
0 0.7013221153846154 0.6424278846153847 0.30649038461538464 0.02764423076923077
0 0.6905048076923077 0.6694711538461539 0.32091346153846156 0.026442307692307696
0 0.6610576923076923 0.6929086538461539 0.3125 0.022836538461538464
0 0.6466346153846154 0.7217548076923077 0.2980769230769231 0.02764423076923077
0 0.631610576923077 0.7457932692307693 0.2848557692307693 0.02764423076923077
0 0.6171875 0.7674278846153847 0.24639423076923078 0.025240384615384616
0 0.6231971153846154 0.796875 0.1935096153846154 0.021634615384615384
0 0.6189903846153847 0.8203125 0.16105769230769232 0.018028846153846156
0 0.6183894230769231 0.8473557692307693 0.08533653846153846 0.019230769230769232
0 0.2692307692307693 0.6274038461538461 0.07932692307692309 0.021634615384615384
0 0.2686298076923077 0.6646634615384616 0.14783653846153846 0.021634615384615384
0 0.27103365384615385 0.6977163461538461 0.21033653846153846 0.022836538461538464
0 0.2668269230769231 0.7295673076923077 0.28365384615384615 0.026442307692307696
0 0.2373798076923077 0.764423076923077 0.28966346153846156 0.02403846153846154
0 0.20192307692307693 0.7950721153846154 0.3004807692307693 0.022836538461538464
0 0.42728365384615385 0.7974759615384616 0.10216346153846155 0.022836538461538464
0 0.42247596153846156 0.8299278846153847 0.1358173076923077 0.022836538461538464
0 0.42668269230769235 0.8521634615384616 0.19230769230769232 0.021634615384615384
0 0.4260817307692308 0.8762019230769231 0.2247596153846154 0.026442307692307696
0 0.421875 0.9026442307692308 0.2884615384615385 0.028846153846153848
0 0.4098557692307693 0.928485576923077 0.3197115384615385 0.030048076923076924
0 0.38762019230769235 0.9525240384615385 0.32091346153846156 0.022836538461538464
0 0.16526442307692307 0.8251201923076924 0.3040865384615385 0.018028846153846156
0 0.14603365384615385 0.8617788461538463 0.2920673076923077 0.02403846153846154
0 0.12560096153846154 0.8948317307692308 0.2512019230769231 0.02764423076923077
0 0.1123798076923077 0.9272836538461539 0.2247596153846154 0.022836538461538464
0 0.09555288461538462 0.9573317307692308 0.19110576923076925 0.022836538461538464
0 0.07752403846153846 0.9891826923076924 0.15504807692307693 0.021634615384615384
0 0.3816105769230769 0.9801682692307693 0.30168269230769235 0.022836538461538464
0 0.3341346153846154 0.9951923076923077 0.3293269230769231 0.009615384615384616
