0 0.4014423076923077 0.10997596153846155 0.09134615384615385 0.078125
0 0.4020432692307693 0.546875 0.1045673076923077 0.1466346153846154
0 0.4729567307692308 0.4825721153846154 0.07572115384615385 0.054086538461538464
0 0.4867788461538462 0.5552884615384616 0.09134615384615385 0.09855769230769232
0 0.5835336538461539 0.5084134615384616 0.10216346153846155 0.14182692307692307
0 0.6292067307692308 0.6310096153846154 0.058894230769230775 0.040865384615384616
0 0.7902644230769231 0.6087740384615385 0.03485576923076923 0.02764423076923077
0 0.7986778846153847 0.631610576923077 0.03245192307692308 0.025240384615384616
0 0.803485576923077 0.65625 0.03245192307692308 0.02403846153846154
0 0.8106971153846154 0.6832932692307693 0.03245192307692308 0.030048076923076924
