0 0.9224759615384616 0.28365384615384615 0.078125 0.08413461538461539
0 0.9411057692307693 0.33774038461538464 0.07211538461538462 0.07451923076923077
0 0.9627403846153847 0.3966346153846154 0.07211538461538462 0.07932692307692309
0 0.9116586538461539 0.421875 0.07572115384615385 0.08653846153846154
0 0.8876201923076924 0.3623798076923077 0.08052884615384616 0.07572115384615385
0 0.8731971153846154 0.3004807692307693 0.06370192307692309 0.08653846153846154
0 0.678485576923077 0.3167067307692308 0.04447115384615385 0.037259615384615384
0 0.6298076923076923 0.4356971153846154 0.07211538461538462 0.10216346153846155
0 0.6676682692307693 0.5258413461538461 0.06850961538461539 0.09495192307692309
0 0.6033653846153847 0.5078125 0.13942307692307693 0.27524038461538464
0 0.8401442307692308 0.9945913461538463 0.14903846153846154 0.010817307692307692
