0 0.3545673076923077 0.09975961538461539 0.15625 0.13701923076923078
0 0.25 0.140625 0.10336538461538462 0.10817307692307693
0 0.39543269230769235 0.18329326923076925 0.1514423076923077 0.1310096153846154
0 0.42728365384615385 0.2776442307692308 0.11899038461538462 0.12980769230769232
0 0.5048076923076923 0.2824519230769231 0.11057692307692309 0.11298076923076923
0 0.5354567307692308 0.35216346153846156 0.11658653846153846 0.10576923076923078
0 0.29447115384615385 0.23197115384615385 0.09855769230769232 0.1201923076923077
0 0.33293269230769235 0.32211538461538464 0.09134615384615385 0.11298076923076923
0 0.45072115384615385 0.3743990384615385 0.11057692307692309 0.11418269230769232
0 0.4795673076923077 0.45012019230769235 0.09855769230769232 0.10216346153846155
0 0.5186298076923077 0.5282451923076923 0.09495192307692309 0.09735576923076923
0 0.2061298076923077 0.234375 0.109375 0.12980769230769232
0 0.14783653846153846 0.26322115384615385 0.07932692307692309 0.12259615384615385
0 0.18209134615384617 0.37680288461538464 0.09735576923076923 0.13341346153846154
0 0.2608173076923077 0.34555288461538464 0.10096153846153846 0.1310096153846154
0 0.3774038461538462 0.40625 0.09855769230769232 0.10576923076923078
0 0.29927884615384615 0.4399038461538462 0.09375 0.10336538461538462
0 0.4056490384615385 0.48617788461538464 0.08533653846153846 0.10697115384615385
0 0.33353365384615385 0.5096153846153847 0.08533653846153846 0.08653846153846154
0 0.2247596153846154 0.47055288461538464 0.09134615384615385 0.10697115384615385
0 0.10396634615384616 0.38341346153846156 0.09735576923076923 0.08653846153846154
0 0.11959134615384616 0.43449519230769235 0.08774038461538462 0.08293269230769232
0 0.03605769230769231 0.4122596153846154 0.07211538461538462 0.08173076923076923
0 0.05228365384615385 0.4723557692307693 0.09014423076923077 0.08173076923076923
0 0.15084134615384617 0.5060096153846154 0.09975961538461539 0.11057692307692309
0 0.07632211538461539 0.5342548076923077 0.09495192307692309 0.10697115384615385
0 0.25540865384615385 0.5546875 0.08533653846153846 0.08293269230769232
0 0.025240384615384616 0.5643028846153847 0.05048076923076923 0.1045673076923077
0 0.43509615384615385 0.561298076923077 0.08413461538461539 0.09615384615384616
0 0.5510817307692308 0.6027644230769231 0.1045673076923077 0.11418269230769232
0 0.4747596153846154 0.6388221153846154 0.09855769230769232 0.09975961538461539
0 0.3665865384615385 0.5919471153846154 0.08653846153846154 0.09495192307692309
0 0.3984375 0.6670673076923077 0.10216346153846155 0.10817307692307693
0 0.4296875 0.7493990384615385 0.09254807692307693 0.09254807692307693
0 0.3629807692307693 0.7794471153846154 0.09615384615384616 0.09495192307692309
0 0.2926682692307693 0.6243990384615385 0.09735576923076923 0.09014423076923077
0 0.32512019230769235 0.6959134615384616 0.09495192307692309 0.10336538461538462
0 0.1826923076923077 0.5805288461538461 0.09134615384615385 0.09134615384615385
0 0.22055288461538464 0.6526442307692308 0.08533653846153846 0.09134615384615385
0 0.2542067307692308 0.7313701923076924 0.09735576923076923 0.10697115384615385
0 0.11117788461538462 0.6111778846153847 0.09014423076923077 0.09975961538461539
0 0.13942307692307693 0.6881009615384616 0.08173076923076923 0.09735576923076923
0 0.1796875 0.7674278846153847 0.10216346153846155 0.1045673076923077
0 0.040865384615384616 0.6460336538461539 0.08173076923076923 0.09975961538461539
0 0.07271634615384616 0.7217548076923077 0.08293269230769232 0.09495192307692309
0 0.10036057692307693 0.7998798076923077 0.10216346153846155 0.109375
0 0.04026442307692308 0.8317307692307693 0.08052884615384616 0.11778846153846155
0 0.02463942307692308 0.756610576923077 0.04927884615384616 0.10697115384615385
0 0.11778846153846155 0.9435096153846154 0.09855769230769232 0.11298076923076923
0 0.0703125 0.9537259615384616 0.09735576923076923 0.09254807692307693
