0 0.9765625 0.021033653846153848 0.046875 0.042067307692307696
0 0.9200721153846154 0.13161057692307693 0.11418269230769232 0.11177884615384616
0 0.5715144230769231 0.1171875 0.15504807692307693 0.12620192307692307
0 0.4296875 0.19290865384615385 0.16466346153846154 0.12379807692307693
0 0.13521634615384617 0.4963942307692308 0.17427884615384617 0.13942307692307693
0 0.26021634615384615 0.42247596153846156 0.15024038461538464 0.12139423076923078
0 0.7980769230769231 0.3942307692307693 0.06490384615384616 0.07451923076923077
0 0.7271634615384616 0.43088942307692313 0.05048076923076923 0.07572115384615385
0 0.6346153846153847 0.5024038461538461 0.20192307692307693 0.14903846153846154
0 0.4561298076923077 0.5402644230769231 0.09735576923076923 0.11899038461538462
0 0.40685096153846156 0.4555288461538462 0.09735576923076923 0.10817307692307693
0 0.36778846153846156 0.3731971153846154 0.07211538461538462 0.09495192307692309
0 0.41586538461538464 0.34074519230769235 0.09855769230769232 0.09014423076923077
0 0.47716346153846156 0.46153846153846156 0.11298076923076923 0.21153846153846156
