0 0.9549278846153847 0.1201923076923077 0.09014423076923077 0.125
0 0.6502403846153847 0.16526442307692307 0.06490384615384616 0.05168269230769231
0 0.6033653846153847 0.0967548076923077 0.06971153846153846 0.06370192307692309
0 0.8401442307692308 0.2421875 0.028846153846153848 0.022836538461538464
0 0.7139423076923077 0.36778846153846156 0.0625 0.057692307692307696
0 0.3780048076923077 0.6586538461538461 0.042067307692307696 0.04807692307692308
0 0.35637019230769235 0.7247596153846154 0.03485576923076923 0.057692307692307696
0 0.3245192307692308 0.7259615384615385 0.05048076923076923 0.03125
0 0.32992788461538464 0.6947115384615385 0.03245192307692308 0.028846153846153848
0 0.6622596153846154 0.41165865384615385 0.08413461538461539 0.08293269230769232
0 0.8563701923076924 0.6520432692307693 0.030048076923076924 0.03485576923076923
0 0.640625 0.7133413461538461 0.02403846153846154 0.02764423076923077
0 0.2764423076923077 0.9915865384615385 0.04326923076923077 0.01682692307692308
