0 0.6640625 0.109375 0.056490384615384616 0.057692307692307696
0 0.41105769230769235 0.09134615384615385 0.04326923076923077 0.040865384615384616
0 0.514423076923077 0.1622596153846154 0.05288461538461539 0.05288461538461539
0 0.6664663461538461 0.34435096153846156 0.02764423076923077 0.030048076923076924
0 0.7067307692307693 0.36778846153846156 0.04326923076923077 0.03365384615384616
0 0.7536057692307693 0.42668269230769235 0.040865384615384616 0.05288461538461539
0 0.7121394230769231 0.5805288461538461 0.06370192307692309 0.06730769230769232
0 0.6568509615384616 0.530048076923077 0.02764423076923077 0.03125
0 0.6123798076923077 0.4909855769230769 0.02764423076923077 0.022836538461538464
0 0.4987980769230769 0.6015625 0.08653846153846154 0.08293269230769232
2 0.17307692307692307 0.45793269230769235 0.04326923076923077 0.05288461538461539
0 0.11538461538461539 0.3743990384615385 0.057692307692307696 0.06129807692307693
0 0.6370192307692308 0.9837740384615385 0.05048076923076923 0.03245192307692308
0 0.15625 0.9879807692307693 0.09615384615384616 0.02403846153846154
0 0.2608173076923077 0.9915865384615385 0.06009615384615385 0.01682692307692308
0 0.45012019230769235 0.12980769230769232 0.037259615384615384 0.03125
