0 0.16526442307692307 0.5324519230769231 0.09975961538461539 0.05048076923076923
0 0.109375 0.7788461538461539 0.04807692307692308 0.021634615384615384
0 0.3822115384615385 0.5108173076923077 0.04326923076923077 0.05048076923076923
0 0.5643028846153847 0.5048076923076923 0.03245192307692308 0.05288461538461539
0 0.640625 0.4957932692307693 0.03365384615384616 0.058894230769230775
0 0.33653846153846156 0.7758413461538461 0.08173076923076923 0.04927884615384616
0 0.3780048076923077 0.8040865384615385 0.03245192307692308 0.06009615384615385
0 0.4152644230769231 0.8046875 0.03245192307692308 0.058894230769230775
0 0.6358173076923077 0.9296875 0.03125 0.020432692307692308
0 0.44230769230769235 0.4957932692307693 0.040865384615384616 0.03485576923076923
