0 0.09314903846153846 0.17908653846153846 0.18629807692307693 0.21875
0 0.1670673076923077 0.09254807692307693 0.18990384615384617 0.18509615384615385
0 0.19771634615384617 0.3106971153846154 0.24158653846153846 0.24639423076923078
0 0.2884615384615385 0.22415865384615385 0.20673076923076925 0.21033653846153846
0 0.3918269230769231 0.3359375 0.16105769230769232 0.16466346153846154
0 0.3185096153846154 0.43870192307692313 0.22115384615384617 0.21875
0 0.640625 0.8155048076923077 0.125 0.10216346153846155
0 0.7145432692307693 0.7584134615384616 0.09735576923076923 0.11778846153846155
0 0.6574519230769231 0.8930288461538463 0.12740384615384617 0.10336538461538462
1 0.7265625 0.8485576923076924 0.058894230769230775 0.05048076923076923
0 0.8125 0.9393028846153847 0.03125 0.042067307692307696
0 0.694110576923077 0.9399038461538463 0.15264423076923078 0.1201923076923077
0 0.717548076923077 0.9633413461538463 0.19951923076923078 0.0733173076923077
0 0.859375 0.9735576923076924 0.09134615384615385 0.05288461538461539
0 0.4879807692307693 0.5787259615384616 0.15865384615384617 0.15745192307692307
0 0.6424278846153847 0.5799278846153847 0.15504807692307693 0.15504807692307693
