0 0.9783653846153847 0.10096153846153846 0.04326923076923077 0.02403846153846154
0 0.9561298076923077 0.1328125 0.08774038461538462 0.030048076923076924
0 0.9435096153846154 0.16526442307692307 0.11298076923076923 0.022836538461538464
0 0.9242788461538463 0.19771634615384617 0.1514423076923077 0.022836538461538464
0 0.921875 0.23076923076923078 0.15625 0.021634615384615384
0 0.9375 0.2638221153846154 0.125 0.022836538461538464
0 0.9543269230769231 0.2962740384615385 0.09134615384615385 0.020432692307692308
0 0.9699519230769231 0.33052884615384615 0.06009615384615385 0.02403846153846154
0 0.8125 0.2668269230769231 0.07932692307692309 0.021634615384615384
0 0.8118990384615385 0.3040865384615385 0.14783653846153846 0.021634615384615384
0 0.8143028846153847 0.3371394230769231 0.21033653846153846 0.022836538461538464
0 0.8100961538461539 0.36899038461538464 0.28365384615384615 0.026442307692307696
0 0.7806490384615385 0.40384615384615385 0.28966346153846156 0.02403846153846154
0 0.7451923076923077 0.43449519230769235 0.3004807692307693 0.022836538461538464
0 0.959735576923077 0.4368990384615385 0.08052884615384616 0.022836538461538464
0 0.9489182692307693 0.46935096153846156 0.10216346153846155 0.022836538461538464
0 0.9368990384615385 0.4915865384615385 0.12620192307692307 0.021634615384615384
0 0.928485576923077 0.515625 0.14302884615384617 0.026442307692307696
0 0.9104567307692308 0.5420673076923077 0.17908653846153846 0.028846153846153848
0 0.8966346153846154 0.5679086538461539 0.20673076923076925 0.030048076923076924
0 0.8852163461538463 0.5919471153846154 0.2295673076923077 0.022836538461538464
0 0.7085336538461539 0.4645432692307693 0.3040865384615385 0.018028846153846156
0 0.6802884615384616 0.5012019230769231 0.31009615384615385 0.02403846153846154
0 0.6466346153846154 0.5342548076923077 0.2956730769230769 0.02764423076923077
0 0.6165865384615385 0.5667067307692308 0.3028846153846154 0.022836538461538464
0 0.5811298076923077 0.5967548076923077 0.30649038461538464 0.022836538461538464
0 0.546875 0.6298076923076923 0.3028846153846154 0.02403846153846154
0 0.5138221153846154 0.6610576923076923 0.30168269230769235 0.026442307692307696
0 0.4795673076923077 0.6971153846153847 0.3028846153846154 0.02403846153846154
0 0.8870192307692308 0.6195913461538461 0.22596153846153846 0.022836538461538464
0 0.8563701923076924 0.6430288461538461 0.2872596153846154 0.026442307692307696
0 0.8461538461538463 0.6682692307692308 0.3076923076923077 0.02403846153846154
0 0.8227163461538461 0.6917067307692308 0.3353365384615385 0.02764423076923077
0 0.796875 0.7181490384615385 0.34134615384615385 0.02764423076923077
0 0.772235576923077 0.7421875 0.3137019230769231 0.02764423076923077
0 0.740985576923077 0.7674278846153847 0.3353365384615385 0.02764423076923077
0 0.7211538461538461 0.7908653846153847 0.3317307692307693 0.026442307692307696
0 0.6935096153846154 0.8161057692307693 0.31730769230769235 0.026442307692307696
0 0.6682692307692308 0.8431490384615385 0.3293269230769231 0.02764423076923077
0 0.6442307692307693 0.8665865384615385 0.3197115384615385 0.03365384615384616
0 0.6111778846153847 0.8924278846153847 0.3137019230769231 0.030048076923076924
0 0.5883413461538461 0.9164663461538463 0.32572115384615385 0.03245192307692308
0 0.5649038461538461 0.944110576923077 0.3293269230769231 0.030048076923076924
0 0.53125 0.9669471153846154 0.3245192307692308 0.025240384615384616
0 0.5090144230769231 0.9885817307692308 0.33052884615384615 0.022836538461538464
0 0.4441105769230769 0.7271634615384616 0.296875 0.02403846153846154
0 0.40685096153846156 0.7614182692307693 0.29927884615384615 0.025240384615384616
0 0.37680288461538464 0.7938701923076924 0.3137019230769231 0.025240384615384616
0 0.3395432692307693 0.826923076923077 0.3040865384615385 0.02403846153846154
0 0.3106971153846154 0.859375 0.3040865384615385 0.026442307692307696
0 0.27403846153846156 0.8930288461538463 0.3028846153846154 0.026442307692307696
0 0.24759615384615385 0.9278846153846154 0.3004807692307693 0.02403846153846154
0 0.2277644230769231 0.9591346153846154 0.2608173076923077 0.02403846153846154
0 0.22055288461538464 0.9879807692307693 0.20552884615384617 0.02403846153846154
