0 0.021033653846153848 0.4182692307692308 0.042067307692307696 0.05288461538461539
0 0.1622596153846154 0.1544471153846154 0.08653846153846154 0.06129807692307693
0 0.37680288461538464 0.13221153846153846 0.09975961538461539 0.05048076923076923
0 0.32091346153846156 0.3786057692307693 0.04807692307692308 0.021634615384615384
0 0.59375 0.11057692307692309 0.04326923076923077 0.05048076923076923
0 0.7758413461538461 0.1045673076923077 0.03245192307692308 0.05288461538461539
0 0.8521634615384616 0.09555288461538462 0.03365384615384616 0.058894230769230775
0 0.5480769230769231 0.37560096153846156 0.08173076923076923 0.04927884615384616
0 0.5895432692307693 0.40384615384615385 0.03245192307692308 0.06009615384615385
0 0.6268028846153847 0.4044471153846154 0.03245192307692308 0.058894230769230775
0 0.5883413461538461 0.8731971153846154 0.03245192307692308 0.030048076923076924
0 0.6352163461538461 0.8719951923076924 0.03245192307692308 0.03245192307692308
0 0.8473557692307693 0.5294471153846154 0.03125 0.020432692307692308
0 0.881610576923077 0.7247596153846154 0.11899038461538462 0.0625
0 0.6538461538461539 0.09555288461538462 0.040865384615384616 0.03485576923076923
