0 0.5625 0.05829326923076923 0.10096153846153846 0.11418269230769232
0 0.48978365384615385 0.04567307692307693 0.08774038461538462 0.09134615384615385
0 0.4212740384615385 0.03125 0.09254807692307693 0.0625
0 0.3479567307692308 0.022836538461538464 0.09735576923076923 0.04567307692307693
0 0.4981971153846154 0.3936298076923077 0.10216346153846155 0.11177884615384616
0 0.42247596153846156 0.37560096153846156 0.09254807692307693 0.1045673076923077
0 0.3539663461538462 0.3527644230769231 0.09735576923076923 0.109375
0 0.27884615384615385 0.3275240384615385 0.10096153846153846 0.11177884615384616
0 0.20492788461538464 0.30709134615384615 0.10216346153846155 0.11418269230769232
0 0.6526442307692308 0.9891826923076924 0.09615384615384616 0.021634615384615384
0 0.5799278846153847 0.9819711538461539 0.09735576923076923 0.03605769230769231
0 0.5036057692307693 0.9651442307692308 0.10336538461538462 0.06971153846153846
