0 0.8335336538461539 0.07992788461538462 0.33293269230769235 0.15985576923076925
0 0.0967548076923077 0.11117788461538462 0.07572115384615385 0.03245192307692308
0 0.08954326923076923 0.13822115384615385 0.1045673076923077 0.04326923076923077
0 0.08293269230769232 0.16286057692307693 0.1514423076923077 0.054086538461538464
0 0.0889423076923077 0.1905048076923077 0.1778846153846154 0.06370192307692309
0 0.09795673076923077 0.21574519230769232 0.19591346153846154 0.0733173076923077
0 0.6544471153846154 0.10396634615384616 0.20552884615384617 0.20793269230769232
0 0.10516826923076923 0.2433894230769231 0.21033653846153846 0.09254807692307693
0 0.11358173076923078 0.2644230769230769 0.22716346153846156 0.09134615384615385
0 0.12139423076923078 0.27824519230769235 0.24278846153846156 0.07572115384615385
0 0.12920673076923078 0.29867788461538464 0.25841346153846156 0.08533653846153846
0 0.0859375 0.3347355769230769 0.171875 0.07091346153846154
0 0.13341346153846154 0.3659855769230769 0.2668269230769231 0.08052884615384616
0 0.109375 0.3936298076923077 0.21875 0.0733173076923077
0 0.0889423076923077 0.4176682692307693 0.1778846153846154 0.054086538461538464
0 0.07211538461538462 0.44230769230769235 0.12740384615384617 0.040865384615384616
0 0.24759615384615385 0.4729567307692308 0.3269230769230769 0.08533653846153846
0 0.25480769230769235 0.49759615384615385 0.35336538461538464 0.09375
0 0.2692307692307693 0.5174278846153847 0.34855769230769235 0.09014423076923077
0 0.2884615384615385 0.5372596153846154 0.3509615384615385 0.0889423076923077
0 0.3076923076923077 0.5552884615384616 0.3557692307692308 0.09134615384615385
0 0.3155048076923077 0.5727163461538461 0.3449519230769231 0.09254807692307693
0 0.3185096153846154 0.5985576923076923 0.2932692307692308 0.08173076923076923
0 0.296875 0.6484375 0.18509615384615385 0.06129807692307693
0 0.3082932692307693 0.6207932692307693 0.24639423076923078 0.0733173076923077
0 0.2878605769230769 0.6724759615384616 0.14302884615384617 0.046875
