0 0.717548076923077 0.15865384615384617 0.15625 0.13701923076923078
0 0.6129807692307693 0.19951923076923078 0.10336538461538462 0.10817307692307693
0 0.7584134615384616 0.2421875 0.1514423076923077 0.1310096153846154
0 0.7902644230769231 0.33653846153846156 0.11899038461538462 0.12980769230769232
0 0.8677884615384616 0.34134615384615385 0.11057692307692309 0.11298076923076923
0 0.8984375 0.41105769230769235 0.11658653846153846 0.10576923076923078
0 0.6574519230769231 0.29086538461538464 0.09855769230769232 0.1201923076923077
0 0.6959134615384616 0.3810096153846154 0.09134615384615385 0.11298076923076923
0 0.8137019230769231 0.4332932692307693 0.11057692307692309 0.11418269230769232
0 0.842548076923077 0.5090144230769231 0.09855769230769232 0.10216346153846155
0 0.881610576923077 0.5871394230769231 0.09495192307692309 0.09735576923076923
0 0.569110576923077 0.2932692307692308 0.109375 0.12980769230769232
0 0.5108173076923077 0.32211538461538464 0.07932692307692309 0.12259615384615385
0 0.5450721153846154 0.4356971153846154 0.09735576923076923 0.13341346153846154
0 0.623798076923077 0.4044471153846154 0.10096153846153846 0.1310096153846154
0 0.7403846153846154 0.4651442307692308 0.09855769230769232 0.10576923076923078
0 0.6622596153846154 0.4987980769230769 0.09375 0.10336538461538462
0 0.7686298076923077 0.5450721153846154 0.08533653846153846 0.10697115384615385
0 0.6965144230769231 0.5685096153846154 0.08533653846153846 0.08653846153846154
0 0.5877403846153847 0.5294471153846154 0.09134615384615385 0.10697115384615385
0 0.4669471153846154 0.44230769230769235 0.09735576923076923 0.08653846153846154
0 0.4825721153846154 0.49338942307692313 0.08774038461538462 0.08293269230769232
0 0.39122596153846156 0.4711538461538462 0.08774038461538462 0.08173076923076923
0 0.4152644230769231 0.53125 0.09014423076923077 0.08173076923076923
0 0.5138221153846154 0.5649038461538461 0.09975961538461539 0.11057692307692309
0 0.43930288461538464 0.5931490384615385 0.09495192307692309 0.10697115384615385
0 0.6183894230769231 0.6135817307692308 0.08533653846153846 0.08293269230769232
0 0.3629807692307693 0.6231971153846154 0.10096153846153846 0.1045673076923077
0 0.7980769230769231 0.6201923076923077 0.08413461538461539 0.09615384615384616
0 0.9140625 0.6616586538461539 0.1045673076923077 0.11418269230769232
0 0.8377403846153847 0.6977163461538461 0.09855769230769232 0.09975961538461539
0 0.7295673076923077 0.6508413461538461 0.08653846153846154 0.09495192307692309
0 0.7614182692307693 0.7259615384615385 0.10216346153846155 0.10817307692307693
0 0.7926682692307693 0.8082932692307693 0.09254807692307693 0.09254807692307693
0 0.7259615384615385 0.8383413461538461 0.09615384615384616 0.09495192307692309
0 0.6556490384615385 0.6832932692307693 0.09735576923076923 0.09014423076923077
0 0.6881009615384616 0.7548076923076924 0.09495192307692309 0.10336538461538462
0 0.545673076923077 0.639423076923077 0.09134615384615385 0.09134615384615385
0 0.5835336538461539 0.7115384615384616 0.08533653846153846 0.09134615384615385
0 0.6171875 0.7902644230769231 0.09735576923076923 0.10697115384615385
0 0.47415865384615385 0.6700721153846154 0.09014423076923077 0.09975961538461539
0 0.5024038461538461 0.7469951923076924 0.08173076923076923 0.09735576923076923
0 0.5426682692307693 0.8263221153846154 0.10216346153846155 0.1045673076923077
0 0.40324519230769235 0.7049278846153847 0.08293269230769232 0.09975961538461539
0 0.28605769230769235 0.6580528846153847 0.09855769230769232 0.11418269230769232
0 0.3215144230769231 0.7355769230769231 0.09254807692307693 0.09855769230769232
0 0.4356971153846154 0.7806490384615385 0.08293269230769232 0.09495192307692309
0 0.4633413461538462 0.8587740384615385 0.10216346153846155 0.109375
0 0.3918269230769231 0.890625 0.10336538461538462 0.11778846153846155
0 0.35997596153846156 0.8155048076923077 0.1045673076923077 0.10697115384615385
0 0.4807692307692308 0.9729567307692308 0.09855769230769232 0.054086538461538464
0 0.4332932692307693 0.983173076923077 0.09735576923076923 0.03365384615384616
