0 0.8431490384615385 0.0703125 0.15504807692307693 0.12620192307692307
0 0.7013221153846154 0.14603365384615385 0.16466346153846154 0.12379807692307693
0 0.40685096153846156 0.4495192307692308 0.17427884615384617 0.13942307692307693
0 0.5318509615384616 0.37560096153846156 0.15024038461538464 0.12139423076923078
0 0.9867788461538463 0.3840144230769231 0.026442307692307696 0.07572115384615385
0 0.9026442307692308 0.4555288461538462 0.19471153846153846 0.14903846153846154
0 0.7277644230769231 0.49338942307692313 0.09735576923076923 0.11899038461538462
0 0.678485576923077 0.4086538461538462 0.09735576923076923 0.10817307692307693
0 0.639423076923077 0.3263221153846154 0.07211538461538462 0.09495192307692309
0 0.6875 0.29387019230769235 0.09855769230769232 0.09014423076923077
0 0.748798076923077 0.41466346153846156 0.11298076923076923 0.21153846153846156
