0 0.14182692307692307 0.2433894230769231 0.04326923076923077 0.037259615384615384
0 0.025841346153846156 0.8707932692307693 0.02764423076923077 0.037259615384615384
0 0.2373798076923077 0.5024038461538461 0.037259615384615384 0.03605769230769231
0 0.2854567307692308 0.5420673076923077 0.03966346153846154 0.03605769230769231
0 0.19110576923076925 0.7373798076923077 0.09855769230769232 0.054086538461538464
0 0.6442307692307693 0.3972355769230769 0.038461538461538464 0.056490384615384616
0 0.6652644230769231 0.4825721153846154 0.08052884615384616 0.11418269230769232
0 0.7578125 0.24158653846153846 0.11658653846153846 0.06490384615384616
0 0.5138221153846154 0.9807692307692308 0.09735576923076923 0.038461538461538464
0 0.16466346153846154 0.9338942307692308 0.040865384615384616 0.04326923076923077
0 0.234375 0.9663461538461539 0.04567307692307693 0.06730769230769232
0 0.9921875 0.3431490384615385 0.015625 0.04447115384615385
