0 0.17728365384615385 0.03786057692307693 0.24158653846153846 0.07572115384615385
0 0.3713942307692308 0.030048076923076924 0.16105769230769232 0.06009615384615385
0 0.2980769230769231 0.09495192307692309 0.22115384615384617 0.18990384615384617
0 0.14182692307692307 0.8617788461538463 0.10336538461538462 0.11298076923076923
0 0.2325721153846154 0.8341346153846154 0.07091346153846154 0.08653846153846154
0 0.6201923076923077 0.4573317307692308 0.125 0.10216346153846155
0 0.694110576923077 0.40024038461538464 0.09735576923076923 0.11778846153846155
0 0.6370192307692308 0.5348557692307693 0.12740384615384617 0.10336538461538462
1 0.7061298076923077 0.4903846153846154 0.058894230769230775 0.05048076923076923
0 0.7920673076923077 0.5811298076923077 0.03125 0.042067307692307696
0 0.6736778846153847 0.5865384615384616 0.15264423076923078 0.12980769230769232
0 0.6971153846153847 0.6766826923076923 0.19951923076923078 0.21634615384615385
0 0.6135817307692308 0.6983173076923077 0.06610576923076923 0.06490384615384616
0 0.8389423076923077 0.6502403846153847 0.09134615384615385 0.12259615384615385
1 0.7974759615384616 0.7307692307692308 0.11658653846153846 0.11057692307692309
0 0.9152644230769231 0.9567307692307693 0.16947115384615385 0.08653846153846154
0 0.4675480769230769 0.22055288461538464 0.15865384615384617 0.15745192307692307
0 0.6219951923076923 0.2217548076923077 0.15504807692307693 0.15504807692307693
