0 0.06730769230769232 0.9879807692307693 0.06490384615384616 0.02403846153846154
0 0.23016826923076925 0.3082932692307693 0.1310096153846154 0.11899038461538462
0 0.27524038461538464 0.36478365384615385 0.04807692307692308 0.05168269230769231
0 0.39903846153846156 0.24759615384615385 0.05528846153846154 0.05048076923076923
0 0.43930288461538464 0.27884615384615385 0.06129807692307693 0.06009615384615385
0 0.48497596153846156 0.3137019230769231 0.06370192307692309 0.06009615384615385
0 0.5330528846153847 0.3479567307692308 0.06610576923076923 0.056490384615384616
0 0.4603365384615385 0.3551682692307693 0.06009615384615385 0.04927884615384616
0 0.5006009615384616 0.38762019230769235 0.042067307692307696 0.037259615384615384
0 0.4020432692307693 0.38341346153846156 0.037259615384615384 0.038461538461538464
0 0.3774038461538462 0.4128605769230769 0.04326923076923077 0.042067307692307696
0 0.4441105769230769 0.4128605769230769 0.05168269230769231 0.05168269230769231
0 0.4140625 0.44591346153846156 0.05168269230769231 0.04326923076923077
0 0.7908653846153847 0.5829326923076923 0.05288461538461539 0.05048076923076923
0 0.7584134615384616 0.623798076923077 0.05288461538461539 0.05288461538461539
0 0.7385817307692308 0.6484375 0.042067307692307696 0.03966346153846154
0 0.7241586538461539 0.7139423076923077 0.0733173076923077 0.06009615384615385
0 0.6947115384615385 0.7518028846153847 0.05528846153846154 0.06370192307692309
0 0.748798076923077 0.795673076923077 0.08653846153846154 0.07692307692307693
0 0.796875 0.7770432692307693 0.06490384615384616 0.05168269230769231
0 0.8647836538461539 0.5961538461538461 0.07091346153846154 0.06490384615384616
0 0.9110576923076924 0.6376201923076923 0.040865384615384616 0.037259615384615384
0 0.8918269230769231 0.662860576923077 0.05048076923076923 0.04927884615384616
0 0.8407451923076924 0.6286057692307693 0.08293269230769232 0.07451923076923077
0 0.8149038461538461 0.6658653846153847 0.08173076923076923 0.06730769230769232
0 0.7890625 0.6923076923076923 0.06850961538461539 0.06009615384615385
0 0.8731971153846154 0.709735576923077 0.0733173076923077 0.06850961538461539
0 0.8515625 0.740985576923077 0.06850961538461539 0.054086538461538464
0 0.9338942307692308 0.756610576923077 0.07451923076923077 0.07091346153846154
0 0.9074519230769231 0.7854567307692308 0.06971153846153846 0.06129807692307693
0 0.9933894230769231 0.7073317307692308 0.013221153846153848 0.03485576923076923
0 0.9939903846153847 0.7704326923076924 0.01201923076923077 0.07451923076923077
0 0.9789663461538463 0.8094951923076924 0.042067307692307696 0.06850961538461539
0 0.9663461538461539 0.8359375 0.06730769230769232 0.06129807692307693
0 0.9903846153846154 0.9326923076923077 0.019230769230769232 0.05048076923076923
0 0.9603365384615385 0.9729567307692308 0.05288461538461539 0.054086538461538464
0 0.30709134615384615 0.3275240384615385 0.04447115384615385 0.042067307692307696
