0 0.9615384615384616 0.009014423076923078 0.07692307692307693 0.018028846153846156
0 0.9783653846153847 0.0390625 0.04326923076923077 0.020432692307692308
0 0.9939903846153847 0.0733173076923077 0.01201923076923077 0.02403846153846154
0 0.8605769230769231 0.010216346153846154 0.07932692307692309 0.020432692307692308
0 0.8599759615384616 0.046875 0.14783653846153846 0.021634615384615384
0 0.8623798076923077 0.07992788461538462 0.21033653846153846 0.022836538461538464
0 0.858173076923077 0.11177884615384616 0.28365384615384615 0.026442307692307696
0 0.8287259615384616 0.1466346153846154 0.28966346153846156 0.02403846153846154
0 0.7932692307692308 0.17728365384615385 0.3004807692307693 0.022836538461538464
0 0.9837740384615385 0.1796875 0.03245192307692308 0.022836538461538464
0 0.9729567307692308 0.2121394230769231 0.054086538461538464 0.022836538461538464
0 0.9609375 0.234375 0.078125 0.021634615384615384
0 0.9525240384615385 0.25841346153846156 0.09495192307692309 0.026442307692307696
0 0.9344951923076924 0.2848557692307693 0.1310096153846154 0.028846153846153848
0 0.920673076923077 0.3106971153846154 0.15865384615384617 0.030048076923076924
0 0.9092548076923077 0.3347355769230769 0.18149038461538464 0.022836538461538464
0 0.756610576923077 0.20733173076923078 0.3040865384615385 0.018028846153846156
0 0.7283653846153847 0.24399038461538464 0.31009615384615385 0.02403846153846154
0 0.6947115384615385 0.2770432692307693 0.2956730769230769 0.02764423076923077
0 0.6646634615384616 0.30949519230769235 0.3028846153846154 0.022836538461538464
0 0.6292067307692308 0.3395432692307693 0.30649038461538464 0.022836538461538464
0 0.5949519230769231 0.37259615384615385 0.3028846153846154 0.02403846153846154
0 0.5618990384615385 0.40384615384615385 0.30168269230769235 0.026442307692307696
0 0.5276442307692308 0.4399038461538462 0.3028846153846154 0.02403846153846154
0 0.9110576923076924 0.3623798076923077 0.1778846153846154 0.022836538461538464
0 0.8804086538461539 0.3858173076923077 0.23918269230769232 0.026442307692307696
0 0.8701923076923077 0.41105769230769235 0.25961538461538464 0.02403846153846154
0 0.8515625 0.43449519230769235 0.296875 0.02764423076923077
0 0.8371394230769231 0.4609375 0.32572115384615385 0.02764423076923077
0 0.8731971153846154 0.8918269230769231 0.2536057692307692 0.21634615384615385
0 0.8203125 0.48497596153846156 0.3137019230769231 0.02764423076923077
0 0.7890625 0.5102163461538461 0.3353365384615385 0.02764423076923077
0 0.7692307692307693 0.5336538461538461 0.3317307692307693 0.026442307692307696
0 0.7415865384615385 0.5588942307692308 0.31730769230769235 0.026442307692307696
0 0.7163461538461539 0.5859375 0.3293269230769231 0.02764423076923077
0 0.6923076923076923 0.609375 0.3197115384615385 0.03365384615384616
0 0.6592548076923077 0.6352163461538461 0.3137019230769231 0.030048076923076924
0 0.6364182692307693 0.6592548076923077 0.32572115384615385 0.03245192307692308
0 0.6129807692307693 0.6868990384615385 0.3293269230769231 0.030048076923076924
0 0.5793269230769231 0.709735576923077 0.3245192307692308 0.025240384615384616
0 0.5570913461538461 0.7349759615384616 0.33052884615384615 0.030048076923076924
0 0.5330528846153847 0.7608173076923077 0.33052884615384615 0.026442307692307696
0 0.4993990384615385 0.7848557692307693 0.328125 0.026442307692307696
0 0.4831730769230769 0.8118990384615385 0.32211538461538464 0.02764423076923077
0 0.4639423076923077 0.8323317307692308 0.31490384615384615 0.025240384615384616
0 0.4453125 0.8587740384615385 0.2848557692307693 0.030048076923076924
0 0.4375 0.8822115384615385 0.2572115384615385 0.021634615384615384
0 0.4483173076923077 0.9110576923076924 0.19230769230769232 0.026442307692307696
0 0.43810096153846156 0.9338942307692308 0.140625 0.019230769230769232
0 0.4362980769230769 0.9621394230769231 0.09855769230769232 0.020432692307692308
0 0.4399038461538462 0.9885817307692308 0.06009615384615385 0.020432692307692308
0 0.4921875 0.46995192307692313 0.296875 0.02403846153846154
0 0.45492788461538464 0.5042067307692308 0.29927884615384615 0.025240384615384616
0 0.4248798076923077 0.5366586538461539 0.3137019230769231 0.025240384615384616
0 0.38762019230769235 0.5697115384615385 0.3040865384615385 0.02403846153846154
0 0.3587740384615385 0.6021634615384616 0.3040865384615385 0.026442307692307696
0 0.32211538461538464 0.6358173076923077 0.3028846153846154 0.026442307692307696
0 0.2956730769230769 0.670673076923077 0.3004807692307693 0.02403846153846154
0 0.27584134615384615 0.701923076923077 0.2608173076923077 0.02403846153846154
0 0.2686298076923077 0.7325721153846154 0.20552884615384617 0.02764423076923077
0 0.2698317307692308 0.7662259615384616 0.140625 0.020432692307692308
0 0.27043269230769235 0.7992788461538461 0.07692307692307693 0.021634615384615384
