0 0.09975961538461539 0.21274038461538464 0.05528846153846154 0.05048076923076923
0 0.14002403846153846 0.24399038461538464 0.06129807692307693 0.06009615384615385
0 0.1856971153846154 0.27884615384615385 0.06370192307692309 0.06009615384615385
0 0.23377403846153846 0.31310096153846156 0.06610576923076923 0.056490384615384616
0 0.16105769230769232 0.3203125 0.06009615384615385 0.04927884615384616
0 0.2013221153846154 0.3527644230769231 0.042067307692307696 0.037259615384615384
0 0.10276442307692309 0.34855769230769235 0.037259615384615384 0.038461538461538464
0 0.078125 0.3780048076923077 0.04326923076923077 0.042067307692307696
0 0.14483173076923078 0.3780048076923077 0.05168269230769231 0.05168269230769231
0 0.11478365384615385 0.41105769230769235 0.05168269230769231 0.04326923076923077
0 0.4915865384615385 0.5480769230769231 0.05288461538461539 0.05048076923076923
0 0.4591346153846154 0.5889423076923077 0.05288461538461539 0.05288461538461539
0 0.43930288461538464 0.6135817307692308 0.042067307692307696 0.03966346153846154
0 0.4248798076923077 0.6790865384615385 0.0733173076923077 0.06009615384615385
0 0.39543269230769235 0.7169471153846154 0.05528846153846154 0.06370192307692309
0 0.4495192307692308 0.7608173076923077 0.08653846153846154 0.07692307692307693
0 0.49759615384615385 0.7421875 0.06490384615384616 0.05168269230769231
0 0.5655048076923077 0.561298076923077 0.07091346153846154 0.06490384615384616
0 0.6117788461538461 0.6027644230769231 0.040865384615384616 0.037259615384615384
0 0.592548076923077 0.6280048076923077 0.05048076923076923 0.04927884615384616
0 0.5414663461538461 0.59375 0.08293269230769232 0.07451923076923077
0 0.515625 0.6310096153846154 0.08173076923076923 0.06730769230769232
0 0.48978365384615385 0.6574519230769231 0.06850961538461539 0.06009615384615385
0 0.5739182692307693 0.6748798076923077 0.0733173076923077 0.06850961538461539
0 0.5522836538461539 0.7061298076923077 0.06850961538461539 0.054086538461538464
0 0.6346153846153847 0.7217548076923077 0.07451923076923077 0.07091346153846154
0 0.608173076923077 0.7506009615384616 0.06971153846153846 0.06129807692307693
0 0.7043269230769231 0.6724759615384616 0.03365384615384616 0.03485576923076923
0 0.725360576923077 0.7355769230769231 0.0733173076923077 0.07451923076923077
0 0.7493990384615385 0.7079326923076924 0.06850961538461539 0.05528846153846154
0 0.795673076923077 0.7421875 0.040865384615384616 0.03966346153846154
0 0.7740384615384616 0.772235576923077 0.05528846153846154 0.05168269230769231
0 0.7421875 0.8046875 0.054086538461538464 0.046875
0 0.6953125 0.7746394230769231 0.0733173076923077 0.06850961538461539
0 0.7211538461538461 0.8389423076923077 0.04807692307692308 0.038461538461538464
0 0.6694711538461539 0.8010817307692308 0.07211538461538462 0.06129807692307693
0 0.7043269230769231 0.8978365384615385 0.04567307692307693 0.05048076923076923
0 0.6610576923076923 0.9435096153846154 0.05288461538461539 0.06490384615384616
0 0.015024038461538462 0.2926682692307693 0.030048076923076924 0.042067307692307696
