0 0.037259615384615384 0.6225961538461539 0.07451923076923077 0.11298076923076923
0 0.11358173076923078 0.5949519230769231 0.07091346153846154 0.08653846153846154
0 0.17668269230769232 0.8521634615384616 0.05288461538461539 0.04807692307692308
0 0.5012019230769231 0.21814903846153846 0.125 0.10216346153846155
0 0.5751201923076923 0.16105769230769232 0.09735576923076923 0.11778846153846155
0 0.5180288461538461 0.2956730769230769 0.12740384615384617 0.10336538461538462
1 0.5871394230769231 0.2512019230769231 0.058894230769230775 0.05048076923076923
0 0.6730769230769231 0.3419471153846154 0.03125 0.042067307692307696
0 0.5546875 0.3473557692307693 0.15264423076923078 0.12980769230769232
0 0.578125 0.4375 0.19951923076923078 0.21634615384615385
0 0.4945913461538462 0.4591346153846154 0.06610576923076923 0.06490384615384616
0 0.7199519230769231 0.41105769230769235 0.09134615384615385 0.12259615384615385
1 0.678485576923077 0.4915865384615385 0.11658653846153846 0.11057692307692309
0 0.8299278846153847 0.7836538461538461 0.23677884615384617 0.21875
0 0.34855769230769235 0.030048076923076924 0.15865384615384617 0.06009615384615385
0 0.5030048076923077 0.030048076923076924 0.15504807692307693 0.06009615384615385
