0 0.35216346153846156 0.05829326923076923 0.14423076923076925 0.08052884615384616
0 0.8118990384615385 0.2824519230769231 0.06129807692307693 0.06009615384615385
0 0.9044471153846154 0.2644230769230769 0.1358173076923077 0.08173076923076923
0 0.9387019230769231 0.4519230769230769 0.06730769230769232 0.13461538461538464
0 0.8930288461538463 0.46153846153846156 0.07211538461538462 0.13701923076923078
0 0.6670673076923077 0.5264423076923077 0.06490384615384616 0.03125
0 0.6736778846153847 0.3449519230769231 0.109375 0.04807692307692308
0 0.5667067307692308 0.3503605769230769 0.08774038461538462 0.058894230769230775
0 0.4825721153846154 0.5631009615384616 0.02764423076923077 0.037259615384615384
0 0.4417067307692308 0.5432692307692308 0.042067307692307696 0.08653846153846154
