0 0.5342548076923077 0.17908653846153846 0.05168269230769231 0.04326923076923077
0 0.4753605769230769 0.2902644230769231 0.11418269230769232 0.11177884615384616
0 0.1268028846153846 0.27584134615384615 0.15504807692307693 0.12620192307692307
0 0.03365384615384616 0.3515625 0.06730769230769232 0.12379807692307693
0 0.7560096153846154 0.375 0.19230769230769232 0.19471153846153846
0 0.35336538461538464 0.5528846153846154 0.06490384615384616 0.07451923076923077
0 0.2824519230769231 0.5895432692307693 0.05048076923076923 0.07572115384615385
0 0.18990384615384617 0.6610576923076923 0.20192307692307693 0.14903846153846154
0 0.030048076923076924 0.6989182692307693 0.06009615384615385 0.11899038461538462
0 0.005408653846153846 0.6141826923076923 0.010817307692307692 0.10817307692307693
0 0.010216346153846154 0.4993990384615385 0.020432692307692308 0.09014423076923077
0 0.04447115384615385 0.6201923076923077 0.0889423076923077 0.21153846153846156
