0 0.7349759615384616 0.9555288461538463 0.04927884615384616 0.040865384615384616
0 0.48557692307692313 0.8713942307692308 0.14182692307692307 0.13942307692307693
0 0.5967548076923077 0.748798076923077 0.08533653846153846 0.10336538461538462
0 0.5174278846153847 0.6051682692307693 0.11177884615384616 0.10216346153846155
0 0.4765625 0.5799278846153847 0.037259615384615384 0.042067307692307696
0 0.4981971153846154 0.5618990384615385 0.037259615384615384 0.03245192307692308
0 0.5204326923076923 0.5474759615384616 0.03365384615384616 0.03485576923076923
0 0.3984375 0.6929086538461539 0.14543269230769232 0.12860576923076925
0 0.3197115384615385 0.6808894230769231 0.04807692307692308 0.04927884615384616
0 0.34074519230769235 0.6646634615384616 0.046875 0.04326923076923077
0 0.3623798076923077 0.647235576923077 0.046875 0.05168269230769231
0 0.3852163461538462 0.6310096153846154 0.04447115384615385 0.04567307692307693
0 0.4050480769230769 0.6165865384615385 0.05048076923076923 0.040865384615384616
0 0.1887019230769231 0.569110576923077 0.07211538461538462 0.06370192307692309
0 0.2277644230769231 0.5234375 0.109375 0.1045673076923077
0 0.28305288461538464 0.4561298076923077 0.1045673076923077 0.09975961538461539
0 0.3425480769230769 0.39543269230769235 0.10576923076923078 0.10817307692307693
0 0.3082932692307693 0.3155048076923077 0.06850961538461539 0.054086538461538464
0 0.2902644230769231 0.3395432692307693 0.058894230769230775 0.05168269230769231
0 0.2698317307692308 0.359375 0.06850961538461539 0.05288461538461539
0 0.2572115384615385 0.3822115384615385 0.06009615384615385 0.05048076923076923
0 0.23377403846153846 0.4014423076923077 0.056490384615384616 0.05048076923076923
0 0.21814903846153846 0.42307692307692313 0.06850961538461539 0.057692307692307696
0 0.20072115384615385 0.44591346153846156 0.05288461538461539 0.04807692307692308
0 0.18810096153846154 0.4669471153846154 0.058894230769230775 0.042067307692307696
0 0.171875 0.4867788461538462 0.057692307692307696 0.04807692307692308
0 0.15084134615384617 0.5096153846153847 0.05168269230769231 0.04326923076923077
0 0.13401442307692307 0.5336538461538461 0.05168269230769231 0.04567307692307693
0 0.022836538461538464 0.5528846153846154 0.04567307692307693 0.11057692307692309
0 0.09615384615384616 0.2716346153846154 0.19230769230769232 0.1875
