0 0.9699519230769231 0.021634615384615384 0.06009615384615385 0.02403846153846154
0 0.9567307692307693 0.0546875 0.08653846153846154 0.02764423076923077
0 0.9399038461538463 0.08713942307692309 0.1201923076923077 0.022836538461538464
0 0.9212740384615385 0.1171875 0.15745192307692307 0.022836538461538464
0 0.905048076923077 0.15024038461538464 0.18990384615384617 0.02403846153846154
0 0.8888221153846154 0.18149038461538464 0.22235576923076925 0.026442307692307696
0 0.8713942307692308 0.21754807692307693 0.2572115384615385 0.02403846153846154
0 0.9747596153846154 0.33653846153846156 0.05048076923076923 0.026442307692307696
0 0.9591346153846154 0.3635817307692308 0.08173076923076923 0.02764423076923077
0 0.9495192307692308 0.3870192307692308 0.10096153846153846 0.03365384615384616
0 0.9344951923076924 0.4128605769230769 0.1310096153846154 0.030048076923076924
0 0.9200721153846154 0.4368990384615385 0.15985576923076925 0.03245192307692308
0 0.9074519230769231 0.4645432692307693 0.18509615384615385 0.030048076923076924
0 0.8918269230769231 0.4873798076923077 0.21634615384615385 0.025240384615384616
0 0.8792067307692308 0.5126201923076923 0.24158653846153846 0.030048076923076924
0 0.8671875 0.5384615384615385 0.265625 0.026442307692307696
0 0.8509615384615385 0.5625 0.2980769230769231 0.026442307692307696
0 0.8443509615384616 0.5895432692307693 0.3112980769230769 0.02764423076923077
0 0.8305288461538461 0.6099759615384616 0.31490384615384615 0.025240384615384616
0 0.8118990384615385 0.6364182692307693 0.2848557692307693 0.030048076923076924
0 0.8040865384615385 0.6598557692307693 0.2572115384615385 0.021634615384615384
0 0.8149038461538461 0.6887019230769231 0.19230769230769232 0.026442307692307696
0 0.8046875 0.7115384615384616 0.140625 0.019230769230769232
0 0.8028846153846154 0.7397836538461539 0.09855769230769232 0.020432692307692308
0 0.8064903846153847 0.7662259615384616 0.06009615384615385 0.020432692307692308
0 0.8551682692307693 0.24759615384615385 0.28966346153846156 0.02403846153846154
0 0.8215144230769231 0.28185096153846156 0.29927884615384615 0.025240384615384616
0 0.7914663461538461 0.31430288461538464 0.3137019230769231 0.025240384615384616
0 0.7542067307692308 0.3473557692307693 0.3040865384615385 0.02403846153846154
0 0.725360576923077 0.37980769230769235 0.3040865384615385 0.026442307692307696
0 0.6887019230769231 0.4134615384615385 0.3028846153846154 0.026442307692307696
0 0.6622596153846154 0.4483173076923077 0.3004807692307693 0.02403846153846154
0 0.6424278846153847 0.4795673076923077 0.2608173076923077 0.02403846153846154
0 0.6352163461538461 0.5102163461538461 0.20552884615384617 0.02764423076923077
0 0.6364182692307693 0.5438701923076923 0.140625 0.020432692307692308
0 0.6370192307692308 0.576923076923077 0.07692307692307693 0.021634615384615384
0 0.2433894230769231 0.7289663461538461 0.16947115384615385 0.171875
0 0.39242788461538464 0.9134615384615385 0.1935096153846154 0.17307692307692307
0 0.30168269230769235 0.9543269230769231 0.19230769230769232 0.09134615384615385
