0 0.662860576923077 0.8485576923076924 0.04927884615384616 0.040865384615384616
0 0.4134615384615385 0.764423076923077 0.14182692307692307 0.13942307692307693
0 0.5246394230769231 0.6418269230769231 0.08533653846153846 0.10336538461538462
0 0.4453125 0.4981971153846154 0.11177884615384616 0.10216346153846155
0 0.4044471153846154 0.4729567307692308 0.037259615384615384 0.042067307692307696
0 0.4260817307692308 0.45492788461538464 0.037259615384615384 0.03245192307692308
0 0.4483173076923077 0.4405048076923077 0.03365384615384616 0.03485576923076923
0 0.3263221153846154 0.5859375 0.14543269230769232 0.12860576923076925
0 0.24759615384615385 0.5739182692307693 0.04807692307692308 0.04927884615384616
0 0.2686298076923077 0.5576923076923077 0.046875 0.04326923076923077
0 0.2902644230769231 0.5402644230769231 0.046875 0.05168269230769231
0 0.31310096153846156 0.5240384615384616 0.04447115384615385 0.04567307692307693
0 0.33293269230769235 0.5096153846153847 0.05048076923076923 0.040865384615384616
0 0.11658653846153846 0.46213942307692313 0.07211538461538462 0.06370192307692309
0 0.15564903846153846 0.4164663461538462 0.109375 0.1045673076923077
0 0.2109375 0.34915865384615385 0.1045673076923077 0.09975961538461539
0 0.27043269230769235 0.2884615384615385 0.10576923076923078 0.10817307692307693
0 0.23617788461538464 0.20853365384615385 0.06850961538461539 0.054086538461538464
0 0.21814903846153846 0.2325721153846154 0.058894230769230775 0.05168269230769231
0 0.19771634615384617 0.25240384615384615 0.06850961538461539 0.05288461538461539
0 0.18509615384615385 0.27524038461538464 0.06009615384615385 0.05048076923076923
0 0.16165865384615385 0.29447115384615385 0.056490384615384616 0.05048076923076923
0 0.14603365384615385 0.3161057692307693 0.06850961538461539 0.057692307692307696
0 0.12860576923076925 0.3389423076923077 0.05288461538461539 0.04807692307692308
0 0.11598557692307693 0.35997596153846156 0.058894230769230775 0.042067307692307696
0 0.09975961538461539 0.37980769230769235 0.057692307692307696 0.04807692307692308
0 0.07872596153846154 0.4026442307692308 0.05168269230769231 0.04326923076923077
0 0.061899038461538464 0.42668269230769235 0.05168269230769231 0.04567307692307693
0 0.06009615384615385 0.16466346153846154 0.1201923076923077 0.1875
