2 0.05588942307692308 0.49338942307692313 0.046875 0.056490384615384616
0 0.13040865384615385 0.48497596153846156 0.022836538461538464 0.025240384615384616
0 0.592548076923077 0.4074519230769231 0.057692307692307696 0.0625
0 0.9645432692307693 0.5895432692307693 0.030048076923076924 0.02764423076923077
0 0.31790865384615385 0.9783653846153847 0.03245192307692308 0.03365384615384616
0 0.3233173076923077 0.6135817307692308 0.0889423076923077 0.08052884615384616
0 0.10697115384615385 0.5582932692307693 0.06971153846153846 0.0733173076923077
0 0.13762019230769232 0.615985576923077 0.09014423076923077 0.09014423076923077
0 0.027043269230769232 0.7493990384615385 0.054086538461538464 0.06129807692307693
0 0.24158653846153846 0.7680288461538461 0.038461538461538464 0.04326923076923077
