0 0.5679086538461539 0.005408653846153846 0.8641826923076924 0.010817307692307692
0 0.5763221153846154 0.04567307692307693 0.8473557692307693 0.07692307692307693
0 0.5582932692307693 0.10817307692307693 0.7920673076923077 0.07692307692307693
0 0.5240384615384616 0.17908653846153846 0.6826923076923077 0.07211538461538462
0 0.48918269230769235 0.24399038461538464 0.576923076923077 0.07211538461538462
0 0.45492788461538464 0.3125 0.4723557692307693 0.06490384615384616
0 0.421875 0.3786057692307693 0.37259615384615385 0.05528846153846154
0 0.3864182692307693 0.44651442307692313 0.265625 0.04927884615384616
0 0.35216346153846156 0.5126201923076923 0.15865384615384617 0.054086538461538464
0 0.3155048076923077 0.5841346153846154 0.056490384615384616 0.03365384615384616
