0 0.8713942307692308 0.09435096153846155 0.0625 0.037259615384615384
0 0.9200721153846154 0.019230769230769232 0.030048076923076924 0.038461538461538464
0 0.9507211538461539 0.021634615384615384 0.03125 0.04326923076923077
0 0.9921875 0.4122596153846154 0.015625 0.0625
0 0.9375 0.39603365384615385 0.03605769230769231 0.05168269230769231
0 0.897235576923077 0.5799278846153847 0.11899038461538462 0.09495192307692309
0 0.7283653846153847 0.4248798076923077 0.1201923076923077 0.09254807692307693
0 0.5546875 0.7788461538461539 0.054086538461538464 0.05288461538461539
0 0.5108173076923077 0.75 0.057692307692307696 0.08173076923076923
2 0.5054086538461539 0.8858173076923077 0.08052884615384616 0.08173076923076923
0 0.3389423076923077 0.5096153846153847 0.040865384615384616 0.040865384615384616
0 0.30709134615384615 0.5432692307692308 0.025240384615384616 0.026442307692307696
0 0.3792067307692308 0.897235576923077 0.09014423076923077 0.08052884615384616
0 0.1280048076923077 0.725360576923077 0.15264423076923078 0.1935096153846154
