0 0.7932692307692308 0.2668269230769231 0.038461538461538464 0.05288461538461539
0 0.8557692307692308 0.2890625 0.038461538461538464 0.025240384615384616
0 0.8293269230769231 0.3215144230769231 0.09134615384615385 0.05168269230769231
0 0.7806490384615385 0.3076923076923077 0.046875 0.028846153846153848
0 0.7638221153846154 0.27824519230769235 0.058894230769230775 0.056490384615384616
0 0.5985576923076923 0.23798076923076925 0.028846153846153848 0.026442307692307696
0 0.5919471153846154 0.3185096153846154 0.03245192307692308 0.028846153846153848
0 0.6274038461538461 0.3311298076923077 0.04567307692307693 0.08533653846153846
0 0.6021634615384616 0.3659855769230769 0.03365384615384616 0.037259615384615384
0 0.01622596153846154 0.764423076923077 0.03245192307692308 0.021634615384615384
