0 0.03485576923076923 0.3942307692307693 0.06971153846153846 0.04326923076923077
0 0.6622596153846154 0.21574519230769232 0.13942307692307693 0.020432692307692308
0 0.6640625 0.23137019230769232 0.1358173076923077 0.018028846153846156
0 0.6616586538461539 0.2451923076923077 0.140625 0.01682692307692308
0 0.6610576923076923 0.2620192307692308 0.13461538461538464 0.019230769230769232
0 0.6604567307692308 0.2770432692307693 0.1358173076923077 0.022836538461538464
0 0.6165865384615385 0.2962740384615385 0.040865384615384616 0.015625
0 0.6911057692307693 0.31310096153846156 0.07451923076923077 0.013221153846153848
0 0.6917067307692308 0.3263221153846154 0.07572115384615385 0.018028846153846156
0 0.6881009615384616 0.34435096153846156 0.06850961538461539 0.018028846153846156
0 0.6899038461538461 0.35997596153846156 0.07211538461538462 0.018028846153846156
0 0.6905048076923077 0.3731971153846154 0.07572115384615385 0.018028846153846156
0 0.6887019230769231 0.3900240384615385 0.06971153846153846 0.020432692307692308
0 0.6875 0.4056490384615385 0.06730769230769232 0.018028846153846156
0 0.6850961538461539 0.4212740384615385 0.07451923076923077 0.013221153846153848
0 0.6875 0.43810096153846156 0.06971153846153846 0.018028846153846156
0 0.6850961538461539 0.4567307692307693 0.06730769230769232 0.019230769230769232
0 0.6850961538461539 0.47055288461538464 0.06730769230769232 0.018028846153846156
0 0.8786057692307693 0.4729567307692308 0.07451923076923077 0.018028846153846156
0 0.8828125 0.7319711538461539 0.04927884615384616 0.07211538461538462
