0 0.6069711538461539 0.2794471153846154 0.08173076923076923 0.030048076923076924
0 0.5252403846153847 0.25480769230769235 0.08413461538461539 0.028846153846153848
0 0.4447115384615385 0.24699519230769232 0.06009615384615385 0.03245192307692308
0 0.48197115384615385 0.27043269230769235 0.14423076923076925 0.05048076923076923
0 0.5210336538461539 0.2686298076923077 0.07572115384615385 0.030048076923076924
0 0.6057692307692308 0.2926682692307693 0.08173076923076923 0.030048076923076924
0 0.6009615384615385 0.3058894230769231 0.07932692307692309 0.030048076923076924
0 0.5961538461538461 0.3185096153846154 0.07932692307692309 0.03125
0 0.47776442307692313 0.2878605769230769 0.14783653846153846 0.04927884615384616
0 0.4753605769230769 0.2980769230769231 0.14543269230769232 0.05048076923076923
0 0.46995192307692313 0.31310096153846156 0.1514423076923077 0.054086538461538464
0 0.9699519230769231 0.8840144230769231 0.06009615384615385 0.042067307692307696
0 0.6292067307692308 0.9945913461538463 0.08293269230769232 0.010817307692307692
0 0.5402644230769231 0.9795673076923077 0.08533653846153846 0.040865384615384616
0 0.5907451923076923 0.32992788461538464 0.08052884615384616 0.037259615384615384
0 0.5877403846153847 0.3449519230769231 0.07932692307692309 0.03365384615384616
0 0.5841346153846154 0.3617788461538462 0.07932692307692309 0.03125
0 0.5006009615384616 0.33834134615384615 0.07572115384615385 0.03245192307692308
0 0.3191105769230769 0.9615384615384616 0.10697115384615385 0.07692307692307693
0 0.22415865384615385 0.9429086538461539 0.10216346153846155 0.09735576923076923
