0 0.5877403846153847 0.20372596153846154 0.09134615384615385 0.078125
0 0.5883413461538461 0.640625 0.1045673076923077 0.1466346153846154
0 0.6592548076923077 0.5763221153846154 0.07572115384615385 0.054086538461538464
0 0.6730769230769231 0.6490384615384616 0.09134615384615385 0.09855769230769232
0 0.7698317307692308 0.6021634615384616 0.10216346153846155 0.14182692307692307
0 0.8155048076923077 0.7247596153846154 0.058894230769230775 0.040865384615384616
0 0.9765625 0.7025240384615385 0.03485576923076923 0.02764423076923077
0 0.984375 0.725360576923077 0.03125 0.025240384615384616
0 0.9867788461538463 0.75 0.026442307692307696 0.02403846153846154
0 0.9903846153846154 0.7770432692307693 0.019230769230769232 0.030048076923076924
