0 0.9399038461538463 0.5330528846153847 0.1201923076923077 0.08774038461538462
0 0.7908653846153847 0.5012019230769231 0.15384615384615385 0.08653846153846154
0 0.9080528846153847 0.4675480769230769 0.06370192307692309 0.06009615384615385
0 0.8611778846153847 0.45372596153846156 0.078125 0.06610576923076923
0 0.7884615384615385 0.43149038461538464 0.10576923076923078 0.08413461538461539
0 0.6989182692307693 0.40384615384615385 0.09975961538461539 0.07692307692307693
0 0.6899038461538461 0.4561298076923077 0.10817307692307693 0.06850961538461539
0 0.7361778846153847 0.6454326923076923 0.26322115384615385 0.1201923076923077
0 0.375 0.39603365384615385 0.1778846153846154 0.11658653846153846
0 0.2734375 0.3780048076923077 0.037259615384615384 0.04927884615384616
0 0.514423076923077 0.43449519230769235 0.12980769230769232 0.10216346153846155
