0 0.9933894230769231 0.7704326923076924 0.013221153846153848 0.03125
0 0.9332932692307693 0.6388221153846154 0.03485576923076923 0.03485576923076923
0 0.6616586538461539 0.7289663461538461 0.03245192307692308 0.02764423076923077
0 0.3125 0.623798076923077 0.05288461538461539 0.06009615384615385
0 0.6508413461538461 0.30168269230769235 0.04927884615384616 0.0625
0 0.6075721153846154 0.25480769230769235 0.03245192307692308 0.038461538461538464
0 0.5162259615384616 0.05528846153846154 0.056490384615384616 0.06009615384615385
0 0.4957932692307693 0.07632211538461539 0.06370192307692309 0.056490384615384616
0 0.4056490384615385 0.010817307692307692 0.03485576923076923 0.021634615384615384
0 0.2608173076923077 0.2794471153846154 0.021634615384615384 0.030048076923076924
0 0.3966346153846154 0.8864182692307693 0.038461538461538464 0.018028846153846156
0 0.765625 0.8984375 0.08653846153846154 0.03485576923076923
