0 0.18329326923076925 0.3731971153846154 0.1310096153846154 0.11899038461538462
0 0.22836538461538464 0.4296875 0.04807692307692308 0.05168269230769231
0 0.35216346153846156 0.3125 0.05528846153846154 0.05048076923076923
0 0.39242788461538464 0.34375 0.06129807692307693 0.06009615384615385
0 0.43810096153846156 0.3786057692307693 0.06370192307692309 0.06009615384615385
0 0.48617788461538464 0.4128605769230769 0.06610576923076923 0.056490384615384616
0 0.4134615384615385 0.4200721153846154 0.06009615384615385 0.04927884615384616
0 0.45372596153846156 0.4525240384615385 0.042067307692307696 0.037259615384615384
0 0.3551682692307693 0.4483173076923077 0.037259615384615384 0.038461538461538464
0 0.33052884615384615 0.47776442307692313 0.04326923076923077 0.042067307692307696
0 0.3972355769230769 0.47776442307692313 0.05168269230769231 0.05168269230769231
0 0.3671875 0.5108173076923077 0.05168269230769231 0.04326923076923077
0 0.7439903846153847 0.6478365384615385 0.05288461538461539 0.05048076923076923
0 0.7115384615384616 0.6887019230769231 0.05288461538461539 0.05288461538461539
0 0.6917067307692308 0.7133413461538461 0.042067307692307696 0.03966346153846154
0 0.6772836538461539 0.7788461538461539 0.0733173076923077 0.06009615384615385
0 0.6478365384615385 0.8167067307692308 0.05528846153846154 0.06370192307692309
0 0.701923076923077 0.8605769230769231 0.08653846153846154 0.07692307692307693
0 0.75 0.8419471153846154 0.06490384615384616 0.05168269230769231
0 0.8179086538461539 0.6610576923076923 0.07091346153846154 0.06490384615384616
0 0.8641826923076924 0.7025240384615385 0.040865384615384616 0.037259615384615384
0 0.8449519230769231 0.7277644230769231 0.05048076923076923 0.04927884615384616
0 0.7938701923076924 0.6935096153846154 0.08293269230769232 0.07451923076923077
0 0.7680288461538461 0.7307692307692308 0.08173076923076923 0.06730769230769232
0 0.7421875 0.7572115384615385 0.06850961538461539 0.06009615384615385
0 0.8263221153846154 0.7746394230769231 0.0733173076923077 0.06850961538461539
0 0.8046875 0.8058894230769231 0.06850961538461539 0.054086538461538464
0 0.8870192307692308 0.8215144230769231 0.07451923076923077 0.07091346153846154
0 0.8605769230769231 0.850360576923077 0.06971153846153846 0.06129807692307693
0 0.9567307692307693 0.772235576923077 0.03365384615384616 0.03485576923076923
0 0.9705528846153847 0.8353365384615385 0.058894230769230775 0.07451923076923077
0 0.9837740384615385 0.8076923076923077 0.03245192307692308 0.05528846153846154
0 0.9837740384615385 0.9044471153846154 0.03245192307692308 0.046875
0 0.9477163461538463 0.8743990384615385 0.0733173076923077 0.06850961538461539
0 0.9735576923076924 0.9387019230769231 0.04807692307692308 0.038461538461538464
0 0.921875 0.9008413461538463 0.07211538461538462 0.06129807692307693
0 0.9567307692307693 0.9861778846153847 0.04567307692307693 0.02764423076923077
0 0.26021634615384615 0.39242788461538464 0.04447115384615385 0.042067307692307696
