0 0.27824519230769235 0.33774038461538464 0.1045673076923077 0.1466346153846154
0 0.34915865384615385 0.2734375 0.07572115384615385 0.054086538461538464
0 0.3629807692307693 0.34615384615384615 0.09134615384615385 0.09855769230769232
0 0.4597355769230769 0.29927884615384615 0.10216346153846155 0.14182692307692307
0 0.5054086538461539 0.421875 0.058894230769230775 0.040865384615384616
0 0.6664663461538461 0.3996394230769231 0.03485576923076923 0.02764423076923077
0 0.6748798076923077 0.42247596153846156 0.03245192307692308 0.025240384615384616
0 0.6796875 0.44711538461538464 0.03245192307692308 0.02403846153846154
0 0.6868990384615385 0.47415865384615385 0.03245192307692308 0.030048076923076924
0 0.07572115384615385 0.9405048076923077 0.1514423076923077 0.11899038461538462
