0 0.07932692307692309 0.8984375 0.038461538461538464 0.030048076923076924
0 0.16286057692307693 0.9308894230769231 0.030048076923076924 0.025240384615384616
0 0.15264423076923078 0.9579326923076924 0.03125 0.026442307692307696
0 0.29747596153846156 0.4837740384615385 0.09735576923076923 0.08052884615384616
0 0.3467548076923077 0.561298076923077 0.08533653846153846 0.07692307692307693
0 0.5276442307692308 0.609375 0.057692307692307696 0.05288461538461539
0 0.4801682692307693 0.5853365384615385 0.04927884615384616 0.04807692307692308
0 0.5330528846153847 0.6532451923076923 0.056490384615384616 0.054086538461538464
0 0.928485576923077 0.7548076923076924 0.07572115384615385 0.06490384615384616
0 0.8167067307692308 0.9260817307692308 0.13822115384615385 0.058894230769230775
