0 0.5486778846153847 0.4675480769230769 0.04447115384615385 0.03125
0 0.4729567307692308 0.3359375 0.03485576923076923 0.03485576923076923
0 0.2013221153846154 0.4260817307692308 0.03245192307692308 0.02764423076923077
0 0.1905048076923077 0.015024038461538462 0.04927884615384616 0.030048076923076924
0 0.017427884615384616 0.8052884615384616 0.03485576923076923 0.04807692307692308
0 0.0703125 0.7914663461538461 0.037259615384615384 0.030048076923076924
0 0.30528846153846156 0.5955528846153847 0.08653846153846154 0.03485576923076923
0 0.9951923076923077 0.7572115384615385 0.009615384615384616 0.13221153846153846
0 0.8623798076923077 0.9320913461538463 0.04447115384615385 0.03245192307692308
0 0.8539663461538463 0.9615384615384616 0.056490384615384616 0.03605769230769231
0 0.8257211538461539 0.928485576923077 0.038461538461538464 0.03245192307692308
0 0.8936298076923077 0.9615384615384616 0.042067307692307696 0.03605769230769231
0 0.8725961538461539 0.7133413461538461 0.03365384615384616 0.025240384615384616
