0 0.1544471153846154 0.40384615384615385 0.08052884615384616 0.06971153846153846
0 0.21754807692307693 0.3762019230769231 0.07692307692307693 0.06490384615384616
0 0.3088942307692308 0.3341346153846154 0.14903846153846154 0.09855769230769232
0 0.4447115384615385 0.3353365384615385 0.0889423076923077 0.09615384615384616
0 0.4789663461538462 0.40324519230769235 0.08052884615384616 0.09254807692307693
0 0.5132211538461539 0.4795673076923077 0.08173076923076923 0.10336538461538462
0 0.5036057692307693 0.3082932692307693 0.08653846153846154 0.10697115384615385
0 0.5661057692307693 0.43870192307692313 0.13461538461538464 0.19951923076923078
0 0.47415865384615385 0.623798076923077 0.10216346153846155 0.0889423076923077
0 0.39242788461538464 0.6604567307692308 0.11177884615384616 0.09735576923076923
0 0.30649038461538464 0.703125 0.11298076923076923 0.08653846153846154
