0 0.01983173076923077 0.14963942307692307 0.03966346153846154 0.056490384615384616
0 0.2644230769230769 0.38461538461538464 0.05288461538461539 0.05048076923076923
0 0.23197115384615385 0.4254807692307693 0.05288461538461539 0.05288461538461539
0 0.2121394230769231 0.45012019230769235 0.042067307692307696 0.03966346153846154
0 0.19771634615384617 0.515625 0.0733173076923077 0.06009615384615385
0 0.16826923076923078 0.553485576923077 0.05528846153846154 0.06370192307692309
0 0.22235576923076925 0.5973557692307693 0.08653846153846154 0.07692307692307693
0 0.27043269230769235 0.5787259615384616 0.06490384615384616 0.05168269230769231
0 0.33834134615384615 0.3978365384615385 0.07091346153846154 0.06490384615384616
0 0.38461538461538464 0.43930288461538464 0.040865384615384616 0.037259615384615384
0 0.3653846153846154 0.4645432692307693 0.05048076923076923 0.04927884615384616
0 0.31430288461538464 0.43028846153846156 0.08293269230769232 0.07451923076923077
0 0.2884615384615385 0.4675480769230769 0.08173076923076923 0.06730769230769232
0 0.26262019230769235 0.49399038461538464 0.06850961538461539 0.06009615384615385
0 0.3467548076923077 0.5114182692307693 0.0733173076923077 0.06850961538461539
0 0.32512019230769235 0.5426682692307693 0.06850961538461539 0.054086538461538464
0 0.4074519230769231 0.5582932692307693 0.07451923076923077 0.07091346153846154
0 0.3810096153846154 0.5871394230769231 0.06971153846153846 0.06129807692307693
0 0.47716346153846156 0.5090144230769231 0.03365384615384616 0.03485576923076923
0 0.4981971153846154 0.5721153846153847 0.0733173076923077 0.07451923076923077
0 0.522235576923077 0.5444711538461539 0.06850961538461539 0.05528846153846154
0 0.5685096153846154 0.5787259615384616 0.040865384615384616 0.03966346153846154
0 0.546875 0.6087740384615385 0.05528846153846154 0.05168269230769231
0 0.5150240384615384 0.6412259615384616 0.054086538461538464 0.046875
0 0.4681490384615385 0.6111778846153847 0.0733173076923077 0.06850961538461539
0 0.49399038461538464 0.6754807692307693 0.04807692307692308 0.038461538461538464
0 0.44230769230769235 0.6376201923076923 0.07211538461538462 0.06129807692307693
0 0.47716346153846156 0.734375 0.04567307692307693 0.05048076923076923
0 0.4338942307692308 0.780048076923077 0.05288461538461539 0.06490384615384616
0 0.8467548076923077 0.028245192307692308 0.056490384615384616 0.056490384615384616
0 0.05168269230769231 0.8762019230769231 0.028846153846153848 0.026442307692307696
