0 0.576923076923077 0.3167067307692308 0.08413461538461539 0.054086538461538464
0 0.9501201923076924 0.07632211538461539 0.058894230769230775 0.03966346153846154
0 0.8840144230769231 0.08713942307692309 0.04927884615384616 0.06129807692307693
0 0.9405048076923077 0.00420673076923077 0.020432692307692308 0.00841346153846154
0 0.9819711538461539 0.2950721153846154 0.03605769230769231 0.056490384615384616
0 0.4825721153846154 0.39242788461538464 0.06370192307692309 0.06129807692307693
0 0.4981971153846154 0.44711538461538464 0.06610576923076923 0.08173076923076923
0 0.515625 0.5174278846153847 0.07451923076923077 0.07572115384615385
0 0.5384615384615385 0.5829326923076923 0.06971153846153846 0.07932692307692309
0 0.553485576923077 0.6544471153846154 0.06370192307692309 0.078125
0 0.5697115384615385 0.7217548076923077 0.06971153846153846 0.0733173076923077
0 0.5913461538461539 0.7896634615384616 0.06971153846153846 0.08173076923076923
0 0.5216346153846154 0.8088942307692308 0.09375 0.0889423076923077
0 0.4987980769230769 0.7457932692307693 0.09855769230769232 0.09014423076923077
0 0.48137019230769235 0.6748798076923077 0.09735576923076923 0.09014423076923077
0 0.46875 0.6009615384615385 0.09134615384615385 0.07932692307692309
0 0.4597355769230769 0.5390625 0.078125 0.08774038461538462
0 0.4405048076923077 0.4675480769230769 0.06850961538461539 0.07932692307692309
0 0.44591346153846156 0.4098557692307693 0.026442307692307696 0.04326923076923077
0 0.021634615384615384 0.3978365384615385 0.04326923076923077 0.07692307692307693
2 0.078125 0.004807692307692308 0.04326923076923077 0.009615384615384616
