0 0.13701923076923078 0.019230769230769232 0.22115384615384617 0.038461538461538464
0 0.01622596153846154 0.7103365384615385 0.03245192307692308 0.11298076923076923
0 0.07151442307692309 0.6826923076923077 0.07091346153846154 0.08653846153846154
0 0.13461538461538464 0.9399038461538463 0.05288461538461539 0.04807692307692308
0 0.4591346153846154 0.3058894230769231 0.125 0.10216346153846155
0 0.5330528846153847 0.24879807692307693 0.09735576923076923 0.11778846153846155
0 0.4759615384615385 0.38341346153846156 0.12740384615384617 0.10336538461538462
1 0.5450721153846154 0.3389423076923077 0.058894230769230775 0.05048076923076923
0 0.6310096153846154 0.4296875 0.03125 0.042067307692307696
0 0.5126201923076923 0.43509615384615385 0.15264423076923078 0.12980769230769232
0 0.5360576923076923 0.5252403846153847 0.19951923076923078 0.21634615384615385
0 0.4525240384615385 0.546875 0.06610576923076923 0.06490384615384616
0 0.6778846153846154 0.4987980769230769 0.09134615384615385 0.12259615384615385
1 0.6364182692307693 0.5793269230769231 0.11658653846153846 0.11057692307692309
0 0.787860576923077 0.8713942307692308 0.23677884615384617 0.21875
0 0.30649038461538464 0.07391826923076923 0.15865384615384617 0.14783653846153846
0 0.4609375 0.07391826923076923 0.15504807692307693 0.14783653846153846
