0 0.22415865384615385 0.46274038461538464 0.17668269230769232 0.14903846153846154
0 0.6129807692307693 0.5679086538461539 0.03125 0.030048076923076924
0 0.5246394230769231 0.5913461538461539 0.07091346153846154 0.06730769230769232
0 0.5540865384615385 0.6075721153846154 0.06490384615384616 0.0733173076923077
0 0.9939903846153847 0.9711538461538463 0.01201923076923077 0.057692307692307696
0 0.8233173076923077 0.787860576923077 0.09615384615384616 0.09254807692307693
0 0.920673076923077 0.6917067307692308 0.15865384615384617 0.15985576923076925
0 0.5661057692307693 0.7572115384615385 0.16105769230769232 0.15384615384615385
0 0.7848557692307693 0.08293269230769232 0.08173076923076923 0.09134615384615385
0 0.7379807692307693 0.10576923076923078 0.04326923076923077 0.040865384615384616
