0 0.640625 0.002403846153846154 0.19230769230769232 0.004807692307692308
0 0.6304086538461539 0.014423076923076924 0.140625 0.019230769230769232
0 0.6286057692307693 0.04266826923076923 0.09855769230769232 0.020432692307692308
0 0.6322115384615385 0.06911057692307693 0.06009615384615385 0.020432692307692308
0 0.07692307692307693 0.058894230769230775 0.15384615384615385 0.11778846153846155
0 0.21814903846153846 0.22836538461538464 0.1935096153846154 0.19711538461538464
0 0.12740384615384617 0.3106971153846154 0.19230769230769232 0.1983173076923077
0 0.06129807692307693 0.3930288461538462 0.12259615384615385 0.19230769230769232
0 0.3683894230769231 0.3888221153846154 0.07572115384615385 0.03245192307692308
0 0.36117788461538464 0.41586538461538464 0.1045673076923077 0.04326923076923077
0 0.3545673076923077 0.4405048076923077 0.1514423076923077 0.054086538461538464
0 0.3425480769230769 0.4681490384615385 0.2139423076923077 0.06370192307692309
0 0.3353365384615385 0.49338942307692313 0.2644230769230769 0.0733173076923077
0 0.9116586538461539 0.3780048076923077 0.17668269230769232 0.21514423076923078
0 0.013822115384615386 0.47355769230769235 0.02764423076923077 0.19951923076923078
0 0.3197115384615385 0.5210336538461539 0.3245192307692308 0.09254807692307693
0 0.3233173076923077 0.5420673076923077 0.3509615384615385 0.09134615384615385
0 0.37980769230769235 0.5558894230769231 0.2692307692307693 0.07572115384615385
0 0.3852163461538462 0.5763221153846154 0.28966346153846156 0.08533653846153846
0 0.31790865384615385 0.6123798076923077 0.2512019230769231 0.07091346153846154
0 0.3918269230769231 0.6436298076923077 0.2932692307692308 0.08052884615384616
0 0.36778846153846156 0.6712740384615385 0.2451923076923077 0.0733173076923077
0 0.3587740384615385 0.6953125 0.18149038461538464 0.054086538461538464
0 0.34375 0.7199519230769231 0.12740384615384617 0.040865384615384616
0 0.5192307692307693 0.7506009615384616 0.3269230769230769 0.08533653846153846
0 0.5264423076923077 0.7752403846153847 0.35336538461538464 0.09375
0 0.5408653846153847 0.7950721153846154 0.34855769230769235 0.09014423076923077
0 0.5600961538461539 0.8149038461538461 0.3509615384615385 0.0889423076923077
0 0.5793269230769231 0.8329326923076924 0.3557692307692308 0.09134615384615385
0 0.5871394230769231 0.850360576923077 0.3449519230769231 0.09254807692307693
0 0.5901442307692308 0.8762019230769231 0.2932692307692308 0.08173076923076923
0 0.5685096153846154 0.9260817307692308 0.18509615384615385 0.06129807692307693
0 0.5799278846153847 0.8984375 0.24639423076923078 0.0733173076923077
0 0.5594951923076923 0.9501201923076924 0.14302884615384617 0.046875
