0 0.9387019230769231 0.02463942307692308 0.1201923076923077 0.04927884615384616
0 0.7650240384615385 0.35697115384615385 0.054086538461538464 0.05288461538461539
0 0.7211538461538461 0.328125 0.057692307692307696 0.08173076923076923
2 0.7157451923076924 0.4639423076923077 0.08052884615384616 0.08173076923076923
0 0.5492788461538461 0.08774038461538462 0.040865384615384616 0.040865384615384616
0 0.5174278846153847 0.12139423076923078 0.025240384615384616 0.026442307692307696
0 0.5895432692307693 0.4753605769230769 0.09014423076923077 0.08052884615384616
0 0.33834134615384615 0.3034855769230769 0.15264423076923078 0.1935096153846154
0 0.3852163461538462 0.7620192307692308 0.03966346153846154 0.04567307692307693
0 0.12079326923076923 0.5637019230769231 0.056490384615384616 0.04807692307692308
