0 0.0030048076923076925 0.42728365384615385 0.006009615384615385 0.03245192307692308
0 0.034254807692307696 0.6436298076923077 0.06850961538461539 0.1358173076923077
0 0.11778846153846155 0.6292067307692308 0.09615384615384616 0.09254807692307693
0 0.17608173076923078 0.8587740384615385 0.05168269230769231 0.04447115384615385
0 0.6141826923076923 0.048677884615384616 0.12740384615384617 0.09735576923076923
0 0.37259615384615385 0.421875 0.08173076923076923 0.10817307692307693
0 0.4200721153846154 0.5342548076923077 0.08293269230769232 0.11177884615384616
0 0.2920673076923077 0.5192307692307693 0.1466346153846154 0.23798076923076925
0 0.3467548076923077 0.6700721153846154 0.06850961538461539 0.08533653846153846
0 0.37680288461538464 0.7379807692307693 0.06610576923076923 0.08653846153846154
0 0.3858173076923077 0.6532451923076923 0.06490384615384616 0.08774038461538462
0 0.41105769230769235 0.7199519230769231 0.06971153846153846 0.0889423076923077
