0 0.8984375 0.10216346153846155 0.1935096153846154 0.19711538461538464
0 0.8076923076923077 0.18449519230769232 0.19230769230769232 0.1983173076923077
0 0.7049278846153847 0.2668269230769231 0.19591346153846154 0.19230769230769232
0 0.9945913461538463 0.28966346153846156 0.010817307692307692 0.04326923076923077
0 0.9795673076923077 0.31430288461538464 0.040865384615384616 0.054086538461538464
0 0.9579326923076924 0.3419471153846154 0.08413461538461539 0.06370192307692309
0 0.9417067307692308 0.3671875 0.11658653846153846 0.0733173076923077
0 0.02463942307692308 0.8082932692307693 0.04927884615384616 0.17427884615384617
0 0.23076923076923078 0.5276442307692308 0.36778846153846156 0.4326923076923077
0 0.32091346153846156 0.9146634615384616 0.25 0.17067307692307693
0 0.2902644230769231 0.46274038461538464 0.3497596153846154 0.41586538461538464
0 0.609375 0.3473557692307693 0.19711538461538464 0.19951923076923078
0 0.5168269230769231 0.4320913461538462 0.18990384615384617 0.19591346153846154
0 0.9188701923076924 0.3948317307692308 0.1622596153846154 0.09254807692307693
0 0.9140625 0.41586538461538464 0.171875 0.09134615384615385
0 0.9627403846153847 0.4296875 0.07451923076923077 0.07572115384615385
0 0.9603365384615385 0.45012019230769235 0.07932692307692309 0.08533653846153846
0 0.936298076923077 0.48617788461538464 0.12740384615384617 0.07091346153846154
0 0.9627403846153847 0.5174278846153847 0.07451923076923077 0.08052884615384616
0 0.9627403846153847 0.5450721153846154 0.07451923076923077 0.0733173076923077
0 0.9741586538461539 0.569110576923077 0.05168269230769231 0.054086538461538464
0 0.9801682692307693 0.59375 0.03966346153846154 0.040865384615384616
