0 0.21935096153846156 0.1700721153846154 0.05168269230769231 0.08052884615384616
0 0.20252403846153846 0.12920673076923078 0.09495192307692309 0.14543269230769232
0 0.26322115384615385 0.14483173076923078 0.08653846153846154 0.15504807692307693
0 0.25480769230769235 0.39543269230769235 0.06971153846153846 0.04326923076923077
0 0.12259615384615385 0.6682692307692308 0.09615384615384616 0.06730769230769232
0 0.32091346153846156 0.6346153846153847 0.06730769230769232 0.05288461538461539
0 0.3629807692307693 0.7764423076923077 0.05288461538461539 0.028846153846153848
0 0.5895432692307693 0.6436298076923077 0.058894230769230775 0.03245192307692308
0 0.5895432692307693 0.44711538461538464 0.06850961538461539 0.028846153846153848
0 0.7469951923076924 0.11418269230769232 0.03245192307692308 0.021634615384615384
0 0.8665865384615385 0.4375 0.17307692307692307 0.09134615384615385
0 0.9471153846153847 0.7079326923076924 0.09855769230769232 0.0625
0 0.9621394230769231 0.9777644230769231 0.07572115384615385 0.04447115384615385
