0 0.08774038461538462 0.20072115384615385 0.07932692307692309 0.07932692307692309
0 0.14182692307692307 0.17307692307692307 0.07932692307692309 0.08173076923076923
0 0.545673076923077 0.10757211538461539 0.14423076923076925 0.08052884615384616
0 0.71875 0.025240384615384616 0.14423076923076925 0.05048076923076923
0 0.9873798076923077 0.3317307692307693 0.025240384615384616 0.06009615384615385
0 0.8605769230769231 0.5757211538461539 0.06490384615384616 0.03125
0 0.8671875 0.3942307692307693 0.109375 0.04807692307692308
0 0.7602163461538461 0.3996394230769231 0.08774038461538462 0.058894230769230775
0 0.6760817307692308 0.6123798076923077 0.02764423076923077 0.037259615384615384
0 0.6352163461538461 0.592548076923077 0.042067307692307696 0.08653846153846154
0 0.12740384615384617 0.6069711538461539 0.04326923076923077 0.04326923076923077
