2 0.4326923076923077 0.2373798076923077 0.038461538461538464 0.03966346153846154
0 0.48557692307692313 0.5102163461538461 0.11538461538461539 0.14543269230769232
0 0.3125 0.3713942307692308 0.03125 0.03365384615384616
0 0.5594951923076923 0.5823317307692308 0.07091346153846154 0.020432692307692308
0 0.5667067307692308 0.5943509615384616 0.08774038461538462 0.022836538461538464
0 0.578125 0.6057692307692308 0.07692307692307693 0.021634615384615384
0 0.5871394230769231 0.6262019230769231 0.054086538461538464 0.019230769230769232
0 0.7620192307692308 0.6448317307692308 0.040865384615384616 0.03485576923076923
0 0.780048076923077 0.44230769230769235 0.13461538461538464 0.11538461538461539
0 0.967548076923077 0.5150240384615384 0.026442307692307696 0.03485576923076923
0 0.8882211538461539 0.8521634615384616 0.06730769230769232 0.06490384615384616
0 0.8473557692307693 0.8149038461538461 0.06730769230769232 0.06490384615384616
0 0.765625 0.8221153846153847 0.06490384615384616 0.08173076923076923
0 0.4645432692307693 0.9026442307692308 0.06370192307692309 0.05288461538461539
0 0.3629807692307693 0.9459134615384616 0.23317307692307693 0.10817307692307693
0 0.14783653846153846 0.9903846153846154 0.12259615384615385 0.019230769230769232
0 0.7229567307692308 0.9939903846153847 0.042067307692307696 0.01201923076923077
