0 0.5901442307692308 0.28185096153846156 0.13942307692307693 0.020432692307692308
0 0.5919471153846154 0.29747596153846156 0.1358173076923077 0.018028846153846156
0 0.5895432692307693 0.3112980769230769 0.140625 0.01682692307692308
0 0.5889423076923077 0.328125 0.13461538461538464 0.019230769230769232
0 0.5883413461538461 0.3431490384615385 0.1358173076923077 0.022836538461538464
0 0.5444711538461539 0.3623798076923077 0.040865384615384616 0.015625
0 0.6189903846153847 0.3792067307692308 0.07451923076923077 0.013221153846153848
0 0.6195913461538461 0.39242788461538464 0.07572115384615385 0.018028846153846156
0 0.615985576923077 0.4104567307692308 0.06850961538461539 0.018028846153846156
0 0.6177884615384616 0.4260817307692308 0.07211538461538462 0.018028846153846156
0 0.6183894230769231 0.43930288461538464 0.07572115384615385 0.018028846153846156
0 0.6165865384615385 0.4561298076923077 0.06971153846153846 0.020432692307692308
0 0.6153846153846154 0.4717548076923077 0.06730769230769232 0.018028846153846156
0 0.6129807692307693 0.4873798076923077 0.07451923076923077 0.013221153846153848
0 0.6153846153846154 0.5042067307692308 0.06971153846153846 0.018028846153846156
0 0.6129807692307693 0.5228365384615384 0.06730769230769232 0.019230769230769232
0 0.6129807692307693 0.5366586538461539 0.06730769230769232 0.018028846153846156
0 0.8064903846153847 0.5390625 0.07451923076923077 0.018028846153846156
0 0.8106971153846154 0.7980769230769231 0.04927884615384616 0.07211538461538462
