0 0.08653846153846154 0.4681490384615385 0.040865384615384616 0.03485576923076923
0 0.1045673076923077 0.265625 0.13461538461538464 0.11538461538461539
0 0.2920673076923077 0.33834134615384615 0.026442307692307696 0.03485576923076923
0 0.4633413461538462 0.3629807692307693 0.08533653846153846 0.10096153846153846
0 0.6520432692307693 0.3653846153846154 0.042067307692307696 0.040865384615384616
0 0.967548076923077 0.11538461538461539 0.06490384615384616 0.11298076923076923
0 0.9921875 0.975360576923077 0.015625 0.03966346153846154
0 0.21274038461538464 0.6754807692307693 0.06730769230769232 0.06490384615384616
0 0.171875 0.6382211538461539 0.06730769230769232 0.06490384615384616
0 0.09014423076923077 0.6454326923076923 0.06490384615384616 0.08173076923076923
0 0.04747596153846154 0.8293269230769231 0.042067307692307696 0.03605769230769231
