0 0.9405048076923077 0.21033653846153846 0.09014423076923077 0.0889423076923077
0 0.8635817307692308 0.28125 0.08293269230769232 0.07692307692307693
0 0.7199519230769231 0.2566105769230769 0.1778846153846154 0.1670673076923077
0 0.45432692307692313 0.3653846153846154 0.24278846153846156 0.23317307692307693
0 0.3347355769230769 0.3539663461538462 0.11418269230769232 0.11177884615384616
0 0.39903846153846156 0.29747596153846156 0.12259615384615385 0.109375
0 0.4651442307692308 0.24278846153846156 0.11538461538461539 0.11057692307692309
0 0.5751201923076923 0.5390625 0.11899038461538462 0.11899038461538462
0 0.3918269230769231 0.5426682692307693 0.07692307692307693 0.08052884615384616
0 0.34375 0.5913461538461539 0.07692307692307693 0.08173076923076923
0 0.28605769230769235 0.6388221153846154 0.0889423076923077 0.08052884615384616
0 0.23016826923076925 0.6868990384615385 0.08774038461538462 0.08052884615384616
0 0.5396634615384616 0.4993990384615385 0.12740384615384617 0.11899038461538462
