0 0.5324519230769231 0.2560096153846154 0.07451923076923077 0.021634615384615384
0 0.5252403846153847 0.29146634615384615 0.14423076923076925 0.025240384615384616
0 0.5282451923076923 0.32572115384615385 0.203125 0.026442307692307696
0 0.5288461538461539 0.359375 0.2716346153846154 0.02403846153846154
0 0.5048076923076923 0.39122596153846156 0.3125 0.030048076923076924
0 0.47055288461538464 0.42367788461538464 0.29447115384615385 0.022836538461538464
0 0.4326923076923077 0.4561298076923077 0.2956730769230769 0.022836538461538464
0 0.4152644230769231 0.48918269230769235 0.27043269230769235 0.021634615384615384
0 0.4122596153846154 0.522235576923077 0.20192307692307693 0.022836538461538464
0 0.41165865384615385 0.5546875 0.13341346153846154 0.020432692307692308
0 0.41165865384615385 0.5889423076923077 0.07091346153846154 0.02403846153846154
0 0.694110576923077 0.4140625 0.058894230769230775 0.020432692307692308
0 0.6850961538461539 0.43930288461538464 0.10576923076923078 0.020432692307692308
0 0.6856971153846154 0.4669471153846154 0.1622596153846154 0.022836538461538464
0 0.6953125 0.49338942307692313 0.21274038461538464 0.022836538461538464
0 0.6808894230769231 0.5180288461538461 0.24158653846153846 0.026442307692307696
0 0.6808894230769231 0.5402644230769231 0.30649038461538464 0.02764423076923077
0 0.6700721153846154 0.5673076923076923 0.32091346153846156 0.026442307692307696
0 0.640625 0.5907451923076923 0.3125 0.022836538461538464
0 0.6262019230769231 0.6195913461538461 0.2980769230769231 0.02764423076923077
0 0.6111778846153847 0.6436298076923077 0.2848557692307693 0.02764423076923077
0 0.5967548076923077 0.6652644230769231 0.24639423076923078 0.025240384615384616
0 0.6027644230769231 0.6947115384615385 0.1935096153846154 0.021634615384615384
0 0.5985576923076923 0.7181490384615385 0.16105769230769232 0.018028846153846156
0 0.5979567307692308 0.7451923076923077 0.08533653846153846 0.019230769230769232
0 0.24879807692307693 0.5252403846153847 0.07932692307692309 0.021634615384615384
0 0.2481971153846154 0.5625 0.14783653846153846 0.021634615384615384
0 0.25060096153846156 0.5955528846153847 0.21033653846153846 0.022836538461538464
0 0.24639423076923078 0.6274038461538461 0.28365384615384615 0.026442307692307696
0 0.2169471153846154 0.6622596153846154 0.28966346153846156 0.02403846153846154
0 0.18149038461538464 0.6929086538461539 0.3004807692307693 0.022836538461538464
0 0.40685096153846156 0.6953125 0.10216346153846155 0.022836538461538464
0 0.4020432692307693 0.7277644230769231 0.1358173076923077 0.022836538461538464
0 0.40625 0.75 0.19230769230769232 0.021634615384615384
0 0.4056490384615385 0.7740384615384616 0.2247596153846154 0.026442307692307696
0 0.4014423076923077 0.8004807692307693 0.2884615384615385 0.028846153846153848
0 0.3894230769230769 0.8263221153846154 0.3197115384615385 0.030048076923076924
0 0.3671875 0.850360576923077 0.32091346153846156 0.022836538461538464
0 0.1484375 0.7229567307692308 0.296875 0.018028846153846156
0 0.1358173076923077 0.7596153846153847 0.2716346153846154 0.02403846153846154
0 0.11538461538461539 0.7926682692307693 0.23076923076923078 0.02764423076923077
0 0.10216346153846155 0.8251201923076924 0.2043269230769231 0.022836538461538464
0 0.08533653846153846 0.8551682692307693 0.17067307692307693 0.022836538461538464
0 0.06730769230769232 0.8882211538461539 0.13461538461538464 0.02403846153846154
0 0.05048076923076923 0.9194711538461539 0.10096153846153846 0.026442307692307696
0 0.03365384615384616 0.9555288461538463 0.06730769230769232 0.02403846153846154
0 0.36117788461538464 0.8780048076923077 0.30168269230769235 0.022836538461538464
0 0.3137019230769231 0.9014423076923077 0.3293269230769231 0.026442307692307696
0 0.28966346153846156 0.9266826923076924 0.32211538461538464 0.02403846153846154
0 0.2590144230769231 0.9501201923076924 0.3353365384615385 0.02764423076923077
0 0.23317307692307693 0.9765625 0.34134615384615385 0.02764423076923077
0 0.6736778846153847 0.9513221153846154 0.20552884615384617 0.09735576923076923
0 0.6544471153846154 0.959735576923077 0.203125 0.08052884615384616
0 0.6388221153846154 0.9681490384615385 0.20072115384615385 0.06370192307692309
0 0.6213942307692308 0.9765625 0.21153846153846156 0.046875
0 0.6063701923076923 0.9849759615384616 0.21274038461538464 0.030048076923076924
0 0.20853365384615385 0.9933894230769231 0.3137019230769231 0.013221153846153848
