0 0.04567307692307693 0.34615384615384615 0.09134615384615385 0.13701923076923078
0 0.11358173076923078 0.2884615384615385 0.10697115384615385 0.12980769230769232
0 0.3840144230769231 0.2764423076923077 0.07091346153846154 0.0889423076923077
0 0.3623798076923077 0.2920673076923077 0.07572115384615385 0.09615384615384616
0 0.29086538461538464 0.3323317307692308 0.07451923076923077 0.09975961538461539
0 0.26802884615384615 0.3503605769230769 0.08173076923076923 0.08774038461538462
0 0.20012019230769232 0.3894230769230769 0.07091346153846154 0.09855769230769232
0 0.16947115384615385 0.41165865384615385 0.0889423076923077 0.09735576923076923
0 0.14423076923076925 0.4320913461538462 0.07451923076923077 0.09495192307692309
0 0.07151442307692309 0.4711538461538462 0.078125 0.09855769230769232
0 0.048677884615384616 0.4903846153846154 0.07572115384615385 0.09134615384615385
0 0.007211538461538462 0.5330528846153847 0.014423076923076924 0.09254807692307693
0 0.037259615384615384 0.6658653846153847 0.07451923076923077 0.12980769230769232
0 0.05709134615384616 0.6466346153846154 0.10697115384615385 0.13461538461538464
0 0.1123798076923077 0.6087740384615385 0.109375 0.13341346153846154
0 0.14783653846153846 0.5859375 0.11057692307692309 0.12620192307692307
0 0.2061298076923077 0.5492788461538461 0.11177884615384616 0.13461538461538464
0 0.2433894230769231 0.5288461538461539 0.10697115384615385 0.13461538461538464
0 0.2764423076923077 0.5030048076923077 0.10336538461538462 0.13341346153846154
0 0.33774038461538464 0.4675480769230769 0.10817307692307693 0.13461538461538464
0 0.3701923076923077 0.4441105769230769 0.10817307692307693 0.1310096153846154
0 0.4260817307692308 0.4122596153846154 0.10697115384615385 0.13461538461538464
0 0.4555288461538462 0.3894230769230769 0.10096153846153846 0.12740384615384617
0 0.4795673076923077 0.5168269230769231 0.0625 0.08173076923076923
0 0.4338942307692308 0.5432692307692308 0.08173076923076923 0.09375
0 0.4014423076923077 0.5649038461538461 0.08413461538461539 0.09375
0 0.34074519230769235 0.6039663461538461 0.08533653846153846 0.09014423076923077
0 0.30709134615384615 0.6243990384615385 0.08293269230769232 0.09495192307692309
0 0.2716346153846154 0.6454326923076923 0.07932692307692309 0.09134615384615385
0 0.21153846153846156 0.686298076923077 0.07932692307692309 0.0889423076923077
0 0.1778846153846154 0.7073317307692308 0.07692307692307693 0.09735576923076923
0 0.11959134615384616 0.7439903846153847 0.07572115384615385 0.09375
0 0.08954326923076923 0.7662259615384616 0.07572115384615385 0.08774038461538462
