0 0.1388221153846154 0.009014423076923078 0.17427884615384617 0.018028846153846156
0 0.2638221153846154 0.05048076923076923 0.16947115384615385 0.10096153846153846
0 0.38341346153846156 0.10757211538461539 0.17067307692307693 0.1622596153846154
0 0.6802884615384616 0.2566105769230769 0.24759615384615385 0.20793269230769232
0 0.5528846153846154 0.5733173076923077 0.17548076923076925 0.1826923076923077
0 0.44591346153846156 0.44591346153846156 0.057692307692307696 0.040865384615384616
0 0.5162259615384616 0.49338942307692313 0.037259615384615384 0.02764423076923077
0 0.4675480769230769 0.4825721153846154 0.11538461538461539 0.08052884615384616
0 0.4591346153846154 0.4945913461538462 0.11778846153846155 0.08052884615384616
0 0.45072115384615385 0.5102163461538461 0.11538461538461539 0.08052884615384616
0 0.4411057692307693 0.5228365384615384 0.11298076923076923 0.07692307692307693
0 0.4681490384615385 0.5594951923076923 0.04447115384615385 0.030048076923076924
0 0.45432692307692313 0.5703125 0.04326923076923077 0.037259615384615384
0 0.4495192307692308 0.5889423076923077 0.04326923076923077 0.03125
