0 0.3894230769230769 0.47055288461538464 0.13942307692307693 0.020432692307692308
0 0.39122596153846156 0.48617788461538464 0.1358173076923077 0.018028846153846156
0 0.3888221153846154 0.5 0.140625 0.01682692307692308
0 0.38822115384615385 0.5168269230769231 0.13461538461538464 0.019230769230769232
0 0.38762019230769235 0.5318509615384616 0.1358173076923077 0.022836538461538464
0 0.34375 0.5510817307692308 0.040865384615384616 0.015625
0 0.4182692307692308 0.5679086538461539 0.07451923076923077 0.013221153846153848
0 0.41887019230769235 0.5811298076923077 0.07572115384615385 0.018028846153846156
0 0.4152644230769231 0.5991586538461539 0.06850961538461539 0.018028846153846156
0 0.4170673076923077 0.6147836538461539 0.07211538461538462 0.018028846153846156
0 0.4176682692307693 0.6280048076923077 0.07572115384615385 0.018028846153846156
0 0.41586538461538464 0.6448317307692308 0.06971153846153846 0.020432692307692308
0 0.41466346153846156 0.6604567307692308 0.06730769230769232 0.018028846153846156
0 0.4122596153846154 0.6760817307692308 0.07451923076923077 0.013221153846153848
0 0.41466346153846156 0.6929086538461539 0.06971153846153846 0.018028846153846156
0 0.4122596153846154 0.7115384615384616 0.06730769230769232 0.019230769230769232
0 0.4122596153846154 0.725360576923077 0.06730769230769232 0.018028846153846156
0 0.6057692307692308 0.7277644230769231 0.07451923076923077 0.018028846153846156
0 0.6099759615384616 0.975360576923077 0.04927884615384616 0.04927884615384616
