2 0.4026442307692308 0.18209134615384617 0.038461538461538464 0.03966346153846154
0 0.4555288461538462 0.45492788461538464 0.11538461538461539 0.14543269230769232
0 0.2824519230769231 0.3161057692307693 0.03125 0.03365384615384616
0 0.5294471153846154 0.5270432692307693 0.07091346153846154 0.020432692307692308
0 0.5366586538461539 0.5390625 0.08774038461538462 0.022836538461538464
0 0.5480769230769231 0.5504807692307693 0.07692307692307693 0.021634615384615384
0 0.5570913461538461 0.5709134615384616 0.054086538461538464 0.019230769230769232
0 0.7319711538461539 0.5895432692307693 0.040865384615384616 0.03485576923076923
0 0.75 0.3870192307692308 0.13461538461538464 0.11538461538461539
0 0.9375 0.4597355769230769 0.026442307692307696 0.03485576923076923
0 0.858173076923077 0.796875 0.06730769230769232 0.06490384615384616
0 0.8173076923076924 0.7596153846153847 0.06730769230769232 0.06490384615384616
0 0.7355769230769231 0.7668269230769231 0.06490384615384616 0.08173076923076923
0 0.43449519230769235 0.8473557692307693 0.06370192307692309 0.05288461538461539
0 0.33293269230769235 0.9182692307692308 0.23317307692307693 0.16346153846153846
0 0.11778846153846155 0.9627403846153847 0.12259615384615385 0.07451923076923077
0 0.6929086538461539 0.9507211538461539 0.042067307692307696 0.03605769230769231
