0 0.9825721153846154 0.12379807692307693 0.03485576923076923 0.12740384615384617
0 0.7067307692307693 0.14423076923076925 0.10096153846153846 0.08653846153846154
0 0.7536057692307693 0.7445913461538461 0.05288461538461539 0.054086538461538464
0 0.7103365384615385 0.8407451923076924 0.07451923076923077 0.0733173076923077
0 0.6526442307692308 0.7518028846153847 0.04567307692307693 0.04447115384615385
0 0.5967548076923077 0.701923076923077 0.04447115384615385 0.04326923076923077
0 0.4098557692307693 0.46213942307692313 0.040865384615384616 0.046875
0 0.26802884615384615 0.6436298076923077 0.06009615384615385 0.030048076923076924
0 0.21153846153846156 0.5997596153846154 0.06490384615384616 0.03605769230769231
0 0.20733173076923078 0.7205528846153847 0.12139423076923078 0.1045673076923077
0 0.06911057692307693 0.27103365384615385 0.08293269230769232 0.08774038461538462
