0 0.4723557692307693 0.015625 0.03365384615384616 0.03125
0 0.4182692307692308 0.01622596153846154 0.0625 0.03245192307692308
0 0.3359375 0.20192307692307693 0.03485576923076923 0.021634615384615384
0 0.1328125 0.13341346153846154 0.03485576923076923 0.02403846153846154
0 0.07572115384615385 0.12980769230769232 0.03605769230769231 0.019230769230769232
0 0.10036057692307693 0.46634615384615385 0.018028846153846156 0.040865384615384616
0 0.3167067307692308 0.5162259615384616 0.06370192307692309 0.06129807692307693
0 0.3473557692307693 0.5486778846153847 0.04326923076923077 0.03485576923076923
0 0.5186298076923077 0.9579326923076924 0.0733173076923077 0.05288461538461539
0 0.5018028846153847 0.9867788461538463 0.058894230769230775 0.026442307692307696
0 0.6051682692307693 0.9699519230769231 0.08052884615384616 0.06009615384615385
