0 0.3665865384615385 0.3539663461538462 0.10096153846153846 0.11418269230769232
0 0.29387019230769235 0.33353365384615385 0.08774038461538462 0.10697115384615385
0 0.22536057692307693 0.3040865384615385 0.09254807692307693 0.10817307692307693
0 0.15204326923076925 0.2848557692307693 0.09735576923076923 0.11298076923076923
0 0.07211538461538462 0.2572115384615385 0.09855769230769232 0.09375
0 0.30228365384615385 0.6893028846153847 0.10216346153846155 0.11177884615384616
0 0.2265625 0.6712740384615385 0.09254807692307693 0.1045673076923077
0 0.15805288461538464 0.6484375 0.09735576923076923 0.109375
0 0.08293269230769232 0.6231971153846154 0.10096153846153846 0.11177884615384616
0 0.030048076923076924 0.6027644230769231 0.06009615384615385 0.11418269230769232
