0 0.9951923076923077 0.13221153846153846 0.009615384615384616 0.021634615384615384
0 0.9777644230769231 0.16947115384615385 0.04447115384615385 0.021634615384615384
0 0.9633413461538463 0.20252403846153846 0.0733173076923077 0.022836538461538464
0 0.9429086538461539 0.234375 0.11418269230769232 0.026442307692307696
0 0.9266826923076924 0.2692307692307693 0.1466346153846154 0.02403846153846154
0 0.90625 0.2998798076923077 0.1875 0.022836538461538464
0 0.8870192307692308 0.32992788461538464 0.22596153846153846 0.018028846153846156
0 0.8713942307692308 0.3665865384615385 0.2572115384615385 0.02403846153846154
0 0.858173076923077 0.3996394230769231 0.28365384615384615 0.02764423076923077
0 0.8341346153846154 0.4320913461538462 0.3028846153846154 0.022836538461538464
0 0.7986778846153847 0.46213942307692313 0.30649038461538464 0.022836538461538464
0 0.764423076923077 0.4951923076923077 0.3028846153846154 0.02403846153846154
0 0.7313701923076924 0.5264423076923077 0.30168269230769235 0.026442307692307696
0 0.6971153846153847 0.5625 0.3028846153846154 0.02403846153846154
0 0.9651442307692308 0.5084134615384616 0.06971153846153846 0.026442307692307696
0 0.9549278846153847 0.5336538461538461 0.09014423076923077 0.02403846153846154
0 0.936298076923077 0.5570913461538461 0.12740384615384617 0.02764423076923077
0 0.921875 0.5835336538461539 0.15625 0.02764423076923077
0 0.9164663461538463 0.6075721153846154 0.1670673076923077 0.02764423076923077
0 0.8954326923076924 0.6328125 0.2091346153846154 0.02764423076923077
0 0.8864182692307693 0.65625 0.22716346153846156 0.026442307692307696
0 0.8762019230769231 0.6814903846153847 0.24759615384615385 0.026442307692307696
0 0.8605769230769231 0.7085336538461539 0.27884615384615385 0.02764423076923077
0 0.8509615384615385 0.7319711538461539 0.2980769230769231 0.03365384615384616
0 0.8287259615384616 0.7578125 0.3137019230769231 0.030048076923076924
0 0.8058894230769231 0.7818509615384616 0.32572115384615385 0.03245192307692308
0 0.7824519230769231 0.8094951923076924 0.3293269230769231 0.030048076923076924
0 0.748798076923077 0.8323317307692308 0.3245192307692308 0.025240384615384616
0 0.7265625 0.8575721153846154 0.33052884615384615 0.030048076923076924
0 0.7025240384615385 0.8834134615384616 0.33052884615384615 0.026442307692307696
0 0.6688701923076923 0.9074519230769231 0.328125 0.026442307692307696
0 0.6526442307692308 0.9344951923076924 0.32211538461538464 0.02764423076923077
0 0.6334134615384616 0.9549278846153847 0.31490384615384615 0.025240384615384616
0 0.6147836538461539 0.9813701923076924 0.2848557692307693 0.030048076923076924
0 0.6069711538461539 0.9969951923076924 0.2572115384615385 0.006009615384615385
0 0.6616586538461539 0.592548076923077 0.296875 0.02403846153846154
0 0.6243990384615385 0.6268028846153847 0.29927884615384615 0.025240384615384616
0 0.5943509615384616 0.6592548076923077 0.3137019230769231 0.025240384615384616
0 0.5570913461538461 0.6923076923076923 0.3040865384615385 0.02403846153846154
0 0.5282451923076923 0.7247596153846154 0.3040865384615385 0.026442307692307696
0 0.4915865384615385 0.7584134615384616 0.3028846153846154 0.026442307692307696
0 0.4651442307692308 0.7932692307692308 0.3004807692307693 0.02403846153846154
0 0.4453125 0.8245192307692308 0.2608173076923077 0.02403846153846154
0 0.43810096153846156 0.8551682692307693 0.20552884615384617 0.02764423076923077
0 0.43930288461538464 0.8888221153846154 0.140625 0.020432692307692308
0 0.4399038461538462 0.921875 0.07692307692307693 0.021634615384615384
