0 0.9561298076923077 0.8587740384615385 0.03485576923076923 0.03485576923076923
0 0.6844951923076923 0.9489182692307693 0.03245192307692308 0.02764423076923077
0 0.3353365384615385 0.84375 0.05288461538461539 0.06009615384615385
0 0.6736778846153847 0.5216346153846154 0.04927884615384616 0.0625
0 0.6304086538461539 0.4747596153846154 0.03245192307692308 0.038461538461538464
0 0.5390625 0.27524038461538464 0.056490384615384616 0.06009615384615385
0 0.5186298076923077 0.2962740384615385 0.06370192307692309 0.056490384615384616
0 0.4284855769230769 0.2277644230769231 0.03485576923076923 0.02764423076923077
0 0.28365384615384615 0.4993990384615385 0.021634615384615384 0.030048076923076924
0 0.004807692307692308 0.8888221153846154 0.009615384615384616 0.020432692307692308
