0 0.2638221153846154 0.01201923076923077 0.17427884615384617 0.02403846153846154
0 0.3888221153846154 0.05348557692307693 0.16947115384615385 0.10697115384615385
0 0.5084134615384616 0.11358173076923078 0.17067307692307693 0.1622596153846154
0 0.8052884615384616 0.26262019230769235 0.24759615384615385 0.20793269230769232
0 0.6778846153846154 0.5793269230769231 0.17548076923076925 0.1826923076923077
0 0.5709134615384616 0.4519230769230769 0.057692307692307696 0.040865384615384616
0 0.6412259615384616 0.4993990384615385 0.037259615384615384 0.02764423076923077
0 0.592548076923077 0.4885817307692308 0.11538461538461539 0.08052884615384616
0 0.5841346153846154 0.5006009615384616 0.11778846153846155 0.08052884615384616
0 0.5757211538461539 0.5162259615384616 0.11538461538461539 0.08052884615384616
0 0.5661057692307693 0.5288461538461539 0.11298076923076923 0.07692307692307693
0 0.5931490384615385 0.5655048076923077 0.04447115384615385 0.030048076923076924
0 0.5793269230769231 0.5763221153846154 0.04326923076923077 0.037259615384615384
0 0.5745192307692308 0.5949519230769231 0.04326923076923077 0.03125
