0 0.6694711538461539 0.003605769230769231 0.2572115384615385 0.007211538461538462
0 0.6802884615384616 0.025240384615384616 0.19230769230769232 0.026442307692307696
0 0.6700721153846154 0.04807692307692308 0.140625 0.019230769230769232
0 0.6682692307692308 0.07632211538461539 0.09855769230769232 0.020432692307692308
0 0.671875 0.10276442307692309 0.06009615384615385 0.020432692307692308
0 0.10877403846153846 0.07572115384615385 0.16947115384615385 0.1514423076923077
0 0.2578125 0.2620192307692308 0.1935096153846154 0.19711538461538464
0 0.1670673076923077 0.34435096153846156 0.19230769230769232 0.1983173076923077
0 0.0811298076923077 0.42668269230769235 0.1622596153846154 0.19230769230769232
0 0.40805288461538464 0.42247596153846156 0.07572115384615385 0.03245192307692308
0 0.4008413461538462 0.4495192307692308 0.1045673076923077 0.04326923076923077
0 0.3942307692307693 0.47415865384615385 0.1514423076923077 0.054086538461538464
0 0.3822115384615385 0.5018028846153847 0.2139423076923077 0.06370192307692309
0 0.375 0.5270432692307693 0.2644230769230769 0.0733173076923077
0 0.9314903846153847 0.41165865384615385 0.13701923076923078 0.21514423076923078
0 0.03365384615384616 0.5072115384615384 0.06730769230769232 0.19951923076923078
0 0.359375 0.5546875 0.3245192307692308 0.09254807692307693
0 0.3629807692307693 0.5757211538461539 0.3509615384615385 0.09134615384615385
0 0.41947115384615385 0.5895432692307693 0.2692307692307693 0.07572115384615385
0 0.4248798076923077 0.6099759615384616 0.28966346153846156 0.08533653846153846
0 0.3575721153846154 0.6460336538461539 0.2512019230769231 0.07091346153846154
0 0.43149038461538464 0.6772836538461539 0.2932692307692308 0.08052884615384616
0 0.4074519230769231 0.7049278846153847 0.2451923076923077 0.0733173076923077
0 0.3984375 0.7289663461538461 0.18149038461538464 0.054086538461538464
0 0.38341346153846156 0.7536057692307693 0.12740384615384617 0.040865384615384616
0 0.5588942307692308 0.7842548076923077 0.3269230769230769 0.08533653846153846
0 0.5661057692307693 0.8088942307692308 0.35336538461538464 0.09375
0 0.5805288461538461 0.8287259615384616 0.34855769230769235 0.09014423076923077
0 0.5997596153846154 0.8485576923076924 0.3509615384615385 0.0889423076923077
0 0.6189903846153847 0.8665865384615385 0.3557692307692308 0.09134615384615385
0 0.6268028846153847 0.8840144230769231 0.3449519230769231 0.09254807692307693
0 0.6298076923076923 0.9098557692307693 0.2932692307692308 0.08173076923076923
0 0.608173076923077 0.959735576923077 0.18509615384615385 0.06129807692307693
0 0.6195913461538461 0.9320913461538463 0.24639423076923078 0.0733173076923077
0 0.5991586538461539 0.9801682692307693 0.14302884615384617 0.03966346153846154
