0 0.007211538461538462 0.6682692307692308 0.014423076923076924 0.04326923076923077
0 0.6069711538461539 0.48978365384615385 0.13942307692307693 0.020432692307692308
0 0.6087740384615385 0.5054086538461539 0.1358173076923077 0.018028846153846156
0 0.6063701923076923 0.5192307692307693 0.140625 0.01682692307692308
0 0.6057692307692308 0.5360576923076923 0.13461538461538464 0.019230769230769232
0 0.6051682692307693 0.5510817307692308 0.1358173076923077 0.022836538461538464
0 0.561298076923077 0.5703125 0.040865384615384616 0.015625
0 0.6358173076923077 0.5871394230769231 0.07451923076923077 0.013221153846153848
0 0.6364182692307693 0.600360576923077 0.07572115384615385 0.018028846153846156
0 0.6328125 0.6183894230769231 0.06850961538461539 0.018028846153846156
0 0.6346153846153847 0.6340144230769231 0.07211538461538462 0.018028846153846156
0 0.6352163461538461 0.647235576923077 0.07572115384615385 0.018028846153846156
0 0.6334134615384616 0.6640625 0.06971153846153846 0.020432692307692308
0 0.6322115384615385 0.6796875 0.06730769230769232 0.018028846153846156
0 0.6298076923076923 0.6953125 0.07451923076923077 0.013221153846153848
0 0.6322115384615385 0.7121394230769231 0.06971153846153846 0.018028846153846156
0 0.6298076923076923 0.7307692307692308 0.06730769230769232 0.019230769230769232
0 0.6298076923076923 0.7445913461538461 0.06730769230769232 0.018028846153846156
0 0.8233173076923077 0.7469951923076924 0.07451923076923077 0.018028846153846156
0 0.8275240384615385 0.9849759615384616 0.04927884615384616 0.030048076923076924
