0 0.8521634615384616 0.22115384615384617 0.15625 0.13701923076923078
0 0.7475961538461539 0.2620192307692308 0.10336538461538462 0.10817307692307693
0 0.8930288461538463 0.3046875 0.1514423076923077 0.1310096153846154
0 0.9248798076923077 0.39903846153846156 0.11899038461538462 0.12980769230769232
0 0.9735576923076924 0.40384615384615385 0.05288461538461539 0.11298076923076923
0 0.9873798076923077 0.47355769230769235 0.025240384615384616 0.10576923076923078
0 0.7920673076923077 0.35336538461538464 0.09855769230769232 0.1201923076923077
0 0.8305288461538461 0.4435096153846154 0.09134615384615385 0.11298076923076923
0 0.9465144230769231 0.4957932692307693 0.10697115384615385 0.11418269230769232
0 0.9639423076923077 0.5715144230769231 0.07211538461538462 0.10216346153846155
0 0.984375 0.6496394230769231 0.03125 0.09735576923076923
0 0.7037259615384616 0.3557692307692308 0.109375 0.12980769230769232
0 0.6454326923076923 0.38461538461538464 0.07932692307692309 0.12259615384615385
0 0.6796875 0.4981971153846154 0.09735576923076923 0.13341346153846154
0 0.7584134615384616 0.4669471153846154 0.10096153846153846 0.1310096153846154
0 0.875 0.5276442307692308 0.09855769230769232 0.10576923076923078
0 0.796875 0.561298076923077 0.09375 0.10336538461538462
0 0.9032451923076924 0.6075721153846154 0.08533653846153846 0.10697115384615385
0 0.8311298076923077 0.6310096153846154 0.08533653846153846 0.08653846153846154
0 0.7223557692307693 0.5919471153846154 0.09134615384615385 0.10697115384615385
0 0.6015625 0.5048076923076923 0.09735576923076923 0.08653846153846154
0 0.6171875 0.5558894230769231 0.08774038461538462 0.08293269230769232
0 0.5258413461538461 0.5336538461538461 0.08774038461538462 0.08173076923076923
0 0.5498798076923077 0.59375 0.09014423076923077 0.08173076923076923
0 0.6484375 0.6274038461538461 0.09975961538461539 0.11057692307692309
0 0.5739182692307693 0.6556490384615385 0.09495192307692309 0.10697115384615385
0 0.7530048076923077 0.6760817307692308 0.08533653846153846 0.08293269230769232
0 0.49759615384615385 0.6856971153846154 0.10096153846153846 0.1045673076923077
0 0.9326923076923077 0.6826923076923077 0.08413461538461539 0.09615384615384616
0 0.9615384615384616 0.7602163461538461 0.07692307692307693 0.09975961538461539
0 0.8641826923076924 0.7133413461538461 0.08653846153846154 0.09495192307692309
0 0.8960336538461539 0.7884615384615385 0.10216346153846155 0.10817307692307693
0 0.9272836538461539 0.8707932692307693 0.09254807692307693 0.09254807692307693
0 0.8605769230769231 0.9008413461538463 0.09615384615384616 0.09495192307692309
0 0.7902644230769231 0.7457932692307693 0.09735576923076923 0.09014423076923077
0 0.8227163461538461 0.8173076923076924 0.09495192307692309 0.10336538461538462
0 0.6802884615384616 0.701923076923077 0.09134615384615385 0.09134615384615385
0 0.7181490384615385 0.7740384615384616 0.08533653846153846 0.09134615384615385
0 0.7518028846153847 0.8527644230769231 0.09735576923076923 0.10697115384615385
0 0.6087740384615385 0.7325721153846154 0.09014423076923077 0.09975961538461539
0 0.6370192307692308 0.8094951923076924 0.08173076923076923 0.09735576923076923
0 0.6772836538461539 0.8888221153846154 0.10216346153846155 0.1045673076923077
0 0.537860576923077 0.7674278846153847 0.08293269230769232 0.09975961538461539
0 0.4206730769230769 0.7205528846153847 0.09855769230769232 0.11418269230769232
0 0.4561298076923077 0.7980769230769231 0.09254807692307693 0.09855769230769232
0 0.5703125 0.8431490384615385 0.08293269230769232 0.09495192307692309
0 0.5979567307692308 0.9212740384615385 0.10216346153846155 0.109375
0 0.5264423076923077 0.9471153846153847 0.10336538461538462 0.10576923076923078
0 0.4945913461538462 0.8780048076923077 0.1045673076923077 0.10697115384615385
