0 0.11177884615384616 0.015024038461538462 0.09134615384615385 0.030048076923076924
0 0.1123798076923077 0.4278846153846154 0.1045673076923077 0.1466346153846154
0 0.18329326923076925 0.3635817307692308 0.07572115384615385 0.054086538461538464
0 0.19711538461538464 0.4362980769230769 0.09134615384615385 0.09855769230769232
0 0.29387019230769235 0.3894230769230769 0.10216346153846155 0.14182692307692307
0 0.3395432692307693 0.5120192307692308 0.058894230769230775 0.040865384615384616
0 0.5006009615384616 0.48978365384615385 0.03485576923076923 0.02764423076923077
0 0.5090144230769231 0.5126201923076923 0.03245192307692308 0.025240384615384616
0 0.5138221153846154 0.5372596153846154 0.03245192307692308 0.02403846153846154
0 0.5210336538461539 0.5643028846153847 0.03245192307692308 0.030048076923076924
