0 0.09555288461538462 0.32572115384615385 0.08052884615384616 0.06971153846153846
0 0.15865384615384617 0.2980769230769231 0.07692307692307693 0.06490384615384616
0 0.25 0.2560096153846154 0.14903846153846154 0.09855769230769232
0 0.3858173076923077 0.2572115384615385 0.0889423076923077 0.09615384615384616
0 0.4200721153846154 0.32512019230769235 0.08052884615384616 0.09254807692307693
0 0.45432692307692313 0.4014423076923077 0.08173076923076923 0.10336538461538462
0 0.4447115384615385 0.23016826923076925 0.08653846153846154 0.10697115384615385
0 0.5072115384615384 0.3605769230769231 0.13461538461538464 0.19951923076923078
0 0.4152644230769231 0.545673076923077 0.10216346153846155 0.0889423076923077
0 0.33353365384615385 0.5823317307692308 0.11177884615384616 0.09735576923076923
0 0.24759615384615385 0.625 0.11298076923076923 0.08653846153846154
