0 0.7229567307692308 0.007211538461538462 0.08774038461538462 0.014423076923076924
0 0.9525240384615385 0.2590144230769231 0.04927884615384616 0.03966346153846154
0 0.9230769230769231 0.2956730769230769 0.04567307692307693 0.04567307692307693
0 0.8335336538461539 0.4495192307692308 0.046875 0.05048076923076923
0 0.7950721153846154 0.4254807692307693 0.07572115384615385 0.06971153846153846
0 0.22295673076923078 0.07391826923076923 0.037259615384615384 0.03485576923076923
0 0.0234375 0.3293269230769231 0.046875 0.10336538461538462
0 0.4435096153846154 0.5162259615384616 0.11298076923076923 0.12620192307692307
0 0.43930288461538464 0.5733173076923077 0.058894230769230775 0.057692307692307696
0 0.9188701923076924 0.84375 0.037259615384615384 0.028846153846153848
0 0.15685096153846154 0.8185096153846154 0.04447115384615385 0.04326923076923077
