0 0.046274038461538464 0.09014423076923077 0.09254807692307693 0.07211538461538462
0 0.9068509615384616 0.5360576923076923 0.1310096153846154 0.15865384615384617
0 0.7235576923076924 0.43870192307692313 0.05528846153846154 0.057692307692307696
0 0.6935096153846154 0.24939903846153846 0.07211538461538462 0.0733173076923077
0 0.6454326923076923 0.21514423076923078 0.03605769230769231 0.03365384615384616
0 0.5306490384615384 0.6280048076923077 0.056490384615384616 0.058894230769230775
0 0.4681490384615385 0.631610576923077 0.06610576923076923 0.07091346153846154
0 0.013221153846153848 0.32211538461538464 0.026442307692307696 0.04326923076923077
0 0.018028846153846156 0.2686298076923077 0.03605769230769231 0.06370192307692309
0 0.4867788461538462 0.40324519230769235 0.11778846153846155 0.06610576923076923
