0 0.6195913461538461 0.022836538461538464 0.203125 0.026442307692307696
0 0.6201923076923077 0.056490384615384616 0.2716346153846154 0.02403846153846154
0 0.5961538461538461 0.08834134615384616 0.3125 0.030048076923076924
0 0.5618990384615385 0.12079326923076923 0.29447115384615385 0.022836538461538464
0 0.5240384615384616 0.15324519230769232 0.2956730769230769 0.022836538461538464
0 0.506610576923077 0.18629807692307693 0.27043269230769235 0.021634615384615384
0 0.5036057692307693 0.21935096153846156 0.20192307692307693 0.022836538461538464
0 0.5030048076923077 0.25180288461538464 0.13341346153846154 0.020432692307692308
0 0.5030048076923077 0.28605769230769235 0.07091346153846154 0.02403846153846154
0 0.7854567307692308 0.11117788461538462 0.058894230769230775 0.020432692307692308
0 0.7764423076923077 0.13641826923076925 0.10576923076923078 0.020432692307692308
0 0.7770432692307693 0.1640625 0.1622596153846154 0.022836538461538464
0 0.7866586538461539 0.1905048076923077 0.21274038461538464 0.022836538461538464
0 0.772235576923077 0.21514423076923078 0.24158653846153846 0.026442307692307696
0 0.772235576923077 0.2373798076923077 0.30649038461538464 0.02764423076923077
0 0.7614182692307693 0.2644230769230769 0.32091346153846156 0.026442307692307696
0 0.7319711538461539 0.2878605769230769 0.3125 0.022836538461538464
0 0.717548076923077 0.3167067307692308 0.2980769230769231 0.02764423076923077
0 0.7025240384615385 0.34074519230769235 0.2848557692307693 0.02764423076923077
0 0.6881009615384616 0.3623798076923077 0.24639423076923078 0.025240384615384616
0 0.694110576923077 0.3918269230769231 0.1935096153846154 0.021634615384615384
0 0.6899038461538461 0.4152644230769231 0.16105769230769232 0.018028846153846156
0 0.6893028846153847 0.44230769230769235 0.08533653846153846 0.019230769230769232
0 0.3401442307692308 0.22235576923076925 0.07932692307692309 0.021634615384615384
0 0.3395432692307693 0.25961538461538464 0.14783653846153846 0.021634615384615384
0 0.3419471153846154 0.2926682692307693 0.21033653846153846 0.022836538461538464
0 0.33774038461538464 0.3245192307692308 0.28365384615384615 0.026442307692307696
0 0.3082932692307693 0.359375 0.28966346153846156 0.02403846153846154
0 0.2728365384615385 0.3900240384615385 0.3004807692307693 0.022836538461538464
0 0.4981971153846154 0.39242788461538464 0.10216346153846155 0.022836538461538464
0 0.49338942307692313 0.4248798076923077 0.1358173076923077 0.022836538461538464
0 0.49759615384615385 0.44711538461538464 0.19230769230769232 0.021634615384615384
0 0.49699519230769235 0.4711538461538462 0.2247596153846154 0.026442307692307696
0 0.49278846153846156 0.49759615384615385 0.2884615384615385 0.028846153846153848
0 0.4807692307692308 0.5234375 0.3197115384615385 0.030048076923076924
0 0.45853365384615385 0.5474759615384616 0.32091346153846156 0.022836538461538464
0 0.23617788461538464 0.4200721153846154 0.3040865384615385 0.018028846153846156
0 0.20793269230769232 0.4567307692307693 0.31009615384615385 0.02403846153846154
0 0.17427884615384617 0.48978365384615385 0.2956730769230769 0.02764423076923077
0 0.14783653846153846 0.522235576923077 0.2956730769230769 0.022836538461538464
0 0.1310096153846154 0.5522836538461539 0.2620192307692308 0.022836538461538464
0 0.11298076923076923 0.5853365384615385 0.22596153846153846 0.02403846153846154
0 0.09615384615384616 0.6165865384615385 0.19230769230769232 0.026442307692307696
0 0.07932692307692309 0.6526442307692308 0.15865384615384617 0.02403846153846154
0 0.4525240384615385 0.5751201923076923 0.30168269230769235 0.022836538461538464
0 0.4050480769230769 0.5985576923076923 0.3293269230769231 0.026442307692307696
0 0.3810096153846154 0.623798076923077 0.32211538461538464 0.02403846153846154
0 0.3503605769230769 0.647235576923077 0.3353365384615385 0.02764423076923077
0 0.3245192307692308 0.6736778846153847 0.34134615384615385 0.02764423076923077
0 0.7650240384615385 0.7079326923076924 0.20552884615384617 0.21634615384615385
0 0.7457932692307693 0.7229567307692308 0.203125 0.21274038461538464
0 0.7301682692307693 0.7397836538461539 0.20072115384615385 0.21274038461538464
0 0.7127403846153847 0.7554086538461539 0.21153846153846156 0.21033653846153846
0 0.6977163461538461 0.7746394230769231 0.21274038461538464 0.21514423076923078
0 0.2998798076923077 0.6977163461538461 0.3137019230769231 0.02764423076923077
0 0.2686298076923077 0.7229567307692308 0.3353365384615385 0.02764423076923077
0 0.24879807692307693 0.7463942307692308 0.3317307692307693 0.026442307692307696
0 0.22115384615384617 0.7716346153846154 0.31730769230769235 0.026442307692307696
0 0.19591346153846154 0.7986778846153847 0.3293269230769231 0.02764423076923077
0 0.171875 0.8221153846153847 0.3197115384615385 0.03365384615384616
0 0.14783653846153846 0.8479567307692308 0.2956730769230769 0.030048076923076924
0 0.13942307692307693 0.8719951923076924 0.27884615384615385 0.03245192307692308
0 0.12860576923076925 0.8996394230769231 0.2572115384615385 0.030048076923076924
0 0.11057692307692309 0.9224759615384616 0.22115384615384617 0.025240384615384616
0 0.10096153846153846 0.9477163461538463 0.20192307692307693 0.030048076923076924
0 0.0889423076923077 0.9735576923076924 0.1778846153846154 0.026442307692307696
0 0.07151442307692309 0.9921875 0.14302884615384617 0.015625
0 0.06009615384615385 0.6826923076923077 0.1201923076923077 0.02403846153846154
0 0.042067307692307696 0.7169471153846154 0.08413461538461539 0.025240384615384616
0 0.030649038461538464 0.7493990384615385 0.06129807692307693 0.025240384615384616
