0 0.8876201923076924 0.08713942307692309 0.09495192307692309 0.10697115384615385
0 0.983173076923077 0.23076923076923078 0.03365384615384616 0.05288461538461539
0 0.9921875 0.28365384615384615 0.015625 0.06009615384615385
0 0.967548076923077 0.6496394230769231 0.06490384615384616 0.08293269230769232
0 0.8762019230769231 0.6099759615384616 0.11778846153846155 0.109375
0 0.819110576923077 0.7974759615384616 0.03966346153846154 0.03245192307692308
0 0.7283653846153847 0.7530048076923077 0.038461538461538464 0.030048076923076924
0 0.7548076923076924 0.8052884615384616 0.038461538461538464 0.03125
0 0.703125 0.8293269230769231 0.03605769230769231 0.03605769230769231
0 0.6923076923076923 0.8155048076923077 0.03605769230769231 0.030048076923076924
0 0.6820913461538461 0.7962740384615385 0.03245192307692308 0.030048076923076924
0 0.6712740384615385 0.7806490384615385 0.03485576923076923 0.030048076923076924
0 0.7211538461538461 0.8215144230769231 0.057692307692307696 0.09495192307692309
0 0.6616586538461539 0.7596153846153847 0.037259615384615384 0.03605769230769231
0 0.4867788461538462 0.4651442307692308 0.06730769230769232 0.04807692307692308
0 0.5114182692307693 0.5276442307692308 0.06850961538461539 0.05528846153846154
