0 0.7457932692307693 0.08834134615384616 0.03966346153846154 0.030048076923076924
0 0.6724759615384616 0.2542067307692308 0.04447115384615385 0.03245192307692308
0 0.6298076923076923 0.8100961538461539 0.09615384615384616 0.057692307692307696
0 0.5757211538461539 0.6117788461538461 0.04567307692307693 0.038461538461538464
0 0.5474759615384616 0.6478365384615385 0.020432692307692308 0.03125
0 0.515625 0.6430288461538461 0.040865384615384616 0.040865384615384616
0 0.4909855769230769 0.5570913461538461 0.046875 0.054086538461538464
0 0.421875 0.8960336538461539 0.07932692307692309 0.109375
0 0.3155048076923077 0.09314903846153846 0.03245192307692308 0.025240384615384616
0 0.27103365384615385 0.11418269230769232 0.037259615384615384 0.026442307692307696
0 0.11658653846153846 0.2878605769230769 0.10576923076923078 0.07091346153846154
0 0.03185096153846154 0.10336538461538462 0.06370192307692309 0.10817307692307693
