0 0.9164663461538463 0.3125 0.1670673076923077 0.16346153846153846
0 0.8828125 0.40685096153846156 0.16947115384615385 0.12139423076923078
0 0.8257211538461539 0.6322115384615385 0.15384615384615385 0.17307692307692307
0 0.709735576923077 0.23858173076923078 0.1310096153846154 0.09735576923076923
0 0.5078125 0.02463942307692308 0.09014423076923077 0.04927884615384616
0 0.4957932692307693 0.03665865384615385 0.09014423076923077 0.058894230769230775
0 0.48137019230769235 0.06129807692307693 0.08052884615384616 0.05528846153846154
0 0.4729567307692308 0.06670673076923077 0.06610576923076923 0.046875
0 0.46634615384615385 0.0811298076923077 0.06730769230769232 0.04927884615384616
0 0.46153846153846156 0.09375 0.07211538461538462 0.04567307692307693
0 0.4591346153846154 0.1045673076923077 0.07211538461538462 0.04567307692307693
0 0.5540865384615385 0.14182692307692307 0.11057692307692309 0.09855769230769232
0 0.3713942307692308 0.5715144230769231 0.06009615384615385 0.058894230769230775
0 0.3106971153846154 0.5432692307692308 0.08533653846153846 0.09615384615384616
0 0.7049278846153847 0.6418269230769231 0.2247596153846154 0.3004807692307693
0 0.7554086538461539 0.7572115384615385 0.15745192307692307 0.17307692307692307
0 0.9849759615384616 0.7307692307692308 0.030048076923076924 0.17307692307692307
