0 0.39543269230769235 0.048677884615384616 0.7908653846153847 0.09735576923076923
0 0.38461538461538464 0.08834134615384616 0.7692307692307693 0.17668269230769232
0 0.7439903846153847 0.02403846153846154 0.5120192307692308 0.04807692307692308
0 0.7049278846153847 0.09014423076923077 0.5901442307692308 0.0625
0 0.6658653846153847 0.15805288461538464 0.6682692307692308 0.07091346153846154
0 0.6268028846153847 0.2217548076923077 0.7463942307692308 0.078125
0 0.5811298076923077 0.29086538461538464 0.8377403846153847 0.08413461538461539
0 0.5354567307692308 0.359375 0.9290865384615385 0.08413461538461539
0 0.5 0.43028846153846156 1.0 0.08413461538461539
0 0.4981971153846154 0.5006009615384616 0.9963942307692308 0.078125
0 0.48137019230769235 0.5721153846153847 0.9627403846153847 0.08173076923076923
0 0.43870192307692313 0.6478365384615385 0.8774038461538463 0.07692307692307693
0 0.3942307692307693 0.7103365384615385 0.7884615384615385 0.07692307692307693
0 0.3581730769230769 0.78125 0.6826923076923077 0.07211538461538462
0 0.3233173076923077 0.8461538461538463 0.576923076923077 0.07211538461538462
0 0.2890625 0.9146634615384616 0.4723557692307693 0.06490384615384616
0 0.2560096153846154 0.9765625 0.37259615384615385 0.046875
