0 0.3659855769230769 0.061899038461538464 0.14543269230769232 0.12379807692307693
0 0.29927884615384615 0.12860576923076925 0.14423076923076925 0.14182692307692307
0 0.9182692307692308 0.12199519230769232 0.16346153846153846 0.1935096153846154
0 0.8701923076923077 0.1466346153846154 0.1514423076923077 0.17548076923076925
0 0.23016826923076925 0.20492788461538464 0.1358173076923077 0.140625
0 0.3545673076923077 0.3623798076923077 0.6225961538461539 0.6117788461538461
0 0.7055288461538461 0.47415865384615385 0.23317307692307693 0.21754807692307693
0 0.7632211538461539 0.530048076923077 0.21634615384615385 0.19951923076923078
0 0.6033653846153847 0.7127403846153847 0.22115384615384617 0.22115384615384617
0 0.46274038461538464 0.850360576923077 0.19951923076923078 0.1935096153846154
0 0.44711538461538464 0.7391826923076924 0.28125 0.2692307692307693
0 0.43870192307692313 0.45793269230769235 0.04807692307692308 0.021634615384615384
0 0.4332932692307693 0.48918269230769235 0.09735576923076923 0.02403846153846154
0 0.41466346153846156 0.515625 0.1201923076923077 0.021634615384615384
0 0.3792067307692308 0.5450721153846154 0.11899038461538462 0.022836538461538464
0 0.3203125 0.6063701923076923 0.12379807692307693 0.025240384615384616
0 0.3515625 0.5751201923076923 0.12139423076923078 0.022836538461538464
0 0.29387019230769235 0.6340144230769231 0.11418269230769232 0.025240384615384616
0 0.2614182692307692 0.6598557692307693 0.12139423076923078 0.02403846153846154
0 0.26021634615384615 0.6887019230769231 0.058894230769230775 0.021634615384615384
0 0.49399038461538464 0.5306490384615384 0.057692307692307696 0.025240384615384616
0 0.4987980769230769 0.553485576923077 0.10336538461538462 0.03245192307692308
0 0.48497596153846156 0.5739182692307693 0.10216346153846155 0.02764423076923077
0 0.4639423076923077 0.5901442307692308 0.10817307692307693 0.028846153846153848
0 0.4405048076923077 0.6087740384615385 0.11177884615384616 0.030048076923076924
0 0.42728365384615385 0.623798076923077 0.10697115384615385 0.03365384615384616
0 0.4098557692307693 0.6430288461538461 0.10817307692307693 0.028846153846153848
0 0.3918269230769231 0.6592548076923077 0.09375 0.02764423076923077
0 0.3762019230769231 0.6790865384615385 0.10817307692307693 0.02403846153846154
0 0.3527644230769231 0.6959134615384616 0.11177884615384616 0.03125
0 0.3293269230769231 0.7127403846153847 0.10817307692307693 0.026442307692307696
0 0.3185096153846154 0.7536057692307693 0.06490384615384616 0.021634615384615384
0 0.3185096153846154 0.7764423076923077 0.03365384615384616 0.019230769230769232
0 0.3197115384615385 0.7325721153846154 0.10336538461538462 0.030048076923076924
