0 0.13401442307692307 0.013822115384615386 0.12139423076923078 0.02764423076923077
0 0.20072115384615385 0.10276442307692309 0.08173076923076923 0.09495192307692309
0 0.5787259615384616 0.18149038461538464 0.042067307692307696 0.08173076923076923
0 0.6953125 0.17127403846153846 0.058894230769230775 0.04927884615384616
0 0.4561298076923077 0.9729567307692308 0.058894230769230775 0.054086538461538464
0 0.40324519230769235 0.9813701923076924 0.04927884615384616 0.037259615384615384
0 0.3347355769230769 0.26802884615384615 0.04447115384615385 0.06730769230769232
0 0.3527644230769231 0.2560096153846154 0.058894230769230775 0.08173076923076923
0 0.09795673076923077 0.32992788461538464 0.03245192307692308 0.022836538461538464
0 0.8521634615384616 0.8299278846153847 0.06971153846153846 0.018028846153846156
