0 0.8185096153846154 0.4909855769230769 0.05288461538461539 0.054086538461538464
0 0.7752403846153847 0.5871394230769231 0.07451923076923077 0.0733173076923077
0 0.717548076923077 0.4981971153846154 0.04567307692307693 0.04447115384615385
0 0.6616586538461539 0.4483173076923077 0.04447115384615385 0.04326923076923077
0 0.4747596153846154 0.20853365384615385 0.040865384615384616 0.046875
0 0.33293269230769235 0.3900240384615385 0.06009615384615385 0.030048076923076924
0 0.2764423076923077 0.34615384615384615 0.06490384615384616 0.03605769230769231
0 0.2722355769230769 0.4669471153846154 0.12139423076923078 0.1045673076923077
0 0.13401442307692307 0.030649038461538464 0.08293269230769232 0.06129807692307693
0 0.006610576923076924 0.7157451923076924 0.013221153846153848 0.03966346153846154
