0 0.05829326923076923 0.09615384615384616 0.037259615384615384 0.028846153846153848
0 0.11298076923076923 0.1388221153846154 0.07932692307692309 0.07572115384615385
0 0.9020432692307693 0.4831730769230769 0.09014423076923077 0.0625
0 0.8900240384615385 0.5018028846153847 0.09014423076923077 0.058894230769230775
0 0.8756009615384616 0.5264423076923077 0.08052884615384616 0.05528846153846154
0 0.8671875 0.5318509615384616 0.06610576923076923 0.046875
0 0.8605769230769231 0.5462740384615385 0.06730769230769232 0.04927884615384616
0 0.8557692307692308 0.5588942307692308 0.07211538461538462 0.04567307692307693
0 0.8533653846153847 0.5697115384615385 0.07211538461538462 0.04567307692307693
0 0.9465144230769231 0.6069711538461539 0.10697115384615385 0.09855769230769232
0 0.7049278846153847 0.9801682692307693 0.08533653846153846 0.03966346153846154
0 0.5528846153846154 0.3587740384615385 0.12740384615384617 0.09495192307692309
