0 0.7632211538461539 0.19290865384615385 0.08413461538461539 0.054086538461538464
0 0.6688701923076923 0.2686298076923077 0.06370192307692309 0.06129807692307693
0 0.6844951923076923 0.3233173076923077 0.06610576923076923 0.08173076923076923
0 0.701923076923077 0.3936298076923077 0.07451923076923077 0.07572115384615385
0 0.7247596153846154 0.4591346153846154 0.06971153846153846 0.07932692307692309
0 0.7397836538461539 0.5306490384615384 0.06370192307692309 0.078125
0 0.7560096153846154 0.5979567307692308 0.06971153846153846 0.0733173076923077
0 0.7776442307692308 0.6658653846153847 0.06971153846153846 0.08173076923076923
0 0.7079326923076924 0.6850961538461539 0.09375 0.0889423076923077
0 0.6850961538461539 0.6219951923076923 0.09855769230769232 0.09014423076923077
0 0.6676682692307693 0.5510817307692308 0.09735576923076923 0.09014423076923077
0 0.655048076923077 0.47716346153846156 0.09134615384615385 0.07932692307692309
0 0.6460336538461539 0.4152644230769231 0.078125 0.08774038461538462
0 0.6268028846153847 0.34375 0.06850961538461539 0.07932692307692309
0 0.6322115384615385 0.28605769230769235 0.026442307692307696 0.04326923076923077
0 0.1887019230769231 0.27403846153846156 0.08173076923076923 0.07692307692307693
