0 0.20552884615384617 0.16286057692307693 0.41105769230769235 0.32572115384615385
0 0.45072115384615385 0.13161057692307693 0.23317307692307693 0.21754807692307693
0 0.5084134615384616 0.1875 0.21634615384615385 0.19951923076923078
0 0.34855769230769235 0.3701923076923077 0.22115384615384617 0.22115384615384617
0 0.20793269230769232 0.5078125 0.19951923076923078 0.1935096153846154
0 0.19230769230769232 0.3966346153846154 0.28125 0.2692307692307693
0 0.18389423076923078 0.11538461538461539 0.04807692307692308 0.021634615384615384
0 0.17848557692307693 0.1466346153846154 0.09735576923076923 0.02403846153846154
0 0.15985576923076925 0.17307692307692307 0.1201923076923077 0.021634615384615384
0 0.12439903846153846 0.20252403846153846 0.11899038461538462 0.022836538461538464
0 0.0655048076923077 0.2638221153846154 0.12379807692307693 0.025240384615384616
0 0.0967548076923077 0.2325721153846154 0.12139423076923078 0.022836538461538464
0 0.04807692307692308 0.29146634615384615 0.09615384615384616 0.025240384615384616
0 0.03365384615384616 0.31730769230769235 0.06730769230769232 0.02403846153846154
0 0.017427884615384616 0.34615384615384615 0.03485576923076923 0.021634615384615384
0 0.23918269230769232 0.18810096153846154 0.057692307692307696 0.025240384615384616
0 0.24399038461538464 0.2109375 0.10336538461538462 0.03245192307692308
0 0.23016826923076925 0.23137019230769232 0.10216346153846155 0.02764423076923077
0 0.2091346153846154 0.24759615384615385 0.10817307692307693 0.028846153846153848
0 0.1856971153846154 0.26622596153846156 0.11177884615384616 0.030048076923076924
0 0.17247596153846154 0.28125 0.10697115384615385 0.03365384615384616
0 0.15504807692307693 0.3004807692307693 0.10817307692307693 0.028846153846153848
0 0.13701923076923078 0.3167067307692308 0.09375 0.02764423076923077
0 0.12139423076923078 0.33653846153846156 0.10817307692307693 0.02403846153846154
0 0.09795673076923077 0.35336538461538464 0.11177884615384616 0.03125
0 0.07451923076923077 0.3701923076923077 0.10817307692307693 0.026442307692307696
0 0.06370192307692309 0.41105769230769235 0.06490384615384616 0.021634615384615384
0 0.06370192307692309 0.4338942307692308 0.03365384615384616 0.019230769230769232
0 0.06490384615384616 0.3900240384615385 0.10336538461538462 0.030048076923076924
