0 0.171875 0.6346153846153847 0.11057692307692309 0.07932692307692309
0 0.29447115384615385 0.2403846153846154 0.13701923076923078 0.08653846153846154
0 0.39122596153846156 0.2481971153846154 0.08293269230769232 0.06129807692307693
0 0.34555288461538464 0.5558894230769231 0.042067307692307696 0.030048076923076924
0 0.6328125 0.3539663461538462 0.042067307692307696 0.030048076923076924
0 0.5528846153846154 0.905048076923077 0.06730769230769232 0.06490384615384616
0 0.53125 0.881610576923077 0.06971153846153846 0.054086538461538464
0 0.6887019230769231 0.7403846153846154 0.07932692307692309 0.07932692307692309
0 0.7427884615384616 0.7127403846153847 0.07932692307692309 0.08173076923076923
0 0.7181490384615385 0.3323317307692308 0.042067307692307696 0.03245192307692308
