0 0.03665865384615385 0.10396634615384616 0.0733173076923077 0.16466346153846154
0 0.015024038461538462 0.20673076923076925 0.030048076923076924 0.21875
0 0.24158653846153846 0.5835336538461539 0.125 0.10216346153846155
0 0.3155048076923077 0.5264423076923077 0.09735576923076923 0.11778846153846155
0 0.25841346153846156 0.6610576923076923 0.12740384615384617 0.10336538461538462
1 0.3275240384615385 0.6165865384615385 0.058894230769230775 0.05048076923076923
0 0.4134615384615385 0.7073317307692308 0.03125 0.042067307692307696
0 0.2950721153846154 0.7127403846153847 0.15264423076923078 0.12980769230769232
0 0.3185096153846154 0.8028846153846154 0.19951923076923078 0.21634615384615385
0 0.23497596153846156 0.8245192307692308 0.06610576923076923 0.06490384615384616
0 0.4603365384615385 0.7764423076923077 0.09134615384615385 0.12259615384615385
1 0.41887019230769235 0.8569711538461539 0.11658653846153846 0.11057692307692309
0 0.0889423076923077 0.3467548076923077 0.15865384615384617 0.15745192307692307
0 0.2433894230769231 0.3479567307692308 0.15504807692307693 0.15504807692307693
