0 0.01201923076923077 0.11418269230769232 0.02403846153846154 0.05048076923076923
0 0.03665865384615385 0.14543269230769232 0.06129807692307693 0.06009615384615385
0 0.08233173076923077 0.18028846153846154 0.06370192307692309 0.06009615384615385
0 0.13040865384615385 0.21454326923076925 0.06610576923076923 0.056490384615384616
0 0.057692307692307696 0.2217548076923077 0.06009615384615385 0.04927884615384616
0 0.09795673076923077 0.2542067307692308 0.042067307692307696 0.037259615384615384
0 0.009014423076923078 0.25 0.018028846153846156 0.038461538461538464
0 0.04146634615384616 0.2794471153846154 0.05168269230769231 0.05168269230769231
0 0.018629807692307692 0.3125 0.037259615384615384 0.04326923076923077
0 0.38822115384615385 0.4495192307692308 0.05288461538461539 0.05048076923076923
0 0.3557692307692308 0.4903846153846154 0.05288461538461539 0.05288461538461539
0 0.3359375 0.5150240384615384 0.042067307692307696 0.03966346153846154
0 0.3215144230769231 0.5805288461538461 0.0733173076923077 0.06009615384615385
0 0.2920673076923077 0.6183894230769231 0.05528846153846154 0.06370192307692309
0 0.34615384615384615 0.6622596153846154 0.08653846153846154 0.07692307692307693
0 0.3942307692307693 0.6436298076923077 0.06490384615384616 0.05168269230769231
0 0.46213942307692313 0.46274038461538464 0.07091346153846154 0.06490384615384616
0 0.5084134615384616 0.5042067307692308 0.040865384615384616 0.037259615384615384
0 0.48918269230769235 0.5294471153846154 0.05048076923076923 0.04927884615384616
0 0.43810096153846156 0.4951923076923077 0.08293269230769232 0.07451923076923077
0 0.4122596153846154 0.5324519230769231 0.08173076923076923 0.06730769230769232
0 0.3864182692307693 0.5588942307692308 0.06850961538461539 0.06009615384615385
0 0.47055288461538464 0.5763221153846154 0.0733173076923077 0.06850961538461539
0 0.4489182692307693 0.6075721153846154 0.06850961538461539 0.054086538461538464
0 0.53125 0.6231971153846154 0.07451923076923077 0.07091346153846154
0 0.5048076923076923 0.6520432692307693 0.06971153846153846 0.06129807692307693
0 0.6009615384615385 0.5739182692307693 0.03365384615384616 0.03485576923076923
0 0.6219951923076923 0.6370192307692308 0.0733173076923077 0.07451923076923077
0 0.6460336538461539 0.609375 0.06850961538461539 0.05528846153846154
0 0.6923076923076923 0.6436298076923077 0.040865384615384616 0.03966346153846154
0 0.670673076923077 0.6736778846153847 0.05528846153846154 0.05168269230769231
0 0.6388221153846154 0.7061298076923077 0.054086538461538464 0.046875
0 0.5919471153846154 0.6760817307692308 0.0733173076923077 0.06850961538461539
0 0.6177884615384616 0.7403846153846154 0.04807692307692308 0.038461538461538464
0 0.5661057692307693 0.7025240384615385 0.07211538461538462 0.06129807692307693
0 0.6009615384615385 0.7992788461538461 0.04567307692307693 0.05048076923076923
0 0.5576923076923077 0.8449519230769231 0.05288461538461539 0.06490384615384616
0 0.9705528846153847 0.0811298076923077 0.056490384615384616 0.08052884615384616
0 0.17548076923076925 0.9411057692307693 0.028846153846153848 0.026442307692307696
