2 0.38341346153846156 0.5234375 0.038461538461538464 0.03966346153846154
0 0.4362980769230769 0.7962740384615385 0.11538461538461539 0.14543269230769232
0 0.26322115384615385 0.6574519230769231 0.03125 0.03365384615384616
0 0.5102163461538461 0.8683894230769231 0.07091346153846154 0.020432692307692308
0 0.5174278846153847 0.8804086538461539 0.08774038461538462 0.022836538461538464
0 0.5288461538461539 0.8918269230769231 0.07692307692307693 0.021634615384615384
0 0.537860576923077 0.9122596153846154 0.054086538461538464 0.019230769230769232
0 0.7127403846153847 0.9308894230769231 0.040865384615384616 0.03485576923076923
0 0.7307692307692308 0.7283653846153847 0.13461538461538464 0.11538461538461539
0 0.9182692307692308 0.8010817307692308 0.026442307692307696 0.03485576923076923
