0 0.24098557692307693 0.43870192307692313 0.025240384615384616 0.026442307692307696
0 0.2728365384615385 0.4405048076923077 0.02403846153846154 0.025240384615384616
0 0.3082932692307693 0.4453125 0.022836538461538464 0.02764423076923077
0 0.1983173076923077 0.4561298076923077 0.028846153846153848 0.018028846153846156
0 0.19771634615384617 0.4807692307692308 0.02764423076923077 0.014423076923076924
0 0.28665865384615385 0.46634615384615385 0.14783653846153846 0.026442307692307696
0 0.2884615384615385 0.48918269230769235 0.1466346153846154 0.026442307692307696
0 0.9350961538461539 0.2121394230769231 0.03605769230769231 0.025240384615384616
0 0.9513221153846154 0.23137019230769232 0.054086538461538464 0.030048076923076924
0 0.9627403846153847 0.24759615384615385 0.07451923076923077 0.03365384615384616
0 0.9639423076923077 0.26622596153846156 0.07211538461538462 0.03966346153846154
0 0.9669471153846154 0.28605769230769235 0.06610576923076923 0.03605769230769231
0 0.967548076923077 0.3046875 0.06490384615384616 0.037259615384615384
0 0.9681490384615385 0.32271634615384615 0.06370192307692309 0.03245192307692308
0 0.9705528846153847 0.3425480769230769 0.058894230769230775 0.03605769230769231
0 0.9723557692307693 0.3617788461538462 0.05528846153846154 0.03605769230769231
0 0.9747596153846154 0.37980769230769235 0.05048076923076923 0.03605769230769231
0 0.9759615384615385 0.3978365384615385 0.04807692307692308 0.03605769230769231
0 0.9759615384615385 0.4182692307692308 0.04807692307692308 0.03605769230769231
0 0.9789663461538463 0.43870192307692313 0.042067307692307696 0.03365384615384616
0 0.9819711538461539 0.4825721153846154 0.03605769230769231 0.03245192307692308
0 0.9867788461538463 0.5240384615384616 0.026442307692307696 0.03605769230769231
0 0.9921875 0.5667067307692308 0.015625 0.03245192307692308
