0 0.43449519230769235 0.4561298076923077 0.1310096153846154 0.11899038461538462
0 0.4795673076923077 0.5126201923076923 0.04807692307692308 0.05168269230769231
0 0.6033653846153847 0.39543269230769235 0.05528846153846154 0.05048076923076923
0 0.6436298076923077 0.42668269230769235 0.06129807692307693 0.06009615384615385
0 0.6893028846153847 0.46153846153846156 0.06370192307692309 0.06009615384615385
0 0.7373798076923077 0.4957932692307693 0.06610576923076923 0.056490384615384616
0 0.6646634615384616 0.5030048076923077 0.06009615384615385 0.04927884615384616
0 0.7049278846153847 0.5354567307692308 0.042067307692307696 0.037259615384615384
0 0.6063701923076923 0.53125 0.037259615384615384 0.038461538461538464
0 0.5817307692307693 0.5606971153846154 0.04326923076923077 0.042067307692307696
0 0.6484375 0.5606971153846154 0.05168269230769231 0.05168269230769231
0 0.6183894230769231 0.59375 0.05168269230769231 0.04326923076923077
0 0.984375 0.7307692307692308 0.03125 0.05048076923076923
0 0.9627403846153847 0.7716346153846154 0.05288461538461539 0.05288461538461539
0 0.9429086538461539 0.7962740384615385 0.042067307692307696 0.03966346153846154
0 0.928485576923077 0.8617788461538463 0.0733173076923077 0.06009615384615385
0 0.8990384615384616 0.8996394230769231 0.05528846153846154 0.06370192307692309
0 0.953125 0.9435096153846154 0.08653846153846154 0.07692307692307693
0 0.984375 0.9248798076923077 0.03125 0.05168269230769231
0 0.9891826923076924 0.8137019230769231 0.021634615384615384 0.06730769230769232
0 0.9795673076923077 0.8401442307692308 0.040865384615384616 0.06009615384615385
0 0.5114182692307693 0.4753605769230769 0.04447115384615385 0.042067307692307696
