0 0.5877403846153847 0.03545673076923077 0.04807692307692308 0.02764423076923077
0 0.34915865384615385 0.07211538461538462 0.022836538461538464 0.04326923076923077
0 0.31490384615384615 0.06911057692307693 0.026442307692307696 0.04927884615384616
0 0.3401442307692308 0.3353365384615385 0.0625 0.021634615384615384
0 0.1983173076923077 0.34074519230769235 0.06009615384615385 0.054086538461538464
0 0.19230769230769232 0.05949519230769231 0.11778846153846155 0.058894230769230775
0 0.5342548076923077 0.6875 0.07091346153846154 0.05288461538461539
0 0.5733173076923077 0.6754807692307693 0.04807692307692308 0.06971153846153846
0 0.5114182692307693 0.6490384615384616 0.04447115384615385 0.07692307692307693
0 0.6766826923076923 0.7229567307692308 0.06009615384615385 0.03485576923076923
0 0.4903846153846154 0.04927884615384616 0.026442307692307696 0.040865384615384616
0 0.1201923076923077 0.3401442307692308 0.09615384615384616 0.05048076923076923
0 0.21454326923076925 0.9411057692307693 0.042067307692307696 0.021634615384615384
