0 0.006009615384615385 0.4681490384615385 0.01201923076923077 0.02764423076923077
0 0.026442307692307696 0.48918269230769235 0.05288461538461539 0.026442307692307696
0 0.027043269230769232 0.5120192307692308 0.054086538461538464 0.026442307692307696
0 0.6274038461538461 0.23497596153846156 0.03605769230769231 0.025240384615384616
0 0.6436298076923077 0.2542067307692308 0.054086538461538464 0.030048076923076924
0 0.662860576923077 0.27043269230769235 0.09014423076923077 0.03365384615384616
0 0.6754807692307693 0.2890625 0.11057692307692309 0.03966346153846154
0 0.6802884615384616 0.3088942307692308 0.10817307692307693 0.03605769230769231
0 0.6832932692307693 0.3275240384615385 0.11177884615384616 0.037259615384615384
0 0.6844951923076923 0.34555288461538464 0.11177884615384616 0.03245192307692308
0 0.6875 0.3653846153846154 0.10817307692307693 0.03605769230769231
0 0.694110576923077 0.38461538461538464 0.11418269230769232 0.03605769230769231
0 0.6959134615384616 0.4026442307692308 0.10817307692307693 0.03605769230769231
0 0.6971153846153847 0.4206730769230769 0.10576923076923078 0.03605769230769231
0 0.7007211538461539 0.4411057692307693 0.11298076923076923 0.03605769230769231
0 0.7055288461538461 0.46153846153846156 0.11057692307692309 0.03365384615384616
0 0.7121394230769231 0.5054086538461539 0.11177884615384616 0.03245192307692308
0 0.71875 0.546875 0.10576923076923078 0.03605769230769231
0 0.7115384615384616 0.5895432692307693 0.06971153846153846 0.03245192307692308
