0 0.8960336538461539 0.012620192307692308 0.08533653846153846 0.025240384615384616
0 0.7133413461538461 0.01682692307692308 0.09975961538461539 0.03365384615384616
0 0.6388221153846154 0.030048076923076924 0.09495192307692309 0.06009615384615385
0 0.8179086538461539 0.034254807692307696 0.08533653846153846 0.06850961538461539
0 0.5625 0.04447115384615385 0.10096153846153846 0.0889423076923077
0 0.9777644230769231 0.040865384615384616 0.04447115384615385 0.08173076923076923
0 0.9939903846153847 0.11117788461538462 0.01201923076923077 0.09975961538461539
0 0.9290865384615385 0.06430288461538462 0.08653846153846154 0.09495192307692309
0 0.9549278846153847 0.13942307692307693 0.09014423076923077 0.10817307692307693
0 0.9729567307692308 0.2217548076923077 0.054086538461538464 0.09254807692307693
0 0.9254807692307693 0.25180288461538464 0.09615384615384616 0.09495192307692309
0 0.8551682692307693 0.0967548076923077 0.09735576923076923 0.09014423076923077
0 0.8876201923076924 0.16826923076923078 0.09495192307692309 0.10336538461538462
0 0.7451923076923077 0.05288461538461539 0.09134615384615385 0.09134615384615385
0 0.7830528846153847 0.125 0.08533653846153846 0.09134615384615385
0 0.8167067307692308 0.20372596153846154 0.09735576923076923 0.10697115384615385
0 0.6736778846153847 0.08353365384615385 0.09014423076923077 0.09975961538461539
0 0.701923076923077 0.16045673076923078 0.08173076923076923 0.09735576923076923
0 0.7421875 0.23978365384615385 0.10216346153846155 0.1045673076923077
0 0.6027644230769231 0.11838942307692309 0.08293269230769232 0.09975961538461539
0 0.48557692307692313 0.07151442307692309 0.09855769230769232 0.11418269230769232
0 0.5210336538461539 0.14903846153846154 0.09254807692307693 0.09855769230769232
0 0.6352163461538461 0.19411057692307693 0.08293269230769232 0.09495192307692309
0 0.662860576923077 0.2722355769230769 0.10216346153846155 0.109375
0 0.5913461538461539 0.3040865384615385 0.10336538461538462 0.11778846153846155
0 0.5594951923076923 0.22896634615384617 0.1045673076923077 0.10697115384615385
0 0.6802884615384616 0.42668269230769235 0.09855769230769232 0.13461538461538464
0 0.6328125 0.4477163461538462 0.09735576923076923 0.1358173076923077
