0 0.6201923076923077 0.01682692307692308 0.10336538461538462 0.03365384615384616
0 0.765625 0.04387019230769231 0.1514423076923077 0.08774038461538462
0 0.7974759615384616 0.11658653846153846 0.11899038461538462 0.12980769230769232
0 0.875 0.12139423076923078 0.11057692307692309 0.11298076923076923
0 0.9056490384615385 0.19110576923076925 0.11658653846153846 0.10576923076923078
0 0.6646634615384616 0.07091346153846154 0.09855769230769232 0.1201923076923077
0 0.703125 0.16105769230769232 0.09134615384615385 0.11298076923076923
0 0.8209134615384616 0.21334134615384617 0.11057692307692309 0.11418269230769232
0 0.8497596153846154 0.2890625 0.09855769230769232 0.10216346153846155
0 0.8888221153846154 0.3671875 0.09495192307692309 0.09735576923076923
0 0.5763221153846154 0.0733173076923077 0.109375 0.12980769230769232
0 0.5180288461538461 0.10216346153846155 0.07932692307692309 0.12259615384615385
0 0.5522836538461539 0.21574519230769232 0.09735576923076923 0.13341346153846154
0 0.6310096153846154 0.18449519230769232 0.10096153846153846 0.1310096153846154
0 0.7475961538461539 0.2451923076923077 0.09855769230769232 0.10576923076923078
0 0.6694711538461539 0.27884615384615385 0.09375 0.10336538461538462
0 0.7758413461538461 0.32512019230769235 0.08533653846153846 0.10697115384615385
0 0.7037259615384616 0.34855769230769235 0.08533653846153846 0.08653846153846154
0 0.5949519230769231 0.30949519230769235 0.09134615384615385 0.10697115384615385
0 0.47415865384615385 0.22235576923076925 0.09735576923076923 0.08653846153846154
0 0.48978365384615385 0.2734375 0.08774038461538462 0.08293269230769232
0 0.3984375 0.2512019230769231 0.08774038461538462 0.08173076923076923
0 0.42247596153846156 0.3112980769230769 0.09014423076923077 0.08173076923076923
0 0.5210336538461539 0.3449519230769231 0.09975961538461539 0.11057692307692309
0 0.44651442307692313 0.3731971153846154 0.09495192307692309 0.10697115384615385
0 0.6256009615384616 0.3936298076923077 0.08533653846153846 0.08293269230769232
0 0.3701923076923077 0.40324519230769235 0.10096153846153846 0.1045673076923077
0 0.8052884615384616 0.40024038461538464 0.08413461538461539 0.09615384615384616
0 0.9212740384615385 0.4417067307692308 0.1045673076923077 0.11418269230769232
0 0.8449519230769231 0.47776442307692313 0.09855769230769232 0.09975961538461539
0 0.7367788461538461 0.43088942307692313 0.08653846153846154 0.09495192307692309
0 0.7686298076923077 0.5060096153846154 0.10216346153846155 0.10817307692307693
0 0.7998798076923077 0.5883413461538461 0.09254807692307693 0.09254807692307693
0 0.733173076923077 0.6183894230769231 0.09615384615384616 0.09495192307692309
0 0.662860576923077 0.4633413461538462 0.09735576923076923 0.09014423076923077
0 0.6953125 0.5348557692307693 0.09495192307692309 0.10336538461538462
0 0.5528846153846154 0.41947115384615385 0.09134615384615385 0.09134615384615385
0 0.5907451923076923 0.4915865384615385 0.08533653846153846 0.09134615384615385
0 0.6243990384615385 0.5703125 0.09735576923076923 0.10697115384615385
0 0.48137019230769235 0.45012019230769235 0.09014423076923077 0.09975961538461539
0 0.5096153846153847 0.5270432692307693 0.08173076923076923 0.09735576923076923
0 0.5498798076923077 0.6063701923076923 0.10216346153846155 0.1045673076923077
0 0.4104567307692308 0.48497596153846156 0.08293269230769232 0.09975961538461539
0 0.2932692307692308 0.43810096153846156 0.09855769230769232 0.11418269230769232
0 0.32872596153846156 0.515625 0.09254807692307693 0.09855769230769232
0 0.44290865384615385 0.5606971153846154 0.08293269230769232 0.09495192307692309
0 0.47055288461538464 0.6388221153846154 0.10216346153846155 0.109375
0 0.39903846153846156 0.670673076923077 0.10336538461538462 0.11778846153846155
0 0.3671875 0.5955528846153847 0.1045673076923077 0.10697115384615385
0 0.4879807692307693 0.7932692307692308 0.09855769230769232 0.13461538461538464
0 0.4405048076923077 0.8143028846153847 0.09735576923076923 0.1358173076923077
