0 0.4759615384615385 0.3010817307692308 0.04326923076923077 0.05168269230769231
0 0.4633413461538462 0.31430288461538464 0.046875 0.046875
0 0.4447115384615385 0.3275240384615385 0.05288461538461539 0.04447115384615385
0 0.4332932692307693 0.3395432692307693 0.042067307692307696 0.042067307692307696
0 0.4164663461538462 0.3545673076923077 0.042067307692307696 0.040865384615384616
0 0.48497596153846156 0.8100961538461539 0.1045673076923077 0.12980769230769232
0 0.7632211538461539 0.7836538461538461 0.10817307692307693 0.10576923076923078
0 0.8215144230769231 0.8359375 0.06610576923076923 0.0733173076923077
0 0.9116586538461539 0.8882211538461539 0.11177884615384616 0.125
0 0.04146634615384616 0.23016826923076925 0.08293269230769232 0.078125
0 0.07211538461538462 0.19290865384615385 0.08413461538461539 0.06610576923076923
