0 0.9212740384615385 0.6929086538461539 0.15745192307692307 0.1358173076923077
0 0.7439903846153847 0.4014423076923077 0.1466346153846154 0.09134615384615385
0 0.6231971153846154 0.35637019230769235 0.1310096153846154 0.08774038461538462
0 0.46875 0.3245192307692308 0.15384615384615385 0.08653846153846154
0 0.5859375 0.29086538461538464 0.06370192307692309 0.06009615384615385
0 0.5390625 0.2770432692307693 0.078125 0.06610576923076923
0 0.46634615384615385 0.25480769230769235 0.10576923076923078 0.08413461538461539
0 0.37680288461538464 0.22716346153846156 0.09975961538461539 0.07692307692307693
0 0.36778846153846156 0.2794471153846154 0.10817307692307693 0.06850961538461539
0 0.4140625 0.46875 0.26322115384615385 0.1201923076923077
0 0.07091346153846154 0.21935096153846156 0.14182692307692307 0.11658653846153846
0 0.19230769230769232 0.2578125 0.12980769230769232 0.10216346153846155
