0 0.4915865384615385 0.0234375 0.04807692307692308 0.02764423076923077
0 0.2530048076923077 0.06009615384615385 0.022836538461538464 0.04326923076923077
0 0.21875 0.05709134615384616 0.026442307692307696 0.04927884615384616
0 0.24399038461538464 0.3233173076923077 0.0625 0.021634615384615384
0 0.10216346153846155 0.32872596153846156 0.06009615384615385 0.054086538461538464
0 0.09615384615384616 0.04747596153846154 0.11778846153846155 0.058894230769230775
0 0.43810096153846156 0.6754807692307693 0.07091346153846154 0.05288461538461539
0 0.47716346153846156 0.6634615384615385 0.04807692307692308 0.06971153846153846
0 0.4152644230769231 0.6370192307692308 0.04447115384615385 0.07692307692307693
0 0.5805288461538461 0.7109375 0.06009615384615385 0.03485576923076923
0 0.3942307692307693 0.037259615384615384 0.026442307692307696 0.040865384615384616
0 0.03605769230769231 0.328125 0.07211538461538462 0.05048076923076923
0 0.11838942307692309 0.9290865384615385 0.042067307692307696 0.021634615384615384
