0 0.06129807692307693 0.3701923076923077 0.12259615384615385 0.14903846153846154
0 0.9651442307692308 0.03966346153846154 0.06971153846153846 0.07932692307692309
0 0.9417067307692308 0.1280048076923077 0.11658653846153846 0.21514423076923078
0 0.9350961538461539 0.17908653846153846 0.12980769230769232 0.22115384615384617
0 0.8617788461538463 0.16346153846153846 0.0625 0.07692307692307693
0 0.42307692307692313 0.4753605769230769 0.03125 0.030048076923076924
0 0.3347355769230769 0.4987980769230769 0.07091346153846154 0.06730769230769232
0 0.36418269230769235 0.5150240384615384 0.06490384615384616 0.0733173076923077
0 0.9627403846153847 0.8774038461538463 0.07451923076923077 0.1875
0 0.8786057692307693 0.8233173076923077 0.06009615384615385 0.10096153846153846
0 0.842548076923077 0.8846153846153847 0.0889423076923077 0.06971153846153846
0 0.7932692307692308 0.9825721153846154 0.09375 0.03485576923076923
0 0.6334134615384616 0.6953125 0.09615384615384616 0.09254807692307693
0 0.7325721153846154 0.5991586538461539 0.1622596153846154 0.15985576923076925
0 0.3762019230769231 0.6646634615384616 0.16105769230769232 0.15384615384615385
0 0.5949519230769231 0.018028846153846156 0.08173076923076923 0.03605769230769231
0 0.5480769230769231 0.01682692307692308 0.04326923076923077 0.03365384615384616
