0 0.49399038461538464 0.22115384615384617 0.09375 0.09615384615384616
0 0.3473557692307693 0.44711538461538464 0.08173076923076923 0.09134615384615385
0 0.5721153846153847 0.35336538461538464 0.05288461538461539 0.038461538461538464
0 0.6448317307692308 0.4092548076923077 0.09014423076923077 0.078125
0 0.32512019230769235 0.6418269230769231 0.058894230769230775 0.05048076923076923
0 0.9933894230769231 0.8197115384615385 0.013221153846153848 0.07932692307692309
0 0.9759615384615385 0.7313701923076924 0.04807692307692308 0.058894230769230775
0 0.912860576923077 0.7007211538461539 0.11658653846153846 0.12259615384615385
0 0.6274038461538461 0.9543269230769231 0.06730769230769232 0.09134615384615385
0 0.28605769230769235 0.7127403846153847 0.028846153846153848 0.04326923076923077
0 0.2512019230769231 0.7193509615384616 0.02403846153846154 0.030048076923076924
