0 0.890625 0.013822115384615386 0.21875 0.02764423076923077
0 0.8786057692307693 0.038461538461538464 0.24278846153846156 0.026442307692307696
0 0.8623798076923077 0.0625 0.27524038461538464 0.026442307692307696
0 0.8557692307692308 0.08954326923076923 0.2884615384615385 0.02764423076923077
0 0.8479567307692308 0.10997596153846155 0.3040865384615385 0.025240384615384616
0 0.834735576923077 0.13641826923076925 0.2848557692307693 0.030048076923076924
0 0.826923076923077 0.15985576923076925 0.2572115384615385 0.021634615384615384
0 0.8377403846153847 0.1887019230769231 0.19230769230769232 0.026442307692307696
0 0.8275240384615385 0.21153846153846156 0.140625 0.019230769230769232
0 0.8257211538461539 0.23978365384615385 0.09855769230769232 0.020432692307692308
0 0.8293269230769231 0.26622596153846156 0.06009615384615385 0.020432692307692308
0 0.6580528846153847 0.01201923076923077 0.20552884615384617 0.02403846153846154
0 0.6592548076923077 0.04387019230769231 0.140625 0.020432692307692308
0 0.6598557692307693 0.07692307692307693 0.07692307692307693 0.021634615384615384
0 0.26622596153846156 0.22896634615384617 0.16947115384615385 0.171875
0 0.4152644230769231 0.4254807692307693 0.1935096153846154 0.19711538461538464
0 0.3245192307692308 0.5078125 0.19230769230769232 0.1983173076923077
0 0.2217548076923077 0.5901442307692308 0.19591346153846154 0.19230769230769232
0 0.5655048076923077 0.5859375 0.07572115384615385 0.03245192307692308
0 0.5582932692307693 0.6129807692307693 0.1045673076923077 0.04326923076923077
0 0.5516826923076923 0.6376201923076923 0.1514423076923077 0.054086538461538464
0 0.5396634615384616 0.6652644230769231 0.2139423076923077 0.06370192307692309
0 0.5324519230769231 0.6905048076923077 0.2644230769230769 0.0733173076923077
0 0.12620192307692307 0.670673076923077 0.19711538461538464 0.19951923076923078
0 0.06430288461538462 0.7554086538461539 0.12860576923076925 0.19591346153846154
0 0.5168269230769231 0.7181490384615385 0.3245192307692308 0.09254807692307693
0 0.5204326923076923 0.7391826923076924 0.3509615384615385 0.09134615384615385
0 0.576923076923077 0.7530048076923077 0.2692307692307693 0.07572115384615385
0 0.5823317307692308 0.7734375 0.28966346153846156 0.08533653846153846
0 0.5150240384615384 0.8094951923076924 0.2512019230769231 0.07091346153846154
0 0.5889423076923077 0.8407451923076924 0.2932692307692308 0.08052884615384616
0 0.5649038461538461 0.8683894230769231 0.2451923076923077 0.0733173076923077
0 0.5558894230769231 0.8924278846153847 0.18149038461538464 0.054086538461538464
0 0.5408653846153847 0.9170673076923077 0.12740384615384617 0.040865384615384616
0 0.7163461538461539 0.9477163461538463 0.3269230769230769 0.08533653846153846
0 0.7235576923076924 0.9627403846153847 0.35336538461538464 0.07451923076923077
0 0.7379807692307693 0.9735576923076924 0.34855769230769235 0.05288461538461539
0 0.7572115384615385 0.9837740384615385 0.3509615384615385 0.03245192307692308
0 0.7764423076923077 0.9921875 0.3557692307692308 0.015625
