0 0.8960336538461539 0.3930288461538462 0.05168269230769231 0.04326923076923077
0 0.8371394230769231 0.5042067307692308 0.11418269230769232 0.11177884615384616
0 0.4885817307692308 0.48978365384615385 0.15504807692307693 0.12620192307692307
0 0.3467548076923077 0.5655048076923077 0.16466346153846154 0.12379807692307693
0 0.06971153846153846 0.8689903846153847 0.13942307692307693 0.13942307692307693
0 0.17728365384615385 0.7950721153846154 0.15024038461538464 0.12139423076923078
0 0.7151442307692308 0.7668269230769231 0.06490384615384616 0.07451923076923077
0 0.6442307692307693 0.803485576923077 0.05048076923076923 0.07572115384615385
0 0.5516826923076923 0.875 0.20192307692307693 0.14903846153846154
0 0.3731971153846154 0.912860576923077 0.09735576923076923 0.11899038461538462
0 0.3239182692307693 0.828125 0.09735576923076923 0.10817307692307693
0 0.2848557692307693 0.7457932692307693 0.07211538461538462 0.09495192307692309
0 0.33293269230769235 0.7133413461538461 0.09855769230769232 0.09014423076923077
0 0.3942307692307693 0.8341346153846154 0.11298076923076923 0.21153846153846156
