0 0.772235576923077 0.23798076923076925 0.09014423076923077 0.0889423076923077
0 0.6953125 0.3088942307692308 0.08293269230769232 0.07692307692307693
0 0.5516826923076923 0.2842548076923077 0.1778846153846154 0.1670673076923077
0 0.28605769230769235 0.3930288461538462 0.24278846153846156 0.23317307692307693
0 0.16646634615384617 0.3816105769230769 0.11418269230769232 0.11177884615384616
0 0.23076923076923078 0.32512019230769235 0.12259615384615385 0.109375
0 0.296875 0.27043269230769235 0.11538461538461539 0.11057692307692309
0 0.40685096153846156 0.5667067307692308 0.11899038461538462 0.11899038461538462
0 0.22355769230769232 0.5703125 0.07692307692307693 0.08052884615384616
0 0.17548076923076925 0.6189903846153847 0.07692307692307693 0.08173076923076923
0 0.11778846153846155 0.6664663461538461 0.0889423076923077 0.08052884615384616
0 0.061899038461538464 0.7145432692307693 0.08774038461538462 0.08052884615384616
0 0.3713942307692308 0.5270432692307693 0.12740384615384617 0.11899038461538462
