0 0.2139423076923077 0.033052884615384616 0.13942307692307693 0.020432692307692308
0 0.21574519230769232 0.048677884615384616 0.1358173076923077 0.018028846153846156
0 0.21334134615384617 0.0625 0.140625 0.01682692307692308
0 0.21274038461538464 0.07932692307692309 0.13461538461538464 0.019230769230769232
0 0.2121394230769231 0.09435096153846155 0.1358173076923077 0.022836538461538464
0 0.16826923076923078 0.11358173076923078 0.040865384615384616 0.015625
0 0.24278846153846156 0.13040865384615385 0.07451923076923077 0.013221153846153848
0 0.2433894230769231 0.1436298076923077 0.07572115384615385 0.018028846153846156
0 0.23978365384615385 0.16165865384615385 0.06850961538461539 0.018028846153846156
0 0.24158653846153846 0.17728365384615385 0.07211538461538462 0.018028846153846156
0 0.2421875 0.1905048076923077 0.07572115384615385 0.018028846153846156
0 0.2403846153846154 0.20733173076923078 0.06971153846153846 0.020432692307692308
0 0.23918269230769232 0.22295673076923078 0.06730769230769232 0.018028846153846156
0 0.23677884615384617 0.23858173076923078 0.07451923076923077 0.013221153846153848
0 0.23918269230769232 0.25540865384615385 0.06971153846153846 0.018028846153846156
0 0.23677884615384617 0.27403846153846156 0.06730769230769232 0.019230769230769232
0 0.23677884615384617 0.2878605769230769 0.06730769230769232 0.018028846153846156
0 0.43028846153846156 0.2902644230769231 0.07451923076923077 0.018028846153846156
0 0.43449519230769235 0.5492788461538461 0.04927884615384616 0.07211538461538462
0 0.9435096153846154 0.2572115384615385 0.05288461538461539 0.038461538461538464
