0 0.8215144230769231 0.20372596153846154 0.03245192307692308 0.030048076923076924
0 0.8683894230769231 0.20252403846153846 0.03245192307692308 0.03245192307692308
0 0.865985576923077 0.5637019230769231 0.02764423076923077 0.03125
0 0.8353365384615385 0.5606971153846154 0.026442307692307696 0.02764423076923077
0 0.8088942307692308 0.6670673076923077 0.08173076923076923 0.11778846153846155
0 0.748798076923077 0.6514423076923077 0.08413461538461539 0.10817307692307693
0 0.662860576923077 0.6959134615384616 0.02764423076923077 0.028846153846153848
0 0.6123798076923077 0.6580528846153847 0.08293269230769232 0.05168269230769231
0 0.4729567307692308 0.6075721153846154 0.11418269230769232 0.08052884615384616
0 0.06490384615384616 0.9044471153846154 0.12980769230769232 0.054086538461538464
0 0.06430288461538462 0.4356971153846154 0.12860576923076925 0.06129807692307693
