0 0.7638221153846154 0.3076923076923077 0.19591346153846154 0.16346153846153846
0 0.7157451923076924 0.4020432692307693 0.16947115384615385 0.12139423076923078
0 0.6586538461538461 0.6274038461538461 0.15384615384615385 0.17307692307692307
0 0.5426682692307693 0.23377403846153846 0.1310096153846154 0.09735576923076923
0 0.34074519230769235 0.022235576923076924 0.09014423076923077 0.04447115384615385
0 0.32872596153846156 0.03185096153846154 0.09014423076923077 0.058894230769230775
0 0.31430288461538464 0.056490384615384616 0.08052884615384616 0.05528846153846154
0 0.3058894230769231 0.061899038461538464 0.06610576923076923 0.046875
0 0.29927884615384615 0.07632211538461539 0.06730769230769232 0.04927884615384616
0 0.29447115384615385 0.0889423076923077 0.07211538461538462 0.04567307692307693
0 0.2920673076923077 0.09975961538461539 0.07211538461538462 0.04567307692307693
0 0.3870192307692308 0.13701923076923078 0.11057692307692309 0.09855769230769232
0 0.2043269230769231 0.5667067307692308 0.06009615384615385 0.058894230769230775
0 0.1436298076923077 0.5384615384615385 0.08533653846153846 0.09615384615384616
0 0.537860576923077 0.6370192307692308 0.2247596153846154 0.3004807692307693
0 0.5883413461538461 0.7524038461538461 0.15745192307692307 0.17307692307692307
0 0.8864182692307693 0.7259615384615385 0.1670673076923077 0.17307692307692307
0 0.9465144230769231 0.803485576923077 0.10697115384615385 0.17427884615384617
