0 0.3245192307692308 0.11598557692307693 0.04326923076923077 0.05168269230769231
0 0.3118990384615385 0.12920673076923078 0.046875 0.046875
0 0.2932692307692308 0.14242788461538464 0.05288461538461539 0.04447115384615385
0 0.28185096153846156 0.1544471153846154 0.042067307692307696 0.042067307692307696
0 0.2650240384615385 0.16947115384615385 0.042067307692307696 0.040865384615384616
0 0.33353365384615385 0.625 0.1045673076923077 0.12980769230769232
0 0.6117788461538461 0.5985576923076923 0.10817307692307693 0.10576923076923078
0 0.6700721153846154 0.6508413461538461 0.06610576923076923 0.0733173076923077
0 0.7602163461538461 0.703125 0.11177884615384616 0.125
0 0.984375 0.7530048076923077 0.03125 0.030048076923076924
