0 0.6929086538461539 0.26322115384615385 0.078125 0.08413461538461539
0 0.7115384615384616 0.31730769230769235 0.07211538461538462 0.07451923076923077
0 0.733173076923077 0.3762019230769231 0.07211538461538462 0.07932692307692309
0 0.6820913461538461 0.4014423076923077 0.07572115384615385 0.08653846153846154
0 0.6580528846153847 0.3419471153846154 0.08052884615384616 0.07572115384615385
0 0.6436298076923077 0.2800480769230769 0.06370192307692309 0.08653846153846154
0 0.4489182692307693 0.2962740384615385 0.04447115384615385 0.037259615384615384
0 0.40024038461538464 0.4152644230769231 0.07211538461538462 0.10216346153846155
0 0.43810096153846156 0.5054086538461539 0.06850961538461539 0.09495192307692309
0 0.3737980769230769 0.4873798076923077 0.13942307692307693 0.27524038461538464
0 0.6105769230769231 0.984375 0.14903846153846154 0.03125
0 0.7463942307692308 0.9855769230769231 0.0889423076923077 0.028846153846153848
0 0.8052884615384616 0.9693509615384616 0.08653846153846154 0.06129807692307693
