0 0.6478365384615385 0.4098557692307693 0.15625 0.13701923076923078
0 0.5432692307692308 0.45072115384615385 0.10336538461538462 0.10817307692307693
0 0.6887019230769231 0.49338942307692313 0.1514423076923077 0.1310096153846154
0 0.7205528846153847 0.5877403846153847 0.11899038461538462 0.12980769230769232
0 0.7980769230769231 0.592548076923077 0.11057692307692309 0.11298076923076923
0 0.8287259615384616 0.6622596153846154 0.11658653846153846 0.10576923076923078
0 0.5877403846153847 0.5420673076923077 0.09855769230769232 0.1201923076923077
0 0.6262019230769231 0.6322115384615385 0.09134615384615385 0.11298076923076923
0 0.7439903846153847 0.6844951923076923 0.11057692307692309 0.11418269230769232
0 0.7728365384615385 0.7602163461538461 0.09855769230769232 0.10216346153846155
0 0.8118990384615385 0.8383413461538461 0.09495192307692309 0.09735576923076923
0 0.4993990384615385 0.5444711538461539 0.109375 0.12980769230769232
0 0.4411057692307693 0.5733173076923077 0.07932692307692309 0.12259615384615385
0 0.4753605769230769 0.6868990384615385 0.09735576923076923 0.13341346153846154
0 0.5540865384615385 0.6556490384615385 0.10096153846153846 0.1310096153846154
0 0.670673076923077 0.7163461538461539 0.09855769230769232 0.10576923076923078
0 0.592548076923077 0.75 0.09375 0.10336538461538462
0 0.6989182692307693 0.7962740384615385 0.08533653846153846 0.10697115384615385
0 0.6268028846153847 0.8197115384615385 0.08533653846153846 0.08653846153846154
0 0.5180288461538461 0.7806490384615385 0.09134615384615385 0.10697115384615385
0 0.3972355769230769 0.6935096153846154 0.09735576923076923 0.08653846153846154
0 0.4128605769230769 0.7445913461538461 0.08774038461538462 0.08293269230769232
0 0.3215144230769231 0.7223557692307693 0.08774038461538462 0.08173076923076923
0 0.34555288461538464 0.7824519230769231 0.09014423076923077 0.08173076923076923
0 0.4441105769230769 0.8161057692307693 0.09975961538461539 0.11057692307692309
0 0.3695913461538462 0.8443509615384616 0.09495192307692309 0.10697115384615385
0 0.5486778846153847 0.8647836538461539 0.08533653846153846 0.08293269230769232
0 0.2932692307692308 0.8743990384615385 0.10096153846153846 0.1045673076923077
0 0.7283653846153847 0.8713942307692308 0.08413461538461539 0.09615384615384616
0 0.8443509615384616 0.912860576923077 0.1045673076923077 0.11418269230769232
0 0.7680288461538461 0.9489182692307693 0.09855769230769232 0.09975961538461539
0 0.6598557692307693 0.9020432692307693 0.08653846153846154 0.09495192307692309
0 0.6917067307692308 0.9615384615384616 0.10216346153846155 0.07692307692307693
0 0.5859375 0.9344951923076924 0.09735576923076923 0.09014423076923077
0 0.6183894230769231 0.9771634615384616 0.09495192307692309 0.04567307692307693
0 0.4759615384615385 0.890625 0.09134615384615385 0.09134615384615385
0 0.5138221153846154 0.9585336538461539 0.08533653846153846 0.08293269230769232
0 0.5474759615384616 0.9939903846153847 0.09735576923076923 0.01201923076923077
0 0.4044471153846154 0.9212740384615385 0.09014423076923077 0.09975961538461539
0 0.4326923076923077 0.9747596153846154 0.08173076923076923 0.05048076923076923
0 0.33353365384615385 0.953125 0.08293269230769232 0.09375
0 0.21634615384615385 0.9092548076923077 0.09855769230769232 0.11418269230769232
0 0.25180288461538464 0.96875 0.09254807692307693 0.0625
0 0.3659855769230769 0.9921875 0.08293269230769232 0.015625
