0 0.2139423076923077 0.007211538461538462 0.04567307692307693 0.014423076923076924
0 0.22836538461538464 0.027043269230769232 0.04326923076923077 0.03245192307692308
0 0.23858173076923078 0.05348557692307693 0.046875 0.025240384615384616
0 0.25240384615384615 0.0811298076923077 0.04567307692307693 0.030048076923076924
0 0.2644230769230769 0.10877403846153846 0.04326923076923077 0.03245192307692308
0 0.30228365384615385 0.32512019230769235 0.09254807692307693 0.1358173076923077
0 0.3978365384615385 0.3106971153846154 0.09615384615384616 0.09254807692307693
0 0.4561298076923077 0.5402644230769231 0.05168269230769231 0.04447115384615385
0 0.6526442307692308 0.10336538461538462 0.08173076923076923 0.10817307692307693
0 0.7001201923076924 0.21574519230769232 0.08293269230769232 0.11177884615384616
0 0.5721153846153847 0.20072115384615385 0.1466346153846154 0.23798076923076925
0 0.6268028846153847 0.3515625 0.06850961538461539 0.08533653846153846
0 0.6568509615384616 0.41947115384615385 0.06610576923076923 0.08653846153846154
0 0.6658653846153847 0.3347355769230769 0.06490384615384616 0.08774038461538462
0 0.6911057692307693 0.4014423076923077 0.06971153846153846 0.0889423076923077
