0 0.859375 0.03245192307692308 0.1514423076923077 0.06490384615384616
0 0.8912259615384616 0.09375 0.11899038461538462 0.12980769230769232
0 0.9567307692307693 0.09855769230769232 0.08653846153846154 0.11298076923076923
0 0.9705528846153847 0.16826923076923078 0.058894230769230775 0.10576923076923078
0 0.7584134615384616 0.054086538461538464 0.09855769230769232 0.10817307692307693
0 0.796875 0.13822115384615385 0.09134615384615385 0.11298076923076923
0 0.9146634615384616 0.1905048076923077 0.11057692307692309 0.11418269230769232
0 0.9435096153846154 0.26622596153846156 0.09855769230769232 0.10216346153846155
0 0.967548076923077 0.34435096153846156 0.06490384615384616 0.09735576923076923
0 0.6700721153846154 0.057692307692307696 0.109375 0.11538461538461539
0 0.6117788461538461 0.07932692307692309 0.07932692307692309 0.12259615384615385
0 0.6460336538461539 0.19290865384615385 0.09735576923076923 0.13341346153846154
0 0.7247596153846154 0.16165865384615385 0.10096153846153846 0.1310096153846154
0 0.8413461538461539 0.22235576923076925 0.09855769230769232 0.10576923076923078
0 0.7632211538461539 0.2560096153846154 0.09375 0.10336538461538462
0 0.8695913461538463 0.30228365384615385 0.08533653846153846 0.10697115384615385
0 0.7974759615384616 0.32572115384615385 0.08533653846153846 0.08653846153846154
0 0.6887019230769231 0.28665865384615385 0.09134615384615385 0.10697115384615385
0 0.5679086538461539 0.19951923076923078 0.09735576923076923 0.08653846153846154
0 0.5835336538461539 0.25060096153846156 0.08774038461538462 0.08293269230769232
0 0.4921875 0.22836538461538464 0.08774038461538462 0.08173076923076923
0 0.5162259615384616 0.2884615384615385 0.09014423076923077 0.08173076923076923
0 0.6147836538461539 0.32211538461538464 0.09975961538461539 0.11057692307692309
0 0.5402644230769231 0.3503605769230769 0.09495192307692309 0.10697115384615385
0 0.7193509615384616 0.3707932692307693 0.08533653846153846 0.08293269230769232
0 0.4639423076923077 0.38040865384615385 0.10096153846153846 0.1045673076923077
0 0.8990384615384616 0.3774038461538462 0.08413461538461539 0.09615384615384616
0 0.9813701923076924 0.41887019230769235 0.037259615384615384 0.11418269230769232
0 0.9387019230769231 0.45492788461538464 0.09855769230769232 0.09975961538461539
0 0.8305288461538461 0.40805288461538464 0.08653846153846154 0.09495192307692309
0 0.8623798076923077 0.4831730769230769 0.10216346153846155 0.10817307692307693
0 0.8936298076923077 0.5655048076923077 0.09254807692307693 0.09254807692307693
0 0.826923076923077 0.5955528846153847 0.09615384615384616 0.09495192307692309
0 0.756610576923077 0.4405048076923077 0.09735576923076923 0.09014423076923077
0 0.7890625 0.5120192307692308 0.09495192307692309 0.10336538461538462
0 0.6466346153846154 0.3966346153846154 0.09134615384615385 0.09134615384615385
0 0.6844951923076923 0.46875 0.08533653846153846 0.09134615384615385
0 0.7181490384615385 0.5474759615384616 0.09735576923076923 0.10697115384615385
0 0.5751201923076923 0.42728365384615385 0.09014423076923077 0.09975961538461539
0 0.6033653846153847 0.5042067307692308 0.08173076923076923 0.09735576923076923
0 0.6436298076923077 0.5835336538461539 0.10216346153846155 0.1045673076923077
0 0.5042067307692308 0.46213942307692313 0.08293269230769232 0.09975961538461539
0 0.3870192307692308 0.4152644230769231 0.09855769230769232 0.11418269230769232
0 0.42247596153846156 0.49278846153846156 0.09254807692307693 0.09855769230769232
0 0.5366586538461539 0.537860576923077 0.08293269230769232 0.09495192307692309
0 0.5643028846153847 0.615985576923077 0.10216346153846155 0.109375
0 0.49278846153846156 0.6478365384615385 0.10336538461538462 0.11778846153846155
0 0.4609375 0.5727163461538461 0.1045673076923077 0.10697115384615385
0 0.5817307692307693 0.7704326923076924 0.09855769230769232 0.13461538461538464
0 0.5342548076923077 0.7914663461538461 0.09735576923076923 0.1358173076923077
