0 0.3371394230769231 0.057692307692307696 0.6742788461538461 0.11538461538461539
0 0.34375 0.09855769230769232 0.6875 0.19711538461538464
0 0.35216346153846156 0.13762019230769232 0.7043269230769231 0.27524038461538464
0 0.34134615384615385 0.17728365384615385 0.6826923076923077 0.3545673076923077
0 0.7319711538461539 0.010216346153846154 0.21153846153846156 0.020432692307692308
0 0.7127403846153847 0.06790865384615385 0.3125 0.05168269230769231
0 0.6923076923076923 0.13221153846153846 0.4182692307692308 0.05528846153846154
0 0.662860576923077 0.19891826923076925 0.5228365384615384 0.054086538461538464
0 0.6382211538461539 0.26802884615384615 0.6298076923076923 0.0625
0 0.6129807692307693 0.3359375 0.7355769230769231 0.07091346153846154
0 0.5835336538461539 0.3996394230769231 0.8329326923076924 0.078125
0 0.537860576923077 0.46875 0.9242788461538463 0.08413461538461539
0 0.5 0.5372596153846154 1.0 0.08413461538461539
0 0.5 0.608173076923077 1.0 0.08413461538461539
0 0.45492788461538464 0.678485576923077 0.9098557692307693 0.078125
0 0.43810096153846156 0.75 0.8762019230769231 0.08173076923076923
0 0.39543269230769235 0.8257211538461539 0.7908653846153847 0.07692307692307693
0 0.3509615384615385 0.8882211538461539 0.701923076923077 0.07692307692307693
0 0.30649038461538464 0.9591346153846154 0.6129807692307693 0.07211538461538462
0 0.26262019230769235 0.9939903846153847 0.5252403846153847 0.01201923076923077
