0 0.48617788461538464 0.03665865384615385 0.11658653846153846 0.0733173076923077
0 0.28365384615384615 0.0234375 0.09134615384615385 0.046875
0 0.4014423076923077 0.049879807692307696 0.11057692307692309 0.09975961538461539
0 0.43028846153846156 0.11838942307692309 0.09855769230769232 0.10216346153846155
0 0.46935096153846156 0.1965144230769231 0.09495192307692309 0.09735576923076923
0 0.1328125 0.05588942307692308 0.09735576923076923 0.11177884615384616
0 0.21153846153846156 0.03966346153846154 0.10096153846153846 0.07932692307692309
0 0.328125 0.07451923076923077 0.09855769230769232 0.10576923076923078
0 0.25 0.10817307692307693 0.09375 0.10336538461538462
0 0.35637019230769235 0.1544471153846154 0.08533653846153846 0.10697115384615385
0 0.2842548076923077 0.1778846153846154 0.08533653846153846 0.08653846153846154
0 0.17548076923076925 0.1388221153846154 0.09134615384615385 0.10697115384615385
0 0.0546875 0.05168269230769231 0.09735576923076923 0.08653846153846154
0 0.0703125 0.10276442307692309 0.08774038461538462 0.08293269230769232
0 0.011418269230769232 0.08052884615384616 0.022836538461538464 0.08173076923076923
0 0.02403846153846154 0.140625 0.04807692307692308 0.08173076923076923
0 0.1015625 0.17427884615384617 0.09975961538461539 0.11057692307692309
0 0.037259615384615384 0.20252403846153846 0.07451923076923077 0.10697115384615385
0 0.2061298076923077 0.22295673076923078 0.08533653846153846 0.08293269230769232
0 0.3858173076923077 0.2295673076923077 0.08413461538461539 0.09615384615384616
0 0.5018028846153847 0.27103365384615385 0.1045673076923077 0.11418269230769232
0 0.4254807692307693 0.30709134615384615 0.09855769230769232 0.09975961538461539
0 0.31730769230769235 0.26021634615384615 0.08653846153846154 0.09495192307692309
0 0.34915865384615385 0.3353365384615385 0.10216346153846155 0.10817307692307693
0 0.38040865384615385 0.4176682692307693 0.09254807692307693 0.09254807692307693
0 0.3137019230769231 0.4477163461538462 0.09615384615384616 0.09495192307692309
0 0.2433894230769231 0.2926682692307693 0.09735576923076923 0.09014423076923077
0 0.27584134615384615 0.36418269230769235 0.09495192307692309 0.10336538461538462
0 0.13341346153846154 0.24879807692307693 0.09134615384615385 0.09134615384615385
0 0.17127403846153846 0.32091346153846156 0.08533653846153846 0.09134615384615385
0 0.20492788461538464 0.3996394230769231 0.09735576923076923 0.10697115384615385
0 0.061899038461538464 0.2794471153846154 0.09014423076923077 0.09975961538461539
0 0.09014423076923077 0.35637019230769235 0.08173076923076923 0.09735576923076923
0 0.13040865384615385 0.4356971153846154 0.10216346153846155 0.1045673076923077
0 0.01622596153846154 0.31430288461538464 0.03245192307692308 0.09975961538461539
0 0.03245192307692308 0.3900240384615385 0.06490384615384616 0.09495192307692309
0 0.051081730769230775 0.4681490384615385 0.10216346153846155 0.109375
0 0.015625 0.5 0.03125 0.11778846153846155
0 0.06850961538461539 0.6225961538461539 0.09855769230769232 0.13461538461538464
0 0.03485576923076923 0.6436298076923077 0.06971153846153846 0.1358173076923077
