0 0.017427884615384616 0.17608173076923078 0.030048076923076924 0.02764423076923077
0 0.14723557692307693 0.0390625 0.030048076923076924 0.037259615384615384
0 0.2109375 0.29867788461538464 0.02764423076923077 0.037259615384615384
0 0.3762019230769231 0.16526442307692307 0.09855769230769232 0.054086538461538464
0 0.6989182692307693 0.4182692307692308 0.09735576923076923 0.057692307692307696
0 0.6436298076923077 0.6640625 0.058894230769230775 0.07572115384615385
0 0.6171875 0.65625 0.04927884615384616 0.08173076923076923
0 0.3497596153846154 0.3617788461538462 0.040865384615384616 0.04326923076923077
0 0.41947115384615385 0.3966346153846154 0.04567307692307693 0.07211538461538462
0 0.3653846153846154 0.5985576923076923 0.03365384615384616 0.028846153846153848
0 0.4332932692307693 0.9110576923076924 0.037259615384615384 0.040865384615384616
0 0.3786057692307693 0.8810096153846154 0.04326923076923077 0.05048076923076923
