0 0.1280048076923077 0.06911057692307693 0.1310096153846154 0.11899038461538462
0 0.17307692307692307 0.12560096153846154 0.04807692307692308 0.05168269230769231
0 0.296875 0.01682692307692308 0.05528846153846154 0.03365384615384616
0 0.3371394230769231 0.03966346153846154 0.06129807692307693 0.06009615384615385
0 0.3828125 0.07451923076923077 0.06370192307692309 0.06009615384615385
0 0.43088942307692313 0.10877403846153846 0.06610576923076923 0.056490384615384616
0 0.3581730769230769 0.11598557692307693 0.06009615384615385 0.04927884615384616
0 0.3984375 0.1484375 0.042067307692307696 0.037259615384615384
0 0.2998798076923077 0.14423076923076925 0.037259615384615384 0.038461538461538464
0 0.27524038461538464 0.17367788461538464 0.04326923076923077 0.042067307692307696
0 0.3419471153846154 0.17367788461538464 0.05168269230769231 0.05168269230769231
0 0.3118990384615385 0.20673076923076925 0.05168269230769231 0.04326923076923077
0 0.6887019230769231 0.34375 0.05288461538461539 0.05048076923076923
0 0.65625 0.38461538461538464 0.05288461538461539 0.05288461538461539
0 0.6364182692307693 0.4092548076923077 0.042067307692307696 0.03966346153846154
0 0.6219951923076923 0.4747596153846154 0.0733173076923077 0.06009615384615385
0 0.592548076923077 0.5126201923076923 0.05528846153846154 0.06370192307692309
0 0.6466346153846154 0.5564903846153847 0.08653846153846154 0.07692307692307693
0 0.6947115384615385 0.537860576923077 0.06490384615384616 0.05168269230769231
0 0.7626201923076924 0.35697115384615385 0.07091346153846154 0.06490384615384616
0 0.8088942307692308 0.3984375 0.040865384615384616 0.037259615384615384
0 0.7896634615384616 0.42367788461538464 0.05048076923076923 0.04927884615384616
0 0.7385817307692308 0.3894230769230769 0.08293269230769232 0.07451923076923077
0 0.7127403846153847 0.42668269230769235 0.08173076923076923 0.06730769230769232
0 0.6868990384615385 0.453125 0.06850961538461539 0.06009615384615385
0 0.7710336538461539 0.47055288461538464 0.0733173076923077 0.06850961538461539
0 0.7493990384615385 0.5018028846153847 0.06850961538461539 0.054086538461538464
0 0.8317307692307693 0.5174278846153847 0.07451923076923077 0.07091346153846154
0 0.8052884615384616 0.5462740384615385 0.06971153846153846 0.06129807692307693
0 0.9014423076923077 0.4681490384615385 0.03365384615384616 0.03485576923076923
0 0.9224759615384616 0.53125 0.0733173076923077 0.07451923076923077
0 0.9465144230769231 0.5036057692307693 0.06850961538461539 0.05528846153846154
0 0.9861778846153847 0.537860576923077 0.02764423076923077 0.03966346153846154
0 0.9711538461538463 0.5679086538461539 0.05528846153846154 0.05168269230769231
0 0.9393028846153847 0.600360576923077 0.054086538461538464 0.046875
0 0.8924278846153847 0.5703125 0.0733173076923077 0.06850961538461539
0 0.9182692307692308 0.6346153846153847 0.04807692307692308 0.038461538461538464
0 0.8665865384615385 0.5967548076923077 0.07211538461538462 0.06129807692307693
0 0.9014423076923077 0.6935096153846154 0.04567307692307693 0.05048076923076923
0 0.858173076923077 0.7391826923076924 0.05288461538461539 0.06490384615384616
0 0.4759615384615385 0.8353365384615385 0.028846153846153848 0.026442307692307696
0 0.20072115384615385 0.9813701923076924 0.125 0.037259615384615384
0 0.051081730769230775 0.9104567307692308 0.10216346153846155 0.11177884615384616
0 0.20492788461538464 0.08834134615384616 0.04447115384615385 0.042067307692307696
