0 0.34615384615384615 0.009615384615384616 0.040865384615384616 0.019230769230769232
1 0.9573317307692308 0.8076923076923077 0.08533653846153846 0.19711538461538464
0 0.4723557692307693 0.2091346153846154 0.06730769230769232 0.06490384615384616
0 0.43149038461538464 0.171875 0.06730769230769232 0.06490384615384616
0 0.45012019230769235 0.6075721153846154 0.03485576923076923 0.02764423076923077
0 0.3497596153846154 0.17908653846153846 0.06490384615384616 0.08173076923076923
0 0.048677884615384616 0.25961538461538464 0.06370192307692309 0.05288461538461539
0 0.03185096153846154 0.3371394230769231 0.06370192307692309 0.17668269230769232
0 0.00841346153846154 0.5618990384615385 0.01682692307692308 0.07572115384615385
1 0.9429086538461539 0.7818509615384616 0.11418269230769232 0.1935096153846154
0 0.30709134615384615 0.3629807692307693 0.042067307692307696 0.03605769230769231
