0 0.5643028846153847 0.3155048076923077 0.09975961538461539 0.09495192307692309
0 0.5438701923076923 0.33774038461538464 0.09014423076923077 0.0889423076923077
0 0.5240384615384616 0.35997596153846156 0.09375 0.09254807692307693
0 0.5072115384615384 0.3792067307692308 0.09134615384615385 0.09254807692307693
0 0.48497596153846156 0.4008413461538462 0.09735576923076923 0.08774038461538462
0 0.05709134615384616 0.20552884615384617 0.11418269230769232 0.21634615384615385
0 0.046875 0.22055288461538464 0.09375 0.21274038461538464
0 0.038461538461538464 0.2373798076923077 0.07692307692307693 0.21274038461538464
0 0.03245192307692308 0.2530048076923077 0.06490384615384616 0.21033653846153846
0 0.025240384615384616 0.2722355769230769 0.05048076923076923 0.21514423076923078
0 0.057692307692307696 0.7469951923076924 0.11538461538461539 0.5060096153846154
