0 0.953125 0.007211538461538462 0.09375 0.014423076923076924
0 0.9368990384615385 0.025240384615384616 0.12620192307692307 0.026442307692307696
0 0.9302884615384616 0.05228365384615385 0.13942307692307693 0.02764423076923077
0 0.9224759615384616 0.07271634615384616 0.15504807692307693 0.025240384615384616
0 0.920673076923077 0.09915865384615385 0.15865384615384617 0.030048076923076924
0 0.9236778846153847 0.12259615384615385 0.15264423076923078 0.021634615384615384
0 0.9453125 0.1514423076923077 0.109375 0.026442307692307696
0 0.953125 0.17427884615384617 0.09375 0.019230769230769232
0 0.9627403846153847 0.20252403846153846 0.07451923076923077 0.020432692307692308
0 0.9741586538461539 0.22896634615384617 0.05168269230769231 0.020432692307692308
0 0.8082932692307693 0.00841346153846154 0.140625 0.01682692307692308
0 0.8088942307692308 0.03966346153846154 0.07692307692307693 0.021634615384615384
0 0.4152644230769231 0.19170673076923078 0.16947115384615385 0.171875
0 0.5643028846153847 0.38822115384615385 0.1935096153846154 0.19711538461538464
0 0.47355769230769235 0.47055288461538464 0.19230769230769232 0.1983173076923077
0 0.3707932692307693 0.5528846153846154 0.19591346153846154 0.19230769230769232
0 0.7145432692307693 0.5486778846153847 0.07572115384615385 0.03245192307692308
0 0.7073317307692308 0.5757211538461539 0.1045673076923077 0.04326923076923077
0 0.7007211538461539 0.600360576923077 0.1514423076923077 0.054086538461538464
0 0.6887019230769231 0.6280048076923077 0.2139423076923077 0.06370192307692309
0 0.6814903846153847 0.6532451923076923 0.2644230769230769 0.0733173076923077
0 0.04026442307692308 0.7986778846153847 0.08052884615384616 0.4026442307692308
0 0.0655048076923077 0.748798076923077 0.1310096153846154 0.41586538461538464
0 0.27524038461538464 0.6334134615384616 0.19711538461538464 0.19951923076923078
0 0.1826923076923077 0.7181490384615385 0.18990384615384617 0.19591346153846154
0 0.6658653846153847 0.6808894230769231 0.3245192307692308 0.09254807692307693
0 0.6694711538461539 0.701923076923077 0.3509615384615385 0.09134615384615385
0 0.7259615384615385 0.7157451923076924 0.2692307692307693 0.07572115384615385
0 0.7313701923076924 0.7361778846153847 0.28966346153846156 0.08533653846153846
0 0.6640625 0.772235576923077 0.2512019230769231 0.07091346153846154
0 0.7379807692307693 0.803485576923077 0.2932692307692308 0.08052884615384616
0 0.7139423076923077 0.8311298076923077 0.2451923076923077 0.0733173076923077
0 0.7049278846153847 0.8551682692307693 0.18149038461538464 0.054086538461538464
0 0.6899038461538461 0.8798076923076924 0.12740384615384617 0.040865384615384616
0 0.8509615384615385 0.9104567307692308 0.2980769230769231 0.08533653846153846
0 0.8479567307692308 0.9350961538461539 0.3040865384615385 0.09375
0 0.8563701923076924 0.9549278846153847 0.2872596153846154 0.09014423076923077
0 0.8653846153846154 0.9651442307692308 0.2692307692307693 0.06971153846153846
0 0.873798076923077 0.9735576923076924 0.25240384615384615 0.05288461538461539
0 0.8804086538461539 0.9819711538461539 0.23918269230769232 0.03605769230769231
