0 0.9867788461538463 0.24158653846153846 0.026442307692307696 0.0625
0 0.9266826923076924 0.22536057692307693 0.03605769230769231 0.05168269230769231
0 0.8864182692307693 0.4092548076923077 0.11899038461538462 0.09495192307692309
0 0.717548076923077 0.2542067307692308 0.1201923076923077 0.09254807692307693
0 0.5438701923076923 0.608173076923077 0.054086538461538464 0.05288461538461539
0 0.5 0.5793269230769231 0.057692307692307696 0.08173076923076923
2 0.4945913461538462 0.7151442307692308 0.08052884615384616 0.08173076923076923
0 0.328125 0.3389423076923077 0.040865384615384616 0.040865384615384616
0 0.2962740384615385 0.37259615384615385 0.025240384615384616 0.026442307692307696
0 0.3683894230769231 0.7265625 0.09014423076923077 0.08052884615384616
0 0.1171875 0.5546875 0.15264423076923078 0.1935096153846154
0 0.1640625 0.9951923076923077 0.03966346153846154 0.009615384615384616
