0 0.8725961538461539 0.11478365384615385 0.04807692307692308 0.02764423076923077
0 0.6340144230769231 0.1514423076923077 0.022836538461538464 0.04326923076923077
0 0.5997596153846154 0.1484375 0.026442307692307696 0.04927884615384616
0 0.625 0.41466346153846156 0.0625 0.021634615384615384
0 0.4831730769230769 0.4200721153846154 0.06009615384615385 0.054086538461538464
0 0.47716346153846156 0.1388221153846154 0.11778846153846155 0.058894230769230775
0 0.819110576923077 0.7668269230769231 0.07091346153846154 0.05288461538461539
0 0.858173076923077 0.7548076923076924 0.04807692307692308 0.06971153846153846
0 0.7962740384615385 0.7283653846153847 0.04447115384615385 0.07692307692307693
0 0.9615384615384616 0.8022836538461539 0.06009615384615385 0.03485576923076923
0 0.7752403846153847 0.12860576923076925 0.026442307692307696 0.040865384615384616
0 0.09074519230769232 0.07091346153846154 0.13341346153846154 0.08653846153846154
0 0.4050480769230769 0.41947115384615385 0.09615384615384616 0.05048076923076923
