0 0.4086538461538462 0.18209134615384617 0.03605769230769231 0.025240384615384616
0 0.4248798076923077 0.2013221153846154 0.054086538461538464 0.030048076923076924
0 0.4441105769230769 0.21754807692307693 0.09014423076923077 0.03365384615384616
0 0.4567307692307693 0.23617788461538464 0.11057692307692309 0.03966346153846154
0 0.46153846153846156 0.2560096153846154 0.10817307692307693 0.03605769230769231
0 0.4645432692307693 0.2746394230769231 0.11177884615384616 0.037259615384615384
0 0.46574519230769235 0.2926682692307693 0.11177884615384616 0.03245192307692308
0 0.46875 0.3125 0.10817307692307693 0.03605769230769231
0 0.4753605769230769 0.3317307692307693 0.11418269230769232 0.03605769230769231
0 0.47716346153846156 0.3497596153846154 0.10817307692307693 0.03605769230769231
0 0.47836538461538464 0.36778846153846156 0.10576923076923078 0.03605769230769231
0 0.48197115384615385 0.38822115384615385 0.11298076923076923 0.03605769230769231
0 0.4867788461538462 0.4086538461538462 0.11057692307692309 0.03365384615384616
0 0.49338942307692313 0.4525240384615385 0.11177884615384616 0.03245192307692308
0 0.5 0.49399038461538464 0.10576923076923078 0.03605769230769231
0 0.49278846153846156 0.5366586538461539 0.06971153846153846 0.03245192307692308
0 0.8888221153846154 0.9308894230769231 0.15264423076923078 0.13822115384615385
