0 0.7469951923076924 0.015024038461538462 0.29447115384615385 0.022836538461538464
0 0.7091346153846154 0.04747596153846154 0.2956730769230769 0.022836538461538464
0 0.6917067307692308 0.08052884615384616 0.27043269230769235 0.021634615384615384
0 0.6887019230769231 0.11358173076923078 0.20192307692307693 0.022836538461538464
0 0.6881009615384616 0.14603365384615385 0.13341346153846154 0.020432692307692308
0 0.6881009615384616 0.18028846153846154 0.07091346153846154 0.02403846153846154
0 0.9705528846153847 0.0078125 0.058894230769230775 0.015625
0 0.9543269230769231 0.030649038461538464 0.09134615384615385 0.020432692307692308
0 0.9405048076923077 0.05829326923076923 0.11899038461538462 0.022836538461538464
0 0.9326923076923077 0.08473557692307693 0.13461538461538464 0.022836538461538464
0 0.9182692307692308 0.109375 0.16346153846153846 0.026442307692307696
0 0.9020432692307693 0.13161057692307693 0.19591346153846154 0.02764423076923077
0 0.8930288461538463 0.15865384615384617 0.2139423076923077 0.026442307692307696
0 0.8804086538461539 0.18209134615384617 0.23918269230769232 0.022836538461538464
0 0.8768028846153847 0.2109375 0.24639423076923078 0.02764423076923077
0 0.8725961538461539 0.23497596153846156 0.25480769230769235 0.02764423076923077
0 0.8731971153846154 0.2566105769230769 0.24639423076923078 0.025240384615384616
0 0.8792067307692308 0.28605769230769235 0.1935096153846154 0.021634615384615384
0 0.875 0.30949519230769235 0.16105769230769232 0.018028846153846156
0 0.8743990384615385 0.33653846153846156 0.08533653846153846 0.019230769230769232
0 0.5252403846153847 0.11658653846153846 0.07932692307692309 0.021634615384615384
0 0.5246394230769231 0.15384615384615385 0.14783653846153846 0.021634615384615384
0 0.5270432692307693 0.18689903846153846 0.21033653846153846 0.022836538461538464
0 0.5228365384615384 0.21875 0.28365384615384615 0.026442307692307696
0 0.49338942307692313 0.2536057692307692 0.28966346153846156 0.02403846153846154
0 0.45793269230769235 0.2842548076923077 0.3004807692307693 0.022836538461538464
0 0.6832932692307693 0.28665865384615385 0.10216346153846155 0.022836538461538464
0 0.678485576923077 0.3191105769230769 0.1358173076923077 0.022836538461538464
0 0.6826923076923077 0.34134615384615385 0.19230769230769232 0.021634615384615384
0 0.6820913461538461 0.3653846153846154 0.2247596153846154 0.026442307692307696
0 0.6778846153846154 0.3918269230769231 0.2884615384615385 0.028846153846153848
0 0.6658653846153847 0.4176682692307693 0.3197115384615385 0.030048076923076924
0 0.6436298076923077 0.4417067307692308 0.32091346153846156 0.022836538461538464
0 0.4212740384615385 0.31430288461538464 0.3040865384615385 0.018028846153846156
0 0.3930288461538462 0.3509615384615385 0.31009615384615385 0.02403846153846154
0 0.359375 0.3840144230769231 0.2956730769230769 0.02764423076923077
0 0.3293269230769231 0.4164663461538462 0.3028846153846154 0.022836538461538464
0 0.29387019230769235 0.44651442307692313 0.30649038461538464 0.022836538461538464
0 0.25961538461538464 0.4795673076923077 0.3028846153846154 0.02403846153846154
0 0.2265625 0.5108173076923077 0.30168269230769235 0.026442307692307696
0 0.19230769230769232 0.546875 0.3028846153846154 0.02403846153846154
0 0.6376201923076923 0.46935096153846156 0.30168269230769235 0.022836538461538464
0 0.5901442307692308 0.49278846153846156 0.3293269230769231 0.026442307692307696
0 0.5661057692307693 0.5180288461538461 0.32211538461538464 0.02403846153846154
0 0.5354567307692308 0.5414663461538461 0.3353365384615385 0.02764423076923077
0 0.5096153846153847 0.5679086538461539 0.34134615384615385 0.02764423076923077
0 0.9236778846153847 0.6021634615384616 0.15264423076923078 0.21634615384615385
0 0.9146634615384616 0.6171875 0.17067307692307693 0.21274038461538464
0 0.9074519230769231 0.6340144230769231 0.18509615384615385 0.21274038461538464
0 0.8960336538461539 0.6496394230769231 0.20793269230769232 0.21033653846153846
0 0.8828125 0.6688701923076923 0.21274038461538464 0.21514423076923078
0 0.7055288461538461 0.9453125 0.5889423076923077 0.109375
0 0.48497596153846156 0.5919471153846154 0.3137019230769231 0.02764423076923077
0 0.45372596153846156 0.6171875 0.3353365384615385 0.02764423076923077
0 0.4338942307692308 0.640625 0.3317307692307693 0.026442307692307696
0 0.40625 0.6658653846153847 0.31730769230769235 0.026442307692307696
0 0.3810096153846154 0.6929086538461539 0.3293269230769231 0.02764423076923077
0 0.35697115384615385 0.7163461538461539 0.3197115384615385 0.03365384615384616
0 0.3239182692307693 0.7421875 0.3137019230769231 0.030048076923076924
0 0.3010817307692308 0.7662259615384616 0.32572115384615385 0.03245192307692308
0 0.2776442307692308 0.7938701923076924 0.3293269230769231 0.030048076923076924
0 0.24399038461538464 0.8167067307692308 0.3245192307692308 0.025240384615384616
0 0.2217548076923077 0.8419471153846154 0.33052884615384615 0.030048076923076924
0 0.19771634615384617 0.8677884615384616 0.33052884615384615 0.026442307692307696
0 0.1640625 0.8918269230769231 0.328125 0.026442307692307696
0 0.1544471153846154 0.9188701923076924 0.3088942307692308 0.02764423076923077
0 0.14302884615384617 0.9393028846153847 0.28605769230769235 0.025240384615384616
0 0.12620192307692307 0.9657451923076924 0.25240384615384615 0.030048076923076924
0 0.11538461538461539 0.9891826923076924 0.23076923076923078 0.021634615384615384
0 0.15685096153846154 0.576923076923077 0.296875 0.02403846153846154
0 0.13461538461538464 0.6111778846153847 0.2692307692307693 0.025240384615384616
0 0.12319711538461539 0.6436298076923077 0.24639423076923078 0.025240384615384616
0 0.10216346153846155 0.6766826923076923 0.2043269230769231 0.02403846153846154
0 0.08774038461538462 0.7091346153846154 0.17548076923076925 0.026442307692307696
0 0.06911057692307693 0.7427884615384616 0.13822115384615385 0.026442307692307696
0 0.05528846153846154 0.7776442307692308 0.11057692307692309 0.02403846153846154
0 0.03545673076923077 0.8088942307692308 0.07091346153846154 0.02403846153846154
0 0.018028846153846156 0.8395432692307693 0.03605769230769231 0.02764423076923077
