0 0.9615384615384616 0.7367788461538461 0.07692307692307693 0.13942307692307693
0 0.9849759615384616 0.47055288461538464 0.030048076923076924 0.10216346153846155
0 0.983173076923077 0.4453125 0.03365384615384616 0.042067307692307696
0 0.9939903846153847 0.42728365384615385 0.01201923076923077 0.03245192307692308
0 0.9068509615384616 0.5582932692307693 0.14543269230769232 0.12860576923076925
0 0.828125 0.5462740384615385 0.04807692307692308 0.04927884615384616
0 0.8491586538461539 0.530048076923077 0.046875 0.04326923076923077
0 0.8707932692307693 0.5126201923076923 0.046875 0.05168269230769231
0 0.8936298076923077 0.4963942307692308 0.04447115384615385 0.04567307692307693
0 0.9134615384615385 0.48197115384615385 0.05048076923076923 0.040865384615384616
0 0.6971153846153847 0.43449519230769235 0.07211538461538462 0.06370192307692309
0 0.7361778846153847 0.3888221153846154 0.109375 0.1045673076923077
0 0.7914663461538461 0.3215144230769231 0.1045673076923077 0.09975961538461539
0 0.8509615384615385 0.2608173076923077 0.10576923076923078 0.10817307692307693
0 0.8167067307692308 0.1808894230769231 0.06850961538461539 0.054086538461538464
0 0.7986778846153847 0.20492788461538464 0.058894230769230775 0.05168269230769231
0 0.7782451923076924 0.2247596153846154 0.06850961538461539 0.05288461538461539
0 0.765625 0.24759615384615385 0.06009615384615385 0.05048076923076923
0 0.7421875 0.2668269230769231 0.056490384615384616 0.05048076923076923
0 0.7265625 0.2884615384615385 0.06850961538461539 0.057692307692307696
0 0.7091346153846154 0.3112980769230769 0.05288461538461539 0.04807692307692308
0 0.6965144230769231 0.3323317307692308 0.058894230769230775 0.042067307692307696
0 0.6802884615384616 0.35216346153846156 0.057692307692307696 0.04807692307692308
0 0.6592548076923077 0.375 0.05168269230769231 0.04326923076923077
0 0.6424278846153847 0.39903846153846156 0.05168269230769231 0.04567307692307693
0 0.4945913461538462 0.4182692307692308 0.11899038461538462 0.11057692307692309
0 0.5973557692307693 0.13701923076923078 0.20673076923076925 0.1875
0 0.44711538461538464 0.08293269230769232 0.06009615384615385 0.10096153846153846
0 0.41105769230769235 0.14423076923076925 0.0889423076923077 0.06971153846153846
0 0.3617788461538462 0.26021634615384615 0.09375 0.07091346153846154
0 0.4212740384615385 0.3389423076923077 0.07091346153846154 0.08173076923076923
0 0.2199519230769231 0.4591346153846154 0.07451923076923077 0.06490384615384616
0 0.24879807692307693 0.4206730769230769 0.07932692307692309 0.07932692307692309
0 0.27403846153846156 0.37680288461538464 0.06490384615384616 0.058894230769230775
