0 0.11598557692307693 0.2842548076923077 0.1310096153846154 0.11899038461538462
0 0.16105769230769232 0.34074519230769235 0.04807692307692308 0.05168269230769231
0 0.2848557692307693 0.22355769230769232 0.05528846153846154 0.05048076923076923
0 0.32512019230769235 0.25480769230769235 0.06129807692307693 0.06009615384615385
0 0.3707932692307693 0.28966346153846156 0.06370192307692309 0.06009615384615385
0 0.41887019230769235 0.3239182692307693 0.06610576923076923 0.056490384615384616
0 0.34615384615384615 0.3311298076923077 0.06009615384615385 0.04927884615384616
0 0.3864182692307693 0.3635817307692308 0.042067307692307696 0.037259615384615384
0 0.2878605769230769 0.359375 0.037259615384615384 0.038461538461538464
0 0.26322115384615385 0.3888221153846154 0.04326923076923077 0.042067307692307696
0 0.32992788461538464 0.3888221153846154 0.05168269230769231 0.05168269230769231
0 0.2998798076923077 0.421875 0.05168269230769231 0.04326923076923077
0 0.6766826923076923 0.5588942307692308 0.05288461538461539 0.05048076923076923
0 0.6442307692307693 0.5997596153846154 0.05288461538461539 0.05288461538461539
0 0.6243990384615385 0.6243990384615385 0.042067307692307696 0.03966346153846154
0 0.6099759615384616 0.6899038461538461 0.0733173076923077 0.06009615384615385
0 0.5805288461538461 0.7277644230769231 0.05528846153846154 0.06370192307692309
0 0.6346153846153847 0.7716346153846154 0.08653846153846154 0.07692307692307693
0 0.6826923076923077 0.7530048076923077 0.06490384615384616 0.05168269230769231
0 0.7506009615384616 0.5721153846153847 0.07091346153846154 0.06490384615384616
0 0.796875 0.6135817307692308 0.040865384615384616 0.037259615384615384
0 0.7776442307692308 0.6388221153846154 0.05048076923076923 0.04927884615384616
0 0.7265625 0.6045673076923077 0.08293269230769232 0.07451923076923077
0 0.7007211538461539 0.6418269230769231 0.08173076923076923 0.06730769230769232
0 0.6748798076923077 0.6682692307692308 0.06850961538461539 0.06009615384615385
0 0.7590144230769231 0.6856971153846154 0.0733173076923077 0.06850961538461539
0 0.7373798076923077 0.7169471153846154 0.06850961538461539 0.054086538461538464
0 0.8197115384615385 0.7325721153846154 0.07451923076923077 0.07091346153846154
0 0.7932692307692308 0.7614182692307693 0.06971153846153846 0.06129807692307693
0 0.889423076923077 0.6832932692307693 0.03365384615384616 0.03485576923076923
0 0.9104567307692308 0.7463942307692308 0.0733173076923077 0.07451923076923077
0 0.9344951923076924 0.71875 0.06850961538461539 0.05528846153846154
0 0.9801682692307693 0.7530048076923077 0.03966346153846154 0.03966346153846154
0 0.9591346153846154 0.7830528846153847 0.05528846153846154 0.05168269230769231
0 0.9272836538461539 0.8155048076923077 0.054086538461538464 0.046875
0 0.8804086538461539 0.7854567307692308 0.0733173076923077 0.06850961538461539
0 0.90625 0.8497596153846154 0.04807692307692308 0.038461538461538464
0 0.8545673076923077 0.8118990384615385 0.07211538461538462 0.06129807692307693
0 0.889423076923077 0.9086538461538463 0.04567307692307693 0.05048076923076923
0 0.8461538461538463 0.9543269230769231 0.05288461538461539 0.06490384615384616
0 0.19290865384615385 0.3034855769230769 0.04447115384615385 0.042067307692307696
