0 0.515625 0.004807692307692308 0.16105769230769232 0.009615384615384616
0 0.5150240384615384 0.02764423076923077 0.08533653846153846 0.019230769230769232
0 0.3191105769230769 0.010817307692307692 0.1358173076923077 0.021634615384615384
0 0.3233173076923077 0.03245192307692308 0.19230769230769232 0.021634615384615384
0 0.32271634615384615 0.056490384615384616 0.2247596153846154 0.026442307692307696
0 0.3185096153846154 0.08293269230769232 0.2884615384615385 0.028846153846153848
0 0.30649038461538464 0.10877403846153846 0.3197115384615385 0.030048076923076924
0 0.2842548076923077 0.1328125 0.32091346153846156 0.022836538461538464
0 0.10697115384615385 0.007211538461538462 0.2139423076923077 0.014423076923076924
0 0.09435096153846155 0.042067307692307696 0.1887019230769231 0.02403846153846154
0 0.07391826923076923 0.07512019230769232 0.14783653846153846 0.02764423076923077
0 0.06069711538461539 0.10757211538461539 0.12139423076923078 0.022836538461538464
0 0.04387019230769231 0.13762019230769232 0.08774038461538462 0.022836538461538464
0 0.025841346153846156 0.17067307692307693 0.05168269230769231 0.02403846153846154
0 0.27824519230769235 0.16045673076923078 0.30168269230769235 0.022836538461538464
0 0.23076923076923078 0.18389423076923078 0.3293269230769231 0.026442307692307696
0 0.20673076923076925 0.2091346153846154 0.32211538461538464 0.02403846153846154
0 0.17608173076923078 0.2325721153846154 0.3353365384615385 0.02764423076923077
0 0.16045673076923078 0.2590144230769231 0.32091346153846156 0.02764423076923077
0 0.5907451923076923 0.2932692307692308 0.20552884615384617 0.21634615384615385
0 0.5715144230769231 0.3082932692307693 0.203125 0.21274038461538464
0 0.5558894230769231 0.32512019230769235 0.20072115384615385 0.21274038461538464
0 0.5384615384615385 0.34074519230769235 0.21153846153846156 0.21033653846153846
0 0.5234375 0.35997596153846156 0.21274038461538464 0.21514423076923078
0 0.3731971153846154 0.7908653846153847 0.6430288461538461 0.4182692307692308
0 0.14122596153846154 0.28305288461538464 0.2824519230769231 0.02764423076923077
0 0.1310096153846154 0.3082932692307693 0.2620192307692308 0.02764423076923077
0 0.1201923076923077 0.3317307692307693 0.2403846153846154 0.026442307692307696
0 0.10276442307692309 0.35697115384615385 0.20552884615384617 0.026442307692307696
0 0.09314903846153846 0.3840144230769231 0.18629807692307693 0.02764423076923077
0 0.07872596153846154 0.4074519230769231 0.15745192307692307 0.03365384615384616
0 0.06069711538461539 0.4332932692307693 0.12139423076923078 0.030048076923076924
0 0.05228365384615385 0.4573317307692308 0.1045673076923077 0.03245192307692308
0 0.04146634615384616 0.48497596153846156 0.08293269230769232 0.030048076923076924
0 0.0234375 0.5078125 0.046875 0.025240384615384616
