0 0.9729567307692308 0.7914663461538461 0.054086538461538464 0.12139423076923078
0 0.9483173076923077 0.9651442307692308 0.10336538461538462 0.06971153846153846
0 0.8575721153846154 0.6231971153846154 0.1310096153846154 0.09735576923076923
0 0.6556490384615385 0.4026442307692308 0.09014423076923077 0.0625
0 0.6436298076923077 0.4212740384615385 0.09014423076923077 0.058894230769230775
0 0.6292067307692308 0.44591346153846156 0.08052884615384616 0.05528846153846154
0 0.6207932692307693 0.4513221153846154 0.06610576923076923 0.046875
0 0.6141826923076923 0.46574519230769235 0.06730769230769232 0.04927884615384616
0 0.609375 0.47836538461538464 0.07211538461538462 0.04567307692307693
0 0.6069711538461539 0.48918269230769235 0.07211538461538462 0.04567307692307693
0 0.701923076923077 0.5264423076923077 0.11057692307692309 0.09855769230769232
0 0.5192307692307693 0.9561298076923077 0.06009615384615385 0.058894230769230775
0 0.45853365384615385 0.9278846153846154 0.08533653846153846 0.09615384615384616
0 0.30649038461538464 0.27824519230769235 0.12740384615384617 0.09495192307692309
0 0.8527644230769231 0.9381009615384616 0.2247596153846154 0.12379807692307693
