0 0.11538461538461539 0.6207932692307693 0.12740384615384617 0.15024038461538464
0 0.48617788461538464 0.4086538461538462 0.12379807692307693 0.13942307692307693
0 0.5775240384615385 0.34615384615384615 0.13341346153846154 0.13461538461538464
0 0.6742788461538461 0.28966346153846156 0.125 0.13701923076923078
0 0.7590144230769231 0.23197115384615385 0.10697115384615385 0.12980769230769232
0 0.9849759615384616 0.2355769230769231 0.030048076923076924 0.09615384615384616
0 0.936298076923077 0.27584134615384615 0.07451923076923077 0.09975961538461539
0 0.9134615384615385 0.29387019230769235 0.08173076923076923 0.08774038461538462
0 0.8455528846153847 0.33293269230769235 0.07091346153846154 0.09855769230769232
0 0.8149038461538461 0.3551682692307693 0.0889423076923077 0.09735576923076923
0 0.7896634615384616 0.37560096153846156 0.07451923076923077 0.09495192307692309
0 0.7169471153846154 0.41466346153846156 0.078125 0.09855769230769232
0 0.694110576923077 0.4338942307692308 0.07572115384615385 0.09134615384615385
0 0.6225961538461539 0.4765625 0.07451923076923077 0.09254807692307693
0 0.5991586538461539 0.49338942307692313 0.08293269230769232 0.09735576923076923
0 0.6712740384615385 0.609375 0.09735576923076923 0.12980769230769232
0 0.7025240384615385 0.5901442307692308 0.10697115384615385 0.13461538461538464
0 0.7578125 0.5522836538461539 0.109375 0.13341346153846154
0 0.7932692307692308 0.5294471153846154 0.11057692307692309 0.12620192307692307
0 0.8515625 0.49278846153846156 0.11177884615384616 0.13461538461538464
0 0.8888221153846154 0.4723557692307693 0.10697115384615385 0.13461538461538464
0 0.921875 0.44651442307692313 0.10336538461538462 0.13341346153846154
0 0.9645432692307693 0.41105769230769235 0.07091346153846154 0.13461538461538464
0 0.9807692307692308 0.38762019230769235 0.038461538461538464 0.1310096153846154
0 0.9717548076923077 0.5474759615384616 0.056490384615384616 0.09014423076923077
0 0.9525240384615385 0.5679086538461539 0.08293269230769232 0.09495192307692309
0 0.9170673076923077 0.5889423076923077 0.07932692307692309 0.09134615384615385
0 0.8569711538461539 0.6298076923076923 0.07932692307692309 0.0889423076923077
0 0.8233173076923077 0.6508413461538461 0.07692307692307693 0.09735576923076923
0 0.7650240384615385 0.6875 0.07572115384615385 0.09375
0 0.7349759615384616 0.709735576923077 0.07572115384615385 0.08774038461538462
0 0.34855769230769235 0.6814903846153847 0.3028846153846154 0.4254807692307693
0 0.2716346153846154 0.8245192307692308 0.2139423076923077 0.31490384615384615
0 0.15685096153846154 0.8689903846153847 0.23197115384615385 0.2620192307692308
0 0.04747596153846154 0.9032451923076924 0.09495192307692309 0.1935096153846154
0 0.10637019230769232 0.8936298076923077 0.21274038461538464 0.21274038461538464
0 0.31009615384615385 0.8040865384615385 0.21634615384615385 0.3076923076923077
0 0.4417067307692308 0.6418269230769231 0.33774038461538464 0.4278846153846154
