0 0.5721153846153847 0.2433894230769231 0.08173076923076923 0.030048076923076924
0 0.4903846153846154 0.21875 0.08413461538461539 0.028846153846153848
0 0.4098557692307693 0.2109375 0.06009615384615385 0.03245192307692308
0 0.44711538461538464 0.234375 0.14423076923076925 0.05048076923076923
0 0.48617788461538464 0.2325721153846154 0.07572115384615385 0.030048076923076924
0 0.5709134615384616 0.2566105769230769 0.08173076923076923 0.030048076923076924
0 0.5661057692307693 0.2698317307692308 0.07932692307692309 0.030048076923076924
0 0.561298076923077 0.2824519230769231 0.07932692307692309 0.03125
0 0.44290865384615385 0.25180288461538464 0.14783653846153846 0.04927884615384616
0 0.4405048076923077 0.2620192307692308 0.14543269230769232 0.05048076923076923
0 0.43509615384615385 0.2770432692307693 0.1514423076923077 0.054086538461538464
0 0.9405048076923077 0.8479567307692308 0.07091346153846154 0.042067307692307696
0 0.9879807692307693 0.8756009615384616 0.02403846153846154 0.046875
0 0.5943509615384616 0.9765625 0.08293269230769232 0.046875
0 0.5054086538461539 0.9615384615384616 0.08533653846153846 0.07692307692307693
0 0.5558894230769231 0.29387019230769235 0.08052884615384616 0.037259615384615384
0 0.5528846153846154 0.3088942307692308 0.07932692307692309 0.03365384615384616
0 0.5492788461538461 0.32572115384615385 0.07932692307692309 0.03125
0 0.46574519230769235 0.30228365384615385 0.07572115384615385 0.03245192307692308
0 0.2842548076923077 0.9332932692307693 0.10697115384615385 0.09254807692307693
0 0.18930288461538464 0.9068509615384616 0.10216346153846155 0.09735576923076923
