0 0.31430288461538464 0.4801682692307693 0.1310096153846154 0.11899038461538462
0 0.359375 0.5366586538461539 0.04807692307692308 0.05168269230769231
0 0.4831730769230769 0.41947115384615385 0.05528846153846154 0.05048076923076923
0 0.5234375 0.45072115384615385 0.06129807692307693 0.06009615384615385
0 0.569110576923077 0.48557692307692313 0.06370192307692309 0.06009615384615385
0 0.6171875 0.5198317307692308 0.06610576923076923 0.056490384615384616
0 0.5444711538461539 0.5270432692307693 0.06009615384615385 0.04927884615384616
0 0.584735576923077 0.5594951923076923 0.042067307692307696 0.037259615384615384
0 0.48617788461538464 0.5552884615384616 0.037259615384615384 0.038461538461538464
0 0.46153846153846156 0.584735576923077 0.04326923076923077 0.042067307692307696
0 0.5282451923076923 0.584735576923077 0.05168269230769231 0.05168269230769231
0 0.4981971153846154 0.6177884615384616 0.05168269230769231 0.04326923076923077
0 0.875 0.7548076923076924 0.05288461538461539 0.05048076923076923
0 0.842548076923077 0.795673076923077 0.05288461538461539 0.05288461538461539
0 0.8227163461538461 0.8203125 0.042067307692307696 0.03966346153846154
0 0.8082932692307693 0.8858173076923077 0.0733173076923077 0.06009615384615385
0 0.7788461538461539 0.9236778846153847 0.05528846153846154 0.06370192307692309
0 0.8329326923076924 0.9645432692307693 0.08653846153846154 0.07091346153846154
0 0.8810096153846154 0.9489182692307693 0.06490384615384616 0.05168269230769231
0 0.9489182692307693 0.7680288461538461 0.07091346153846154 0.06490384615384616
0 0.9873798076923077 0.8094951923076924 0.025240384615384616 0.037259615384615384
0 0.975360576923077 0.834735576923077 0.04927884615384616 0.04927884615384616
0 0.9248798076923077 0.8004807692307693 0.08293269230769232 0.07451923076923077
0 0.8990384615384616 0.8377403846153847 0.08173076923076923 0.06730769230769232
0 0.8731971153846154 0.8641826923076924 0.06850961538461539 0.06009615384615385
0 0.9573317307692308 0.881610576923077 0.0733173076923077 0.06850961538461539
0 0.9356971153846154 0.912860576923077 0.06850961538461539 0.054086538461538464
0 0.9903846153846154 0.928485576923077 0.019230769230769232 0.07091346153846154
0 0.9783653846153847 0.9573317307692308 0.04326923076923077 0.06129807692307693
0 0.39122596153846156 0.4993990384615385 0.04447115384615385 0.042067307692307696
