0 0.05829326923076923 0.09254807692307693 0.03245192307692308 0.021634615384615384
0 0.453125 0.15625 0.040865384615384616 0.03125
0 0.1778846153846154 0.41586538461538464 0.17307692307692307 0.09134615384615385
0 0.25841346153846156 0.686298076923077 0.09855769230769232 0.0625
0 0.3774038461538462 0.6346153846153847 0.03125 0.057692307692307696
0 0.39122596153846156 0.6286057692307693 0.02764423076923077 0.05288461538461539
0 0.4044471153846154 0.625 0.03245192307692308 0.057692307692307696
0 0.421875 0.623798076923077 0.03365384615384616 0.057692307692307696
0 0.4362980769230769 0.6189903846153847 0.03365384615384616 0.057692307692307696
0 0.45372596153846156 0.6111778846153847 0.030048076923076924 0.056490384615384616
0 0.46995192307692313 0.6039663461538461 0.021634615384615384 0.058894230769230775
0 0.4879807692307693 0.6129807692307693 0.021634615384615384 0.03125
0 0.2770432692307693 0.9561298076923077 0.08293269230769232 0.04447115384615385
