0 0.6201923076923077 0.1358173076923077 0.07451923076923077 0.021634615384615384
0 0.6129807692307693 0.17127403846153846 0.14423076923076925 0.025240384615384616
0 0.615985576923077 0.20552884615384617 0.203125 0.026442307692307696
0 0.6165865384615385 0.23918269230769232 0.2716346153846154 0.02403846153846154
0 0.592548076923077 0.27103365384615385 0.3125 0.030048076923076924
0 0.5582932692307693 0.3034855769230769 0.29447115384615385 0.022836538461538464
0 0.5204326923076923 0.3359375 0.2956730769230769 0.022836538461538464
0 0.5030048076923077 0.36899038461538464 0.27043269230769235 0.021634615384615384
0 0.5 0.4020432692307693 0.20192307692307693 0.022836538461538464
0 0.4993990384615385 0.43449519230769235 0.13341346153846154 0.020432692307692308
0 0.4993990384615385 0.46875 0.07091346153846154 0.02403846153846154
0 0.7818509615384616 0.29387019230769235 0.058894230769230775 0.020432692307692308
0 0.7728365384615385 0.3191105769230769 0.10576923076923078 0.020432692307692308
0 0.7734375 0.3467548076923077 0.1622596153846154 0.022836538461538464
0 0.7830528846153847 0.3731971153846154 0.21274038461538464 0.022836538461538464
0 0.7686298076923077 0.3978365384615385 0.24158653846153846 0.026442307692307696
0 0.7686298076923077 0.4200721153846154 0.30649038461538464 0.02764423076923077
0 0.7578125 0.44711538461538464 0.32091346153846156 0.026442307692307696
0 0.7283653846153847 0.47055288461538464 0.3125 0.022836538461538464
0 0.7139423076923077 0.4993990384615385 0.2980769230769231 0.02764423076923077
0 0.6989182692307693 0.5234375 0.2848557692307693 0.02764423076923077
0 0.6844951923076923 0.5450721153846154 0.24639423076923078 0.025240384615384616
0 0.6905048076923077 0.5745192307692308 0.1935096153846154 0.021634615384615384
0 0.686298076923077 0.5979567307692308 0.16105769230769232 0.018028846153846156
0 0.6856971153846154 0.625 0.08533653846153846 0.019230769230769232
0 0.33653846153846156 0.4050480769230769 0.07932692307692309 0.021634615384615384
0 0.3359375 0.44230769230769235 0.14783653846153846 0.021634615384615384
0 0.33834134615384615 0.4753605769230769 0.21033653846153846 0.022836538461538464
0 0.3341346153846154 0.5072115384615384 0.28365384615384615 0.026442307692307696
0 0.3046875 0.5420673076923077 0.28966346153846156 0.02403846153846154
0 0.2692307692307693 0.5727163461538461 0.3004807692307693 0.022836538461538464
0 0.4945913461538462 0.5751201923076923 0.10216346153846155 0.022836538461538464
0 0.48978365384615385 0.6075721153846154 0.1358173076923077 0.022836538461538464
0 0.49399038461538464 0.6298076923076923 0.19230769230769232 0.021634615384615384
0 0.49338942307692313 0.6538461538461539 0.2247596153846154 0.026442307692307696
0 0.48918269230769235 0.6802884615384616 0.2884615384615385 0.028846153846153848
0 0.47716346153846156 0.7061298076923077 0.3197115384615385 0.030048076923076924
0 0.45492788461538464 0.7301682692307693 0.32091346153846156 0.022836538461538464
0 0.2325721153846154 0.6027644230769231 0.3040865384615385 0.018028846153846156
0 0.2043269230769231 0.639423076923077 0.31009615384615385 0.02403846153846154
0 0.17067307692307693 0.6724759615384616 0.2956730769230769 0.02764423076923077
0 0.14603365384615385 0.7049278846153847 0.2920673076923077 0.022836538461538464
0 0.12920673076923078 0.7349759615384616 0.25841346153846156 0.022836538461538464
0 0.11117788461538462 0.7680288461538461 0.22235576923076925 0.02403846153846154
0 0.09435096153846155 0.7992788461538461 0.1887019230769231 0.026442307692307696
0 0.07752403846153846 0.8353365384615385 0.15504807692307693 0.02403846153846154
0 0.4489182692307693 0.7578125 0.30168269230769235 0.022836538461538464
0 0.4014423076923077 0.78125 0.3293269230769231 0.026442307692307696
0 0.3774038461538462 0.8064903846153847 0.32211538461538464 0.02403846153846154
0 0.3467548076923077 0.8299278846153847 0.3353365384615385 0.02764423076923077
0 0.32091346153846156 0.8563701923076924 0.34134615384615385 0.02764423076923077
0 0.7614182692307693 0.890625 0.20552884615384617 0.21634615384615385
0 0.7421875 0.8996394230769231 0.203125 0.20072115384615385
0 0.7265625 0.9080528846153847 0.20072115384615385 0.18389423076923078
0 0.7091346153846154 0.9164663461538463 0.21153846153846156 0.1670673076923077
0 0.694110576923077 0.9248798076923077 0.21274038461538464 0.15024038461538464
0 0.2962740384615385 0.8804086538461539 0.3137019230769231 0.02764423076923077
0 0.2650240384615385 0.9056490384615385 0.3353365384615385 0.02764423076923077
0 0.2451923076923077 0.9290865384615385 0.3317307692307693 0.026442307692307696
0 0.21754807692307693 0.9543269230769231 0.31730769230769235 0.026442307692307696
0 0.19230769230769232 0.9813701923076924 0.3293269230769231 0.02764423076923077
0 0.16826923076923078 0.9939903846153847 0.3197115384615385 0.01201923076923077
0 0.05829326923076923 0.8653846153846154 0.11658653846153846 0.02403846153846154
0 0.04026442307692308 0.8996394230769231 0.08052884615384616 0.025240384615384616
0 0.028846153846153848 0.9320913461538463 0.057692307692307696 0.025240384615384616
