0 0.9927884615384616 0.7043269230769231 0.014423076923076924 0.05048076923076923
0 0.9387019230769231 0.7103365384615385 0.06730769230769232 0.057692307692307696
0 0.48978365384615385 0.22836538461538464 0.056490384615384616 0.057692307692307696
0 0.23677884615384617 0.21033653846153846 0.04326923076923077 0.040865384615384616
0 0.3401442307692308 0.28125 0.05288461538461539 0.05288461538461539
0 0.4921875 0.4633413461538462 0.02764423076923077 0.030048076923076924
0 0.5324519230769231 0.4867788461538462 0.04326923076923077 0.03365384615384616
0 0.5793269230769231 0.545673076923077 0.040865384615384616 0.05288461538461539
0 0.537860576923077 0.6995192307692308 0.06370192307692309 0.06730769230769232
0 0.4825721153846154 0.6490384615384616 0.02764423076923077 0.03125
0 0.43810096153846156 0.6099759615384616 0.02764423076923077 0.022836538461538464
0 0.3245192307692308 0.7205528846153847 0.08653846153846154 0.08293269230769232
2 0.010216346153846154 0.576923076923077 0.020432692307692308 0.05288461538461539
0 0.27584134615384615 0.24879807692307693 0.037259615384615384 0.03125
