0 0.9885817307692308 0.2794471153846154 0.022836538461538464 0.042067307692307696
0 0.8521634615384616 0.5330528846153847 0.12259615384615385 0.11658653846153846
0 0.9765625 0.7013221153846154 0.046875 0.12860576923076925
0 0.6442307692307693 0.842548076923077 0.02403846153846154 0.026442307692307696
0 0.5516826923076923 0.9957932692307693 0.03365384615384616 0.00841346153846154
0 0.16766826923076925 0.49699519230769235 0.042067307692307696 0.03245192307692308
0 0.2716346153846154 0.5907451923076923 0.04807692307692308 0.03245192307692308
0 0.3191105769230769 0.5985576923076923 0.046875 0.04326923076923077
0 0.35697115384615385 0.6195913461538461 0.04567307692307693 0.046875
0 0.16346153846153846 0.7602163461538461 0.0625 0.0733173076923077
0 0.21274038461538464 0.7842548076923077 0.026442307692307696 0.030048076923076924
0 0.3118990384615385 0.8251201923076924 0.06850961538461539 0.07572115384615385
0 0.3497596153846154 0.8545673076923077 0.028846153846153848 0.03605769230769231
