0 0.2325721153846154 0.025841346153846156 0.1935096153846154 0.05168269230769231
0 0.14182692307692307 0.06730769230769232 0.19230769230769232 0.13461538461538464
0 0.06850961538461539 0.11778846153846155 0.13701923076923078 0.19230769230769232
0 0.3828125 0.11358173076923078 0.07572115384615385 0.03245192307692308
0 0.37560096153846156 0.140625 0.1045673076923077 0.04326923076923077
0 0.36899038461538464 0.16526442307692307 0.1514423076923077 0.054086538461538464
0 0.35697115384615385 0.19290865384615385 0.2139423076923077 0.06370192307692309
0 0.3497596153846154 0.21814903846153846 0.2644230769230769 0.0733173076923077
0 0.9188701923076924 0.10516826923076923 0.1622596153846154 0.21033653846153846
0 0.021033653846153848 0.1983173076923077 0.042067307692307696 0.19951923076923078
0 0.3341346153846154 0.24579326923076925 0.3245192307692308 0.09254807692307693
0 0.33774038461538464 0.2668269230769231 0.3509615384615385 0.09134615384615385
0 0.3942307692307693 0.2806490384615385 0.2692307692307693 0.07572115384615385
0 0.3996394230769231 0.3010817307692308 0.28966346153846156 0.08533653846153846
0 0.3323317307692308 0.3371394230769231 0.2512019230769231 0.07091346153846154
0 0.40625 0.3683894230769231 0.2932692307692308 0.08052884615384616
0 0.3822115384615385 0.39603365384615385 0.2451923076923077 0.0733173076923077
0 0.3731971153846154 0.4200721153846154 0.18149038461538464 0.054086538461538464
0 0.3581730769230769 0.4447115384615385 0.12740384615384617 0.040865384615384616
0 0.5336538461538461 0.4753605769230769 0.3269230769230769 0.08533653846153846
0 0.5408653846153847 0.5 0.35336538461538464 0.09375
0 0.5552884615384616 0.5198317307692308 0.34855769230769235 0.09014423076923077
0 0.5745192307692308 0.5396634615384616 0.3509615384615385 0.0889423076923077
0 0.59375 0.5576923076923077 0.3557692307692308 0.09134615384615385
0 0.6015625 0.5751201923076923 0.3449519230769231 0.09254807692307693
0 0.6045673076923077 0.6009615384615385 0.2932692307692308 0.08173076923076923
0 0.5829326923076923 0.6508413461538461 0.18509615384615385 0.06129807692307693
0 0.5943509615384616 0.6231971153846154 0.24639423076923078 0.0733173076923077
0 0.5739182692307693 0.6748798076923077 0.14302884615384617 0.046875
