0 0.06850961538461539 0.11538461538461539 0.05528846153846154 0.05048076923076923
0 0.10877403846153846 0.1466346153846154 0.06129807692307693 0.06009615384615385
0 0.1544471153846154 0.18149038461538464 0.06370192307692309 0.06009615384615385
0 0.20252403846153846 0.21574519230769232 0.06610576923076923 0.056490384615384616
0 0.12980769230769232 0.22295673076923078 0.06009615384615385 0.04927884615384616
0 0.1700721153846154 0.25540865384615385 0.042067307692307696 0.037259615384615384
0 0.07151442307692309 0.2512019230769231 0.037259615384615384 0.038461538461538464
0 0.046875 0.2806490384615385 0.04326923076923077 0.042067307692307696
0 0.11358173076923078 0.2806490384615385 0.05168269230769231 0.05168269230769231
0 0.08353365384615385 0.3137019230769231 0.05168269230769231 0.04326923076923077
0 0.4603365384615385 0.45072115384615385 0.05288461538461539 0.05048076923076923
0 0.4278846153846154 0.4915865384615385 0.05288461538461539 0.05288461538461539
0 0.40805288461538464 0.5162259615384616 0.042067307692307696 0.03966346153846154
0 0.3936298076923077 0.5817307692307693 0.0733173076923077 0.06009615384615385
0 0.36418269230769235 0.6195913461538461 0.05528846153846154 0.06370192307692309
0 0.4182692307692308 0.6634615384615385 0.08653846153846154 0.07692307692307693
0 0.46634615384615385 0.6448317307692308 0.06490384615384616 0.05168269230769231
0 0.5342548076923077 0.4639423076923077 0.07091346153846154 0.06490384615384616
0 0.5805288461538461 0.5054086538461539 0.040865384615384616 0.037259615384615384
0 0.561298076923077 0.5306490384615384 0.05048076923076923 0.04927884615384616
0 0.5102163461538461 0.4963942307692308 0.08293269230769232 0.07451923076923077
0 0.484375 0.5336538461538461 0.08173076923076923 0.06730769230769232
0 0.45853365384615385 0.5600961538461539 0.06850961538461539 0.06009615384615385
0 0.5426682692307693 0.5775240384615385 0.0733173076923077 0.06850961538461539
0 0.5210336538461539 0.6087740384615385 0.06850961538461539 0.054086538461538464
0 0.6033653846153847 0.6243990384615385 0.07451923076923077 0.07091346153846154
0 0.576923076923077 0.6532451923076923 0.06971153846153846 0.06129807692307693
0 0.6730769230769231 0.5751201923076923 0.03365384615384616 0.03485576923076923
0 0.694110576923077 0.6382211538461539 0.0733173076923077 0.07451923076923077
0 0.7181490384615385 0.6105769230769231 0.06850961538461539 0.05528846153846154
0 0.764423076923077 0.6448317307692308 0.040865384615384616 0.03966346153846154
0 0.7427884615384616 0.6748798076923077 0.05528846153846154 0.05168269230769231
0 0.7109375 0.7073317307692308 0.054086538461538464 0.046875
0 0.6640625 0.6772836538461539 0.0733173076923077 0.06850961538461539
0 0.6899038461538461 0.7415865384615385 0.04807692307692308 0.038461538461538464
0 0.6382211538461539 0.7037259615384616 0.07211538461538462 0.06129807692307693
0 0.6730769230769231 0.8004807692307693 0.04567307692307693 0.05048076923076923
0 0.6298076923076923 0.8461538461538463 0.05288461538461539 0.06490384615384616
0 0.24759615384615385 0.9423076923076924 0.028846153846153848 0.026442307692307696
