0 0.8918269230769231 0.8209134615384616 0.14182692307692307 0.13942307692307693
0 0.9801682692307693 0.6983173076923077 0.03966346153846154 0.10336538461538462
0 0.9236778846153847 0.5546875 0.11177884615384616 0.10216346153846155
0 0.8828125 0.5294471153846154 0.037259615384615384 0.042067307692307696
0 0.9044471153846154 0.5114182692307693 0.037259615384615384 0.03245192307692308
0 0.9266826923076924 0.49699519230769235 0.03365384615384616 0.03485576923076923
0 0.8046875 0.6424278846153847 0.14543269230769232 0.12860576923076925
0 0.7259615384615385 0.6304086538461539 0.04807692307692308 0.04927884615384616
0 0.7469951923076924 0.6141826923076923 0.046875 0.04326923076923077
0 0.7686298076923077 0.5967548076923077 0.046875 0.05168269230769231
0 0.7914663461538461 0.5805288461538461 0.04447115384615385 0.04567307692307693
0 0.811298076923077 0.5661057692307693 0.05048076923076923 0.040865384615384616
0 0.5949519230769231 0.5186298076923077 0.07211538461538462 0.06370192307692309
0 0.6340144230769231 0.4729567307692308 0.109375 0.1045673076923077
0 0.6893028846153847 0.4056490384615385 0.1045673076923077 0.09975961538461539
0 0.748798076923077 0.3449519230769231 0.10576923076923078 0.10817307692307693
0 0.7145432692307693 0.2650240384615385 0.06850961538461539 0.054086538461538464
0 0.6965144230769231 0.2890625 0.058894230769230775 0.05168269230769231
0 0.6760817307692308 0.3088942307692308 0.06850961538461539 0.05288461538461539
0 0.6634615384615385 0.3317307692307693 0.06009615384615385 0.05048076923076923
0 0.6400240384615385 0.3509615384615385 0.056490384615384616 0.05048076923076923
0 0.6243990384615385 0.37259615384615385 0.06850961538461539 0.057692307692307696
0 0.6069711538461539 0.39543269230769235 0.05288461538461539 0.04807692307692308
0 0.5943509615384616 0.4164663461538462 0.058894230769230775 0.042067307692307696
0 0.578125 0.4362980769230769 0.057692307692307696 0.04807692307692308
0 0.5570913461538461 0.4591346153846154 0.05168269230769231 0.04326923076923077
0 0.5402644230769231 0.4831730769230769 0.05168269230769231 0.04567307692307693
0 0.39242788461538464 0.5024038461538461 0.11899038461538462 0.11057692307692309
0 0.4951923076923077 0.22115384615384617 0.20673076923076925 0.1875
0 0.3449519230769231 0.1670673076923077 0.06009615384615385 0.10096153846153846
0 0.3088942307692308 0.22836538461538464 0.0889423076923077 0.06971153846153846
0 0.25961538461538464 0.34435096153846156 0.09375 0.07091346153846154
0 0.3191105769230769 0.42307692307692313 0.07091346153846154 0.08173076923076923
0 0.11778846153846155 0.5432692307692308 0.07451923076923077 0.06490384615384616
0 0.1466346153846154 0.5048076923076923 0.07932692307692309 0.07932692307692309
0 0.171875 0.4609375 0.06490384615384616 0.058894230769230775
0 0.09975961538461539 0.04266826923076923 0.09615384615384616 0.08533653846153846
0 0.19891826923076925 0.011418269230769232 0.1622596153846154 0.022836538461538464
