0 0.8413461538461539 0.018629807692307692 0.1514423076923077 0.037259615384615384
0 0.8731971153846154 0.06610576923076923 0.11899038461538462 0.12980769230769232
0 0.9477163461538463 0.07091346153846154 0.1045673076923077 0.11298076923076923
0 0.9615384615384616 0.140625 0.07692307692307693 0.10576923076923078
0 0.7403846153846154 0.04026442307692308 0.09855769230769232 0.08052884615384616
0 0.7788461538461539 0.11057692307692309 0.09134615384615385 0.11298076923076923
0 0.8966346153846154 0.16286057692307693 0.11057692307692309 0.11418269230769232
0 0.9254807692307693 0.23858173076923078 0.09855769230769232 0.10216346153846155
0 0.9585336538461539 0.3167067307692308 0.08293269230769232 0.09735576923076923
0 0.6520432692307693 0.04387019230769231 0.109375 0.08774038461538462
0 0.59375 0.056490384615384616 0.07932692307692309 0.11298076923076923
0 0.6280048076923077 0.16526442307692307 0.09735576923076923 0.13341346153846154
0 0.7067307692307693 0.13401442307692307 0.10096153846153846 0.1310096153846154
0 0.8233173076923077 0.19471153846153846 0.09855769230769232 0.10576923076923078
0 0.7451923076923077 0.22836538461538464 0.09375 0.10336538461538462
0 0.8515625 0.2746394230769231 0.08533653846153846 0.10697115384615385
0 0.7794471153846154 0.2980769230769231 0.08533653846153846 0.08653846153846154
0 0.670673076923077 0.2590144230769231 0.09134615384615385 0.10697115384615385
0 0.5498798076923077 0.171875 0.09735576923076923 0.08653846153846154
0 0.5655048076923077 0.22295673076923078 0.08774038461538462 0.08293269230769232
0 0.47415865384615385 0.20072115384615385 0.08774038461538462 0.08173076923076923
0 0.4981971153846154 0.2608173076923077 0.09014423076923077 0.08173076923076923
0 0.5967548076923077 0.29447115384615385 0.09975961538461539 0.11057692307692309
0 0.522235576923077 0.32271634615384615 0.09495192307692309 0.10697115384615385
0 0.7013221153846154 0.3431490384615385 0.08533653846153846 0.08293269230769232
0 0.44591346153846156 0.3527644230769231 0.10096153846153846 0.1045673076923077
0 0.8810096153846154 0.3497596153846154 0.08413461538461539 0.09615384615384616
0 0.9723557692307693 0.39122596153846156 0.05528846153846154 0.11418269230769232
0 0.920673076923077 0.42728365384615385 0.09855769230769232 0.09975961538461539
0 0.8125 0.38040865384615385 0.08653846153846154 0.09495192307692309
0 0.8443509615384616 0.4555288461538462 0.10216346153846155 0.10817307692307693
0 0.8756009615384616 0.537860576923077 0.09254807692307693 0.09254807692307693
0 0.8088942307692308 0.5679086538461539 0.09615384615384616 0.09495192307692309
0 0.7385817307692308 0.4128605769230769 0.09735576923076923 0.09014423076923077
0 0.7710336538461539 0.484375 0.09495192307692309 0.10336538461538462
0 0.6286057692307693 0.36899038461538464 0.09134615384615385 0.09134615384615385
0 0.6664663461538461 0.4411057692307693 0.08533653846153846 0.09134615384615385
0 0.7001201923076924 0.5198317307692308 0.09735576923076923 0.10697115384615385
0 0.5570913461538461 0.3996394230769231 0.09014423076923077 0.09975961538461539
0 0.5853365384615385 0.4765625 0.08173076923076923 0.09735576923076923
0 0.6256009615384616 0.5558894230769231 0.10216346153846155 0.1045673076923077
0 0.48617788461538464 0.43449519230769235 0.08293269230769232 0.09975961538461539
0 0.36899038461538464 0.38762019230769235 0.09855769230769232 0.11418269230769232
0 0.4044471153846154 0.4651442307692308 0.09254807692307693 0.09855769230769232
0 0.5186298076923077 0.5102163461538461 0.08293269230769232 0.09495192307692309
0 0.5462740384615385 0.5883413461538461 0.10216346153846155 0.109375
0 0.4747596153846154 0.6201923076923077 0.10336538461538462 0.11778846153846155
0 0.44290865384615385 0.5450721153846154 0.1045673076923077 0.10697115384615385
0 0.5637019230769231 0.7427884615384616 0.09855769230769232 0.13461538461538464
0 0.5162259615384616 0.7638221153846154 0.09735576923076923 0.1358173076923077
