0 0.42307692307692313 0.17307692307692307 0.07451923076923077 0.021634615384615384
0 0.41586538461538464 0.20853365384615385 0.14423076923076925 0.025240384615384616
0 0.41887019230769235 0.24278846153846156 0.203125 0.026442307692307696
0 0.41947115384615385 0.2764423076923077 0.2716346153846154 0.02403846153846154
0 0.39543269230769235 0.3082932692307693 0.3125 0.030048076923076924
0 0.36117788461538464 0.34074519230769235 0.29447115384615385 0.022836538461538464
0 0.3233173076923077 0.3731971153846154 0.2956730769230769 0.022836538461538464
0 0.3058894230769231 0.40625 0.27043269230769235 0.021634615384615384
0 0.3028846153846154 0.43930288461538464 0.20192307692307693 0.022836538461538464
0 0.30228365384615385 0.4717548076923077 0.13341346153846154 0.020432692307692308
0 0.30228365384615385 0.5060096153846154 0.07091346153846154 0.02403846153846154
0 0.584735576923077 0.3311298076923077 0.058894230769230775 0.020432692307692308
0 0.5757211538461539 0.35637019230769235 0.10576923076923078 0.020432692307692308
0 0.5763221153846154 0.3840144230769231 0.1622596153846154 0.022836538461538464
0 0.5859375 0.4104567307692308 0.21274038461538464 0.022836538461538464
0 0.5715144230769231 0.43509615384615385 0.24158653846153846 0.026442307692307696
0 0.5715144230769231 0.4573317307692308 0.30649038461538464 0.02764423076923077
0 0.5606971153846154 0.484375 0.32091346153846156 0.026442307692307696
0 0.53125 0.5078125 0.3125 0.022836538461538464
0 0.5168269230769231 0.5366586538461539 0.2980769230769231 0.02764423076923077
0 0.5018028846153847 0.5606971153846154 0.2848557692307693 0.02764423076923077
0 0.4873798076923077 0.5823317307692308 0.24639423076923078 0.025240384615384616
0 0.49338942307692313 0.6117788461538461 0.1935096153846154 0.021634615384615384
0 0.48918269230769235 0.6352163461538461 0.16105769230769232 0.018028846153846156
0 0.4885817307692308 0.6622596153846154 0.08533653846153846 0.019230769230769232
0 0.13942307692307693 0.44230769230769235 0.07932692307692309 0.021634615384615384
0 0.1388221153846154 0.4795673076923077 0.14783653846153846 0.021634615384615384
0 0.14122596153846154 0.5126201923076923 0.21033653846153846 0.022836538461538464
0 0.13942307692307693 0.5444711538461539 0.27884615384615385 0.026442307692307696
0 0.12620192307692307 0.5793269230769231 0.25240384615384615 0.02403846153846154
0 0.11117788461538462 0.6099759615384616 0.22235576923076925 0.022836538461538464
0 0.29747596153846156 0.6123798076923077 0.10216346153846155 0.022836538461538464
0 0.2926682692307693 0.6448317307692308 0.1358173076923077 0.022836538461538464
0 0.296875 0.6670673076923077 0.19230769230769232 0.021634615384615384
0 0.2962740384615385 0.6911057692307693 0.2247596153846154 0.026442307692307696
0 0.2920673076923077 0.717548076923077 0.2884615384615385 0.028846153846153848
0 0.2800480769230769 0.7433894230769231 0.3197115384615385 0.030048076923076924
0 0.2578125 0.7674278846153847 0.32091346153846156 0.022836538461538464
0 0.09375 0.6400240384615385 0.1875 0.018028846153846156
0 0.0811298076923077 0.6766826923076923 0.1622596153846154 0.02403846153846154
0 0.06069711538461539 0.709735576923077 0.12139423076923078 0.02764423076923077
0 0.04747596153846154 0.7421875 0.09495192307692309 0.022836538461538464
0 0.030649038461538464 0.772235576923077 0.06129807692307693 0.022836538461538464
0 0.25180288461538464 0.7950721153846154 0.30168269230769235 0.022836538461538464
0 0.2043269230769231 0.8185096153846154 0.3293269230769231 0.026442307692307696
0 0.18028846153846154 0.84375 0.32211538461538464 0.02403846153846154
0 0.15865384615384617 0.8671875 0.31730769230769235 0.02764423076923077
0 0.14723557692307693 0.8936298076923077 0.29447115384615385 0.02764423076923077
0 0.5643028846153847 0.9098557692307693 0.20552884615384617 0.18028846153846154
0 0.5450721153846154 0.9182692307692308 0.203125 0.16346153846153846
0 0.5294471153846154 0.9266826923076924 0.20072115384615385 0.1466346153846154
0 0.5120192307692308 0.9350961538461539 0.21153846153846156 0.12980769230769232
0 0.49699519230769235 0.9435096153846154 0.21274038461538464 0.11298076923076923
0 0.1280048076923077 0.9176682692307693 0.2560096153846154 0.02764423076923077
0 0.11778846153846155 0.9429086538461539 0.2355769230769231 0.02764423076923077
0 0.10697115384615385 0.9663461538461539 0.2139423076923077 0.026442307692307696
0 0.08954326923076923 0.9891826923076924 0.17908653846153846 0.021634615384615384
