0 0.7872596153846154 0.009615384615384616 0.2884615384615385 0.019230769230769232
0 0.7752403846153847 0.030649038461538464 0.3197115384615385 0.030048076923076924
0 0.7530048076923077 0.0546875 0.32091346153846156 0.022836538461538464
0 0.46875 0.005408653846153846 0.2956730769230769 0.010817307692307692
0 0.43870192307692313 0.029447115384615388 0.3028846153846154 0.022836538461538464
0 0.40324519230769235 0.05949519230769231 0.30649038461538464 0.022836538461538464
0 0.36899038461538464 0.09254807692307693 0.3028846153846154 0.02403846153846154
0 0.3359375 0.12379807692307693 0.30168269230769235 0.026442307692307696
0 0.30168269230769235 0.15985576923076925 0.3028846153846154 0.02403846153846154
0 0.7469951923076924 0.08233173076923077 0.30168269230769235 0.022836538461538464
0 0.6995192307692308 0.10576923076923078 0.3293269230769231 0.026442307692307696
0 0.6754807692307693 0.1310096153846154 0.32211538461538464 0.02403846153846154
0 0.6448317307692308 0.1544471153846154 0.3353365384615385 0.02764423076923077
0 0.6189903846153847 0.1808894230769231 0.34134615384615385 0.02764423076923077
0 0.9783653846153847 0.21514423076923078 0.04326923076923077 0.21634615384615385
0 0.9693509615384616 0.23016826923076925 0.06129807692307693 0.21274038461538464
0 0.9621394230769231 0.24699519230769232 0.07572115384615385 0.21274038461538464
0 0.9507211538461539 0.26262019230769235 0.09855769230769232 0.21033653846153846
0 0.9429086538461539 0.28185096153846156 0.11418269230769232 0.21514423076923078
0 0.7602163461538461 0.7518028846153847 0.4795673076923077 0.4963942307692308
0 0.5943509615384616 0.20492788461538464 0.3137019230769231 0.02764423076923077
0 0.5631009615384616 0.23016826923076925 0.3353365384615385 0.02764423076923077
0 0.5432692307692308 0.2536057692307692 0.3317307692307693 0.026442307692307696
0 0.515625 0.27884615384615385 0.31730769230769235 0.026442307692307696
0 0.4903846153846154 0.3058894230769231 0.3293269230769231 0.02764423076923077
0 0.46634615384615385 0.3293269230769231 0.3197115384615385 0.03365384615384616
0 0.4332932692307693 0.3551682692307693 0.3137019230769231 0.030048076923076924
0 0.4104567307692308 0.3792067307692308 0.32572115384615385 0.03245192307692308
0 0.3870192307692308 0.40685096153846156 0.3293269230769231 0.030048076923076924
0 0.35336538461538464 0.4296875 0.3245192307692308 0.025240384615384616
0 0.3311298076923077 0.45492788461538464 0.33052884615384615 0.030048076923076924
0 0.30709134615384615 0.4807692307692308 0.33052884615384615 0.026442307692307696
0 0.2734375 0.5048076923076923 0.328125 0.026442307692307696
0 0.2572115384615385 0.5318509615384616 0.32211538461538464 0.02764423076923077
0 0.23798076923076925 0.5522836538461539 0.31490384615384615 0.025240384615384616
0 0.21935096153846156 0.5787259615384616 0.2848557692307693 0.030048076923076924
0 0.21153846153846156 0.6021634615384616 0.2572115384615385 0.021634615384615384
0 0.22235576923076925 0.6310096153846154 0.19230769230769232 0.026442307692307696
0 0.2121394230769231 0.6538461538461539 0.140625 0.019230769230769232
0 0.21033653846153846 0.6820913461538461 0.09855769230769232 0.020432692307692308
0 0.2139423076923077 0.7085336538461539 0.06009615384615385 0.020432692307692308
0 0.26622596153846156 0.18990384615384617 0.296875 0.02403846153846154
0 0.22896634615384617 0.22415865384615385 0.29927884615384615 0.025240384615384616
0 0.19891826923076925 0.2566105769230769 0.3137019230769231 0.025240384615384616
0 0.16165865384615385 0.28966346153846156 0.3040865384615385 0.02403846153846154
0 0.14242788461538464 0.32211538461538464 0.2848557692307693 0.026442307692307696
0 0.12379807692307693 0.3557692307692308 0.24759615384615385 0.026442307692307696
0 0.10997596153846155 0.390625 0.2199519230769231 0.02403846153846154
0 0.09014423076923077 0.421875 0.18028846153846154 0.02403846153846154
0 0.07271634615384616 0.4525240384615385 0.14543269230769232 0.02764423076923077
0 0.05709134615384616 0.48617788461538464 0.11418269230769232 0.020432692307692308
0 0.04447115384615385 0.5192307692307693 0.07692307692307693 0.021634615384615384
0 0.5078125 0.9549278846153847 0.20552884615384617 0.09014423076923077
