0 0.3888221153846154 0.32992788461538464 0.09735576923076923 0.09735576923076923
0 0.4122596153846154 0.42728365384615385 0.23798076923076925 0.21514423076923078
0 0.3894230769230769 0.47836538461538464 0.21875 0.22115384615384617
0 0.2716346153846154 0.46274038461538464 0.0625 0.07692307692307693
0 0.6021634615384616 0.522235576923077 0.05048076923076923 0.054086538461538464
0 0.647235576923077 0.4555288461538462 0.09254807692307693 0.10336538461538462
0 0.7055288461538461 0.38040865384615385 0.09375 0.1045673076923077
0 0.04567307692307693 0.9741586538461539 0.09134615384615385 0.05168269230769231
0 0.14242788461538464 0.8984375 0.1622596153846154 0.15985576923076925
0 0.022836538461538464 0.28966346153846156 0.04567307692307693 0.09134615384615385
