0 0.9705528846153847 0.29387019230769235 0.058894230769230775 0.06370192307692309
0 0.9807692307692308 0.2481971153846154 0.038461538461538464 0.1045673076923077
0 0.9969951923076924 0.12620192307692307 0.006009615384615385 0.05048076923076923
0 0.9861778846153847 0.14783653846153846 0.02764423076923077 0.057692307692307696
0 0.9813701923076924 0.17067307692307693 0.037259615384615384 0.04807692307692308
0 0.9735576923076924 0.19170673076923078 0.05288461538461539 0.042067307692307696
0 0.9603365384615385 0.21153846153846156 0.057692307692307696 0.04807692307692308
0 0.9393028846153847 0.234375 0.05168269230769231 0.04326923076923077
0 0.9224759615384616 0.25841346153846156 0.05168269230769231 0.04567307692307693
0 0.7746394230769231 0.2776442307692308 0.11899038461538462 0.11057692307692309
0 0.8774038461538463 0.045072115384615384 0.20673076923076925 0.09014423076923077
0 0.6911057692307693 0.019230769230769232 0.0889423076923077 0.038461538461538464
0 0.6418269230769231 0.11959134615384616 0.09375 0.07091346153846154
0 0.7013221153846154 0.1983173076923077 0.07091346153846154 0.08173076923076923
0 0.5 0.3185096153846154 0.07451923076923077 0.06490384615384616
0 0.5288461538461539 0.2800480769230769 0.07932692307692309 0.07932692307692309
0 0.5540865384615385 0.23617788461538464 0.06490384615384616 0.058894230769230775
