0 0.8064903846153847 0.3197115384615385 0.07451923076923077 0.021634615384615384
0 0.7992788461538461 0.3551682692307693 0.14423076923076925 0.025240384615384616
0 0.8022836538461539 0.3894230769230769 0.203125 0.026442307692307696
0 0.8028846153846154 0.42307692307692313 0.2716346153846154 0.02403846153846154
0 0.7788461538461539 0.45492788461538464 0.3125 0.030048076923076924
0 0.7445913461538461 0.4873798076923077 0.29447115384615385 0.022836538461538464
0 0.7067307692307693 0.5198317307692308 0.2956730769230769 0.022836538461538464
0 0.6893028846153847 0.5528846153846154 0.27043269230769235 0.021634615384615384
0 0.686298076923077 0.5859375 0.20192307692307693 0.022836538461538464
0 0.6856971153846154 0.6183894230769231 0.13341346153846154 0.020432692307692308
0 0.6856971153846154 0.6526442307692308 0.07091346153846154 0.02403846153846154
0 0.9681490384615385 0.47776442307692313 0.058894230769230775 0.020432692307692308
0 0.953125 0.5030048076923077 0.09375 0.020432692307692308
0 0.9393028846153847 0.5306490384615384 0.12139423076923078 0.022836538461538464
0 0.9314903846153847 0.5570913461538461 0.13701923076923078 0.022836538461538464
0 0.9170673076923077 0.5817307692307693 0.16586538461538464 0.026442307692307696
0 0.9008413461538463 0.6039663461538461 0.1983173076923077 0.02764423076923077
0 0.8918269230769231 0.6310096153846154 0.21634615384615385 0.026442307692307696
0 0.8792067307692308 0.6544471153846154 0.24158653846153846 0.022836538461538464
0 0.8756009615384616 0.6832932692307693 0.24879807692307693 0.02764423076923077
0 0.8713942307692308 0.7073317307692308 0.2572115384615385 0.02764423076923077
0 0.8707932692307693 0.7289663461538461 0.24639423076923078 0.025240384615384616
0 0.8768028846153847 0.7584134615384616 0.1935096153846154 0.021634615384615384
0 0.8725961538461539 0.7818509615384616 0.16105769230769232 0.018028846153846156
0 0.8719951923076924 0.8088942307692308 0.08533653846153846 0.019230769230769232
0 0.5228365384615384 0.5889423076923077 0.07932692307692309 0.021634615384615384
0 0.522235576923077 0.6262019230769231 0.14783653846153846 0.021634615384615384
0 0.5246394230769231 0.6592548076923077 0.21033653846153846 0.022836538461538464
0 0.5204326923076923 0.6911057692307693 0.28365384615384615 0.026442307692307696
0 0.4909855769230769 0.7259615384615385 0.28966346153846156 0.02403846153846154
0 0.4555288461538462 0.756610576923077 0.3004807692307693 0.022836538461538464
0 0.6808894230769231 0.7590144230769231 0.10216346153846155 0.022836538461538464
0 0.6760817307692308 0.7914663461538461 0.1358173076923077 0.022836538461538464
0 0.6802884615384616 0.8137019230769231 0.19230769230769232 0.021634615384615384
0 0.6796875 0.8377403846153847 0.2247596153846154 0.026442307692307696
0 0.6754807692307693 0.8641826923076924 0.2884615384615385 0.028846153846153848
0 0.6634615384615385 0.8900240384615385 0.3197115384615385 0.030048076923076924
0 0.6412259615384616 0.9140625 0.32091346153846156 0.022836538461538464
0 0.41887019230769235 0.7866586538461539 0.3040865384615385 0.018028846153846156
0 0.390625 0.8233173076923077 0.31009615384615385 0.02403846153846154
0 0.35697115384615385 0.8563701923076924 0.2956730769230769 0.02764423076923077
0 0.3269230769230769 0.8888221153846154 0.3028846153846154 0.022836538461538464
0 0.29146634615384615 0.9188701923076924 0.30649038461538464 0.022836538461538464
0 0.2572115384615385 0.951923076923077 0.3028846153846154 0.02403846153846154
0 0.22415865384615385 0.983173076923077 0.30168269230769235 0.026442307692307696
0 0.6352163461538461 0.9417067307692308 0.30168269230769235 0.022836538461538464
0 0.5877403846153847 0.9651442307692308 0.3293269230769231 0.026442307692307696
0 0.5637019230769231 0.9891826923076924 0.32211538461538464 0.021634615384615384
0 0.9224759615384616 0.983173076923077 0.15504807692307693 0.03365384615384616
