0 0.5625 0.7596153846153847 0.04807692307692308 0.04326923076923077
0 0.5318509615384616 0.37680288461538464 0.03966346153846154 0.018028846153846156
0 0.21153846153846156 0.7481971153846154 0.03605769230769231 0.015625
0 0.34074519230769235 0.3858173076923077 0.037259615384615384 0.057692307692307696
0 0.2746394230769231 0.37680288461538464 0.042067307692307696 0.05168269230769231
0 0.11177884615384616 0.2920673076923077 0.05288461538461539 0.04807692307692308
0 0.09495192307692309 0.3575721153846154 0.04807692307692308 0.06850961538461539
0 0.09795673076923077 0.41466346153846156 0.037259615384615384 0.057692307692307696
0 0.07932692307692309 0.5637019230769231 0.03125 0.019230769230769232
0 0.0234375 0.553485576923077 0.046875 0.03966346153846154
