0 0.4338942307692308 0.10036057692307693 0.11538461538461539 0.14543269230769232
0 0.5078125 0.17247596153846154 0.07091346153846154 0.020432692307692308
0 0.5150240384615384 0.18449519230769232 0.08774038461538462 0.022836538461538464
0 0.5264423076923077 0.19591346153846154 0.07692307692307693 0.021634615384615384
0 0.5354567307692308 0.21634615384615385 0.054086538461538464 0.019230769230769232
0 0.7103365384615385 0.23497596153846156 0.040865384615384616 0.03485576923076923
0 0.7283653846153847 0.045072115384615384 0.13461538461538464 0.09014423076923077
0 0.9158653846153847 0.10516826923076923 0.026442307692307696 0.03485576923076923
0 0.8365384615384616 0.44230769230769235 0.06730769230769232 0.06490384615384616
0 0.795673076923077 0.4050480769230769 0.06730769230769232 0.06490384615384616
0 0.8143028846153847 0.8407451923076924 0.03485576923076923 0.02764423076923077
0 0.7139423076923077 0.4122596153846154 0.06490384615384616 0.08173076923076923
0 0.4128605769230769 0.49278846153846156 0.06370192307692309 0.05288461538461539
0 0.3112980769230769 0.5703125 0.23317307692307693 0.17668269230769232
0 0.34435096153846156 0.7950721153846154 0.0733173076923077 0.07572115384615385
0 0.09615384615384616 0.6358173076923077 0.12259615384615385 0.12980769230769232
0 0.6712740384615385 0.5961538461538461 0.042067307692307696 0.03605769230769231
