0 0.5510817307692308 0.26622596153846156 0.09735576923076923 0.09735576923076923
0 0.5745192307692308 0.3635817307692308 0.23798076923076925 0.21514423076923078
0 0.5516826923076923 0.41466346153846156 0.21875 0.22115384615384617
0 0.4338942307692308 0.39903846153846156 0.0625 0.07692307692307693
0 0.005408653846153846 0.7109375 0.010817307692307692 0.030048076923076924
0 0.764423076923077 0.45853365384615385 0.05048076923076923 0.054086538461538464
0 0.8094951923076924 0.3918269230769231 0.09254807692307693 0.10336538461538462
0 0.8677884615384616 0.3167067307692308 0.09375 0.1045673076923077
0 0.20552884615384617 0.9308894230769231 0.09615384615384616 0.09254807692307693
0 0.3046875 0.834735576923077 0.1622596153846154 0.15985576923076925
0 0.014423076923076924 0.9002403846153847 0.028846153846153848 0.15384615384615385
0 0.1670673076923077 0.22596153846153846 0.08173076923076923 0.09134615384615385
0 0.1201923076923077 0.24879807692307693 0.04326923076923077 0.040865384615384616
