0 0.1436298076923077 0.046274038461538464 0.05168269230769231 0.03966346153846154
0 0.15324519230769232 0.07932692307692309 0.04447115384615385 0.03605769230769231
0 0.16826923076923078 0.10396634615384616 0.04567307692307693 0.030048076923076924
0 0.1826923076923077 0.13161057692307693 0.04326923076923077 0.03245192307692308
0 0.19290865384615385 0.15805288461538464 0.046875 0.025240384615384616
0 0.20673076923076925 0.1856971153846154 0.04567307692307693 0.030048076923076924
0 0.21875 0.21334134615384617 0.04326923076923077 0.03245192307692308
0 0.2566105769230769 0.4296875 0.09254807692307693 0.1358173076923077
0 0.35216346153846156 0.4152644230769231 0.09615384615384616 0.09254807692307693
0 0.4104567307692308 0.6448317307692308 0.05168269230769231 0.04447115384615385
0 0.6069711538461539 0.20793269230769232 0.08173076923076923 0.10817307692307693
0 0.6544471153846154 0.3203125 0.08293269230769232 0.11177884615384616
0 0.5264423076923077 0.30528846153846156 0.1466346153846154 0.23798076923076925
0 0.5811298076923077 0.4561298076923077 0.06850961538461539 0.08533653846153846
0 0.6111778846153847 0.5240384615384616 0.06610576923076923 0.08653846153846154
0 0.6201923076923077 0.43930288461538464 0.06490384615384616 0.08774038461538462
0 0.6454326923076923 0.5060096153846154 0.06971153846153846 0.0889423076923077
