0 0.4086538461538462 0.020432692307692308 0.05288461538461539 0.040865384615384616
0 0.3888221153846154 0.0390625 0.042067307692307696 0.03966346153846154
0 0.3743990384615385 0.1045673076923077 0.0733173076923077 0.06009615384615385
0 0.3449519230769231 0.14242788461538464 0.05528846153846154 0.06370192307692309
0 0.39903846153846156 0.18629807692307693 0.08653846153846154 0.07692307692307693
0 0.44711538461538464 0.16766826923076925 0.06490384615384616 0.05168269230769231
0 0.5150240384615384 0.009615384615384616 0.07091346153846154 0.019230769230769232
0 0.561298076923077 0.028245192307692308 0.040865384615384616 0.037259615384615384
0 0.5420673076923077 0.05348557692307693 0.05048076923076923 0.04927884615384616
0 0.4909855769230769 0.028245192307692308 0.08293269230769232 0.056490384615384616
0 0.4651442307692308 0.056490384615384616 0.08173076923076923 0.06730769230769232
0 0.43930288461538464 0.08293269230769232 0.06850961538461539 0.06009615384615385
0 0.5234375 0.10036057692307693 0.0733173076923077 0.06850961538461539
0 0.5018028846153847 0.13161057692307693 0.06850961538461539 0.054086538461538464
0 0.5841346153846154 0.14723557692307693 0.07451923076923077 0.07091346153846154
0 0.5576923076923077 0.17608173076923078 0.06971153846153846 0.06129807692307693
0 0.6538461538461539 0.09795673076923077 0.03365384615384616 0.03485576923076923
0 0.6748798076923077 0.16105769230769232 0.0733173076923077 0.07451923076923077
0 0.6989182692307693 0.13341346153846154 0.06850961538461539 0.05528846153846154
0 0.7451923076923077 0.16766826923076925 0.040865384615384616 0.03966346153846154
0 0.7235576923076924 0.19771634615384617 0.05528846153846154 0.05168269230769231
0 0.6917067307692308 0.23016826923076925 0.054086538461538464 0.046875
0 0.6448317307692308 0.20012019230769232 0.0733173076923077 0.06850961538461539
0 0.670673076923077 0.2644230769230769 0.04807692307692308 0.038461538461538464
0 0.6189903846153847 0.2265625 0.07211538461538462 0.06129807692307693
0 0.6538461538461539 0.3233173076923077 0.04567307692307693 0.05048076923076923
0 0.6105769230769231 0.36899038461538464 0.05288461538461539 0.06490384615384616
0 0.9555288461538463 0.9525240384615385 0.05048076923076923 0.04447115384615385
0 0.421875 0.8701923076923077 0.125 0.10576923076923078
0 0.22836538461538464 0.4651442307692308 0.028846153846153848 0.026442307692307696
0 0.0078125 0.6400240384615385 0.015625 0.09495192307692309
