0 0.12199519230769232 0.44230769230769235 0.09975961538461539 0.05048076923076923
0 0.06610576923076923 0.6887019230769231 0.04807692307692308 0.021634615384615384
0 0.3389423076923077 0.4206730769230769 0.04326923076923077 0.05048076923076923
0 0.5210336538461539 0.41466346153846156 0.03245192307692308 0.05288461538461539
0 0.5973557692307693 0.4056490384615385 0.03365384615384616 0.058894230769230775
0 0.2932692307692308 0.6856971153846154 0.08173076923076923 0.04927884615384616
0 0.3347355769230769 0.7139423076923077 0.03245192307692308 0.06009615384615385
0 0.37199519230769235 0.7145432692307693 0.03245192307692308 0.058894230769230775
0 0.592548076923077 0.8395432692307693 0.03125 0.020432692307692308
0 0.39903846153846156 0.4056490384615385 0.040865384615384616 0.03485576923076923
