0 0.4759615384615385 0.022836538461538464 0.15625 0.04567307692307693
0 0.3713942307692308 0.03605769230769231 0.10336538461538462 0.07211538461538462
0 0.5168269230769231 0.06310096153846154 0.1514423076923077 0.12620192307692307
0 0.5486778846153847 0.15504807692307693 0.11899038461538462 0.12980769230769232
0 0.6262019230769231 0.15985576923076925 0.11057692307692309 0.11298076923076923
0 0.6568509615384616 0.2295673076923077 0.11658653846153846 0.10576923076923078
0 0.41586538461538464 0.109375 0.09855769230769232 0.1201923076923077
0 0.45432692307692313 0.19951923076923078 0.09134615384615385 0.11298076923076923
0 0.5721153846153847 0.25180288461538464 0.11057692307692309 0.11418269230769232
0 0.6009615384615385 0.3275240384615385 0.09855769230769232 0.10216346153846155
0 0.6400240384615385 0.4056490384615385 0.09495192307692309 0.09735576923076923
0 0.3275240384615385 0.11177884615384616 0.109375 0.12980769230769232
0 0.2692307692307693 0.140625 0.07932692307692309 0.12259615384615385
0 0.3034855769230769 0.2542067307692308 0.09735576923076923 0.13341346153846154
0 0.3822115384615385 0.22295673076923078 0.10096153846153846 0.1310096153846154
0 0.4987980769230769 0.28365384615384615 0.09855769230769232 0.10576923076923078
0 0.4206730769230769 0.31730769230769235 0.09375 0.10336538461538462
0 0.5270432692307693 0.3635817307692308 0.08533653846153846 0.10697115384615385
0 0.45492788461538464 0.3870192307692308 0.08533653846153846 0.08653846153846154
0 0.34615384615384615 0.3479567307692308 0.09134615384615385 0.10697115384615385
0 0.22536057692307693 0.2608173076923077 0.09735576923076923 0.08653846153846154
0 0.24098557692307693 0.3118990384615385 0.08774038461538462 0.08293269230769232
0 0.14963942307692307 0.28966346153846156 0.08774038461538462 0.08173076923076923
0 0.17367788461538464 0.3497596153846154 0.09014423076923077 0.08173076923076923
0 0.2722355769230769 0.38341346153846156 0.09975961538461539 0.11057692307692309
0 0.19771634615384617 0.41165865384615385 0.09495192307692309 0.10697115384615385
0 0.37680288461538464 0.4320913461538462 0.08533653846153846 0.08293269230769232
0 0.12139423076923078 0.4417067307692308 0.10096153846153846 0.1045673076923077
0 0.5564903846153847 0.43870192307692313 0.08413461538461539 0.09615384615384616
0 0.6724759615384616 0.4801682692307693 0.1045673076923077 0.11418269230769232
0 0.5961538461538461 0.5162259615384616 0.09855769230769232 0.09975961538461539
0 0.4879807692307693 0.46935096153846156 0.08653846153846154 0.09495192307692309
0 0.5198317307692308 0.5444711538461539 0.10216346153846155 0.10817307692307693
0 0.5510817307692308 0.6268028846153847 0.09254807692307693 0.09254807692307693
0 0.484375 0.6568509615384616 0.09615384615384616 0.09495192307692309
0 0.4140625 0.5018028846153847 0.09735576923076923 0.09014423076923077
0 0.44651442307692313 0.5733173076923077 0.09495192307692309 0.10336538461538462
0 0.3040865384615385 0.45793269230769235 0.09134615384615385 0.09134615384615385
0 0.3419471153846154 0.530048076923077 0.08533653846153846 0.09134615384615385
0 0.37560096153846156 0.6087740384615385 0.09735576923076923 0.10697115384615385
0 0.2325721153846154 0.4885817307692308 0.09014423076923077 0.09975961538461539
0 0.2608173076923077 0.5655048076923077 0.08173076923076923 0.09735576923076923
0 0.3010817307692308 0.6448317307692308 0.10216346153846155 0.1045673076923077
0 0.16165865384615385 0.5234375 0.08293269230769232 0.09975961538461539
0 0.046875 0.4765625 0.09375 0.11418269230769232
0 0.07992788461538462 0.5540865384615385 0.09254807692307693 0.09855769230769232
0 0.19411057692307693 0.5991586538461539 0.08293269230769232 0.09495192307692309
0 0.2217548076923077 0.6772836538461539 0.10216346153846155 0.109375
0 0.15024038461538464 0.7091346153846154 0.10336538461538462 0.11778846153846155
0 0.11838942307692309 0.6340144230769231 0.1045673076923077 0.10697115384615385
0 0.23918269230769232 0.8317307692307693 0.09855769230769232 0.13461538461538464
0 0.19170673076923078 0.8527644230769231 0.09735576923076923 0.1358173076923077
