0 0.8161057692307693 0.3515625 0.36778846153846156 0.5733173076923077
0 0.4651442307692308 0.0018028846153846155 0.3245192307692308 0.003605769230769231
0 0.44290865384615385 0.01622596153846154 0.33052884615384615 0.030048076923076924
0 0.41887019230769235 0.042067307692307696 0.33052884615384615 0.026442307692307696
0 0.3852163461538462 0.06610576923076923 0.328125 0.026442307692307696
0 0.36899038461538464 0.09314903846153846 0.32211538461538464 0.02764423076923077
0 0.3497596153846154 0.11358173076923078 0.31490384615384615 0.025240384615384616
0 0.3311298076923077 0.14002403846153846 0.2848557692307693 0.030048076923076924
0 0.3233173076923077 0.16346153846153846 0.2572115384615385 0.021634615384615384
0 0.3341346153846154 0.19230769230769232 0.19230769230769232 0.026442307692307696
0 0.3239182692307693 0.21514423076923078 0.140625 0.019230769230769232
0 0.32211538461538464 0.2433894230769231 0.09855769230769232 0.020432692307692308
0 0.32572115384615385 0.2698317307692308 0.06009615384615385 0.020432692307692308
0 0.1544471153846154 0.013822115384615386 0.20552884615384617 0.02764423076923077
0 0.15564903846153846 0.04747596153846154 0.140625 0.020432692307692308
0 0.15625 0.08052884615384616 0.07692307692307693 0.021634615384615384
0 0.061899038461538464 0.5895432692307693 0.07572115384615385 0.03245192307692308
0 0.0546875 0.6165865384615385 0.1045673076923077 0.04326923076923077
0 0.061899038461538464 0.6412259615384616 0.12379807692307693 0.054086538461538464
0 0.07151442307692309 0.6688701923076923 0.14302884615384617 0.06370192307692309
0 0.08052884615384616 0.694110576923077 0.16105769230769232 0.0733173076923077
0 0.6195913461538461 0.5787259615384616 0.20552884615384617 0.21514423076923078
0 0.08774038461538462 0.7217548076923077 0.17548076923076925 0.09254807692307693
0 0.09615384615384616 0.7427884615384616 0.19230769230769232 0.09134615384615385
0 0.10396634615384616 0.756610576923077 0.20793269230769232 0.07572115384615385
0 0.11177884615384616 0.7770432692307693 0.22355769230769232 0.08533653846153846
0 0.06850961538461539 0.8131009615384616 0.13701923076923078 0.07091346153846154
0 0.11598557692307693 0.8443509615384616 0.23197115384615385 0.08052884615384616
0 0.09194711538461539 0.8719951923076924 0.18389423076923078 0.0733173076923077
0 0.07151442307692309 0.8960336538461539 0.14302884615384617 0.054086538461538464
0 0.05048076923076923 0.920673076923077 0.10096153846153846 0.040865384615384616
0 0.21274038461538464 0.9513221153846154 0.3269230769230769 0.08533653846153846
0 0.2199519230769231 0.9645432692307693 0.35336538461538464 0.07091346153846154
0 0.234375 0.975360576923077 0.34855769230769235 0.04927884615384616
0 0.2536057692307692 0.9855769230769231 0.3509615384615385 0.028846153846153848
0 0.2728365384615385 0.9939903846153847 0.3557692307692308 0.01201923076923077
