2 0.14963942307692307 0.1268028846153846 0.046875 0.056490384615384616
0 0.22415865384615385 0.11838942307692309 0.022836538461538464 0.025240384615384616
0 0.686298076923077 0.040865384615384616 0.057692307692307696 0.0625
0 0.8840144230769231 0.920673076923077 0.12379807692307693 0.06730769230769232
0 0.9260817307692308 0.9200721153846154 0.03245192307692308 0.022836538461538464
0 0.6039663461538461 0.8990384615384616 0.06129807692307693 0.04326923076923077
0 0.5564903846153847 0.8575721153846154 0.06009615384615385 0.042067307692307696
0 0.41165865384615385 0.6117788461538461 0.03245192307692308 0.03365384615384616
0 0.4170673076923077 0.24699519230769232 0.0889423076923077 0.08052884615384616
0 0.20072115384615385 0.19170673076923078 0.06971153846153846 0.0733173076923077
0 0.23137019230769232 0.24939903846153846 0.09014423076923077 0.09014423076923077
0 0.11838942307692309 0.3828125 0.058894230769230775 0.06129807692307693
0 0.3353365384615385 0.4014423076923077 0.038461538461538464 0.04326923076923077
0 0.8227163461538461 0.8293269230769231 0.06850961538461539 0.06490384615384616
