0 0.9477163461538463 0.07451923076923077 0.037259615384615384 0.05048076923076923
0 0.9861778846153847 0.07451923076923077 0.02764423076923077 0.04326923076923077
0 0.9747596153846154 0.26322115384615385 0.05048076923076923 0.05288461538461539
0 0.967548076923077 0.8245192307692308 0.05048076923076923 0.04326923076923077
0 0.8094951923076924 0.2800480769230769 0.05168269230769231 0.0625
0 0.7367788461538461 0.2638221153846154 0.03605769230769231 0.05168269230769231
0 0.6965144230769231 0.4477163461538462 0.11899038461538462 0.09495192307692309
0 0.5276442307692308 0.2926682692307693 0.1201923076923077 0.09254807692307693
0 0.3539663461538462 0.6466346153846154 0.054086538461538464 0.05288461538461539
0 0.31009615384615385 0.6177884615384616 0.057692307692307696 0.08173076923076923
2 0.3046875 0.7536057692307693 0.08052884615384616 0.08173076923076923
0 0.13822115384615385 0.3774038461538462 0.040865384615384616 0.040865384615384616
0 0.10637019230769232 0.41105769230769235 0.025240384615384616 0.026442307692307696
0 0.17848557692307693 0.7650240384615385 0.09014423076923077 0.08052884615384616
