0 0.3659855769230769 0.2109375 0.14543269230769232 0.140625
0 0.29927884615384615 0.28605769230769235 0.14423076923076925 0.14182692307692307
0 0.875 0.0234375 0.25 0.046875
0 0.9182692307692308 0.2794471153846154 0.16346153846153846 0.1935096153846154
0 0.8701923076923077 0.3040865384615385 0.1514423076923077 0.17548076923076925
0 0.23016826923076925 0.3623798076923077 0.1358173076923077 0.140625
0 0.3545673076923077 0.5198317307692308 0.6225961538461539 0.6117788461538461
0 0.7055288461538461 0.631610576923077 0.23317307692307693 0.21754807692307693
0 0.7632211538461539 0.6875 0.21634615384615385 0.19951923076923078
0 0.6033653846153847 0.8701923076923077 0.22115384615384617 0.22115384615384617
0 0.46274038461538464 0.9555288461538463 0.19951923076923078 0.0889423076923077
0 0.44711538461538464 0.8810096153846154 0.28125 0.23798076923076925
0 0.43870192307692313 0.6153846153846154 0.04807692307692308 0.021634615384615384
0 0.4332932692307693 0.6466346153846154 0.09735576923076923 0.02403846153846154
0 0.41466346153846156 0.6730769230769231 0.1201923076923077 0.021634615384615384
0 0.3792067307692308 0.7025240384615385 0.11899038461538462 0.022836538461538464
0 0.3203125 0.7638221153846154 0.12379807692307693 0.025240384615384616
0 0.3515625 0.7325721153846154 0.12139423076923078 0.022836538461538464
0 0.29387019230769235 0.7914663461538461 0.11418269230769232 0.025240384615384616
0 0.2614182692307692 0.8173076923076924 0.12139423076923078 0.02403846153846154
0 0.26021634615384615 0.8461538461538463 0.058894230769230775 0.021634615384615384
0 0.49399038461538464 0.6881009615384616 0.057692307692307696 0.025240384615384616
0 0.4987980769230769 0.7109375 0.10336538461538462 0.03245192307692308
0 0.48497596153846156 0.7313701923076924 0.10216346153846155 0.02764423076923077
0 0.4639423076923077 0.7475961538461539 0.10817307692307693 0.028846153846153848
0 0.4405048076923077 0.7662259615384616 0.11177884615384616 0.030048076923076924
0 0.42728365384615385 0.78125 0.10697115384615385 0.03365384615384616
0 0.4098557692307693 0.8004807692307693 0.10817307692307693 0.028846153846153848
0 0.3918269230769231 0.8167067307692308 0.09375 0.02764423076923077
0 0.3762019230769231 0.8365384615384616 0.10817307692307693 0.02403846153846154
0 0.3527644230769231 0.8533653846153847 0.11177884615384616 0.03125
0 0.3293269230769231 0.8701923076923077 0.10817307692307693 0.026442307692307696
0 0.3185096153846154 0.9110576923076924 0.06490384615384616 0.021634615384615384
0 0.3185096153846154 0.9338942307692308 0.03365384615384616 0.019230769230769232
0 0.3197115384615385 0.8900240384615385 0.10336538461538462 0.030048076923076924
