0 0.05288461538461539 0.1965144230769231 0.028846153846153848 0.022836538461538464
0 0.4092548076923077 0.6376201923076923 0.056490384615384616 0.07572115384615385
0 0.4753605769230769 0.6322115384615385 0.02764423076923077 0.04326923076923077
0 0.46274038461538464 0.6760817307692308 0.026442307692307696 0.03485576923076923
0 0.48918269230769235 0.3828125 0.22115384615384617 0.09495192307692309
0 0.6893028846153847 0.47415865384615385 0.054086538461538464 0.078125
0 0.8461538461538463 0.2638221153846154 0.038461538461538464 0.037259615384615384
0 0.8635817307692308 0.27824519230769235 0.02764423076923077 0.042067307692307696
0 0.8900240384615385 0.2776442307692308 0.02764423076923077 0.04567307692307693
0 0.9260817307692308 0.2794471153846154 0.03485576923076923 0.05168269230769231
0 0.6526442307692308 0.6045673076923077 0.04807692307692308 0.06009615384615385
0 0.717548076923077 0.7007211538461539 0.06730769230769232 0.11538461538461539
