0 0.9921875 0.05288461538461539 0.015625 0.04807692307692308
0 0.7469951923076924 0.13161057692307693 0.09735576923076923 0.1045673076923077
0 0.15685096153846154 0.3401442307692308 0.02764423076923077 0.02403846153846154
0 0.3527644230769231 0.5757211538461539 0.10697115384615385 0.11057692307692309
0 0.421875 0.8040865384615385 0.038461538461538464 0.038461538461538464
0 0.46634615384615385 0.45432692307692313 0.07211538461538462 0.07932692307692309
0 0.545673076923077 0.4603365384615385 0.07451923076923077 0.0625
0 0.6544471153846154 0.9765625 0.03485576923076923 0.03245192307692308
0 0.8419471153846154 0.8780048076923077 0.030048076923076924 0.037259615384615384
0 0.671875 0.5486778846153847 0.04326923076923077 0.046875
