0 0.21514423076923078 0.2650240384615385 0.04326923076923077 0.03966346153846154
0 0.3010817307692308 0.4176682692307693 0.09495192307692309 0.10697115384615385
0 0.40685096153846156 0.561298076923077 0.054086538461538464 0.05288461538461539
0 0.42668269230769235 0.6141826923076923 0.057692307692307696 0.06009615384615385
0 0.5192307692307693 0.6754807692307693 0.028846153846153848 0.03365384615384616
0 0.8161057692307693 0.4789663461538462 0.038461538461538464 0.030048076923076924
0 0.8996394230769231 0.5114182692307693 0.030048076923076924 0.025240384615384616
0 0.889423076923077 0.5384615384615385 0.03125 0.026442307692307696
0 0.9927884615384616 0.06430288461538462 0.014423076923076924 0.08052884615384616
0 0.39242788461538464 0.9693509615384616 0.08774038461538462 0.06129807692307693
0 0.28966346153846156 0.9405048076923077 0.11778846153846155 0.109375
