0 0.3347355769230769 0.006610576923076924 0.06850961538461539 0.013221153846153848
0 0.16526442307692307 0.6015625 0.27043269230769235 0.1310096153846154
0 0.3497596153846154 0.5228365384615384 0.08653846153846154 0.06009615384615385
0 0.4260817307692308 0.4879807692307693 0.08774038461538462 0.05528846153846154
0 0.5060096153846154 0.5342548076923077 0.06490384615384616 0.14783653846153846
0 0.514423076923077 0.4765625 0.05048076923076923 0.0733173076923077
0 0.5372596153846154 0.553485576923077 0.06490384615384616 0.08533653846153846
0 0.8353365384615385 0.5420673076923077 0.11057692307692309 0.07932692307692309
0 0.9447115384615385 0.14783653846153846 0.11057692307692309 0.08653846153846154
0 0.9939903846153847 0.4633413461538462 0.01201923076923077 0.030048076923076924
