0 0.14242788461538464 0.05288461538461539 0.12379807692307693 0.10576923076923078
0 0.23377403846153846 0.020432692307692308 0.13341346153846154 0.040865384615384616
0 0.4711538461538462 0.015625 0.0889423076923077 0.03125
0 0.44591346153846156 0.025240384615384616 0.07451923076923077 0.05048076923076923
0 0.3731971153846154 0.04567307692307693 0.078125 0.09134615384615385
0 0.3503605769230769 0.06129807692307693 0.07572115384615385 0.09134615384615385
0 0.27884615384615385 0.10396634615384616 0.07451923076923077 0.09254807692307693
0 0.25540865384615385 0.12079326923076923 0.08293269230769232 0.09735576923076923
0 0.3275240384615385 0.23677884615384617 0.09735576923076923 0.12980769230769232
0 0.3587740384615385 0.21754807692307693 0.10697115384615385 0.13461538461538464
0 0.4140625 0.1796875 0.109375 0.13341346153846154
0 0.4495192307692308 0.15685096153846154 0.11057692307692309 0.12620192307692307
0 0.5078125 0.1201923076923077 0.11177884615384616 0.13461538461538464
0 0.5450721153846154 0.09975961538461539 0.10697115384615385 0.13461538461538464
0 0.578125 0.07391826923076923 0.10336538461538462 0.13341346153846154
0 0.639423076923077 0.05288461538461539 0.10817307692307693 0.10576923076923078
0 0.671875 0.04026442307692308 0.10817307692307693 0.08052884615384616
0 0.7277644230769231 0.025240384615384616 0.10697115384615385 0.05048076923076923
0 0.7572115384615385 0.01201923076923077 0.10096153846153846 0.02403846153846154
0 0.78125 0.08774038461538462 0.0625 0.08173076923076923
0 0.7355769230769231 0.11418269230769232 0.08173076923076923 0.09375
0 0.703125 0.1358173076923077 0.08413461538461539 0.09375
0 0.6424278846153847 0.1748798076923077 0.08533653846153846 0.09014423076923077
0 0.6087740384615385 0.1953125 0.08293269230769232 0.09495192307692309
0 0.5733173076923077 0.21634615384615385 0.07932692307692309 0.09134615384615385
0 0.5132211538461539 0.2572115384615385 0.07932692307692309 0.0889423076923077
0 0.4795673076923077 0.27824519230769235 0.07692307692307693 0.09735576923076923
0 0.4212740384615385 0.31490384615384615 0.07572115384615385 0.09375
0 0.39122596153846156 0.3371394230769231 0.07572115384615385 0.08774038461538462
0 0.9807692307692308 0.795673076923077 0.038461538461538464 0.038461538461538464
0 0.9483173076923077 0.803485576923077 0.040865384615384616 0.030048076923076924
0 0.8557692307692308 0.8389423076923077 0.12259615384615385 0.10817307692307693
0 0.078125 0.3088942307692308 0.15625 0.4254807692307693
0 0.017427884615384616 0.4519230769230769 0.03485576923076923 0.31490384615384615
0 0.037259615384615384 0.43149038461538464 0.07451923076923077 0.3076923076923077
0 0.13341346153846154 0.2692307692307693 0.2668269230769231 0.4278846153846154
