0 0.11538461538461539 0.08473557692307693 0.12259615384615385 0.11177884615384616
0 0.42247596153846156 0.4789663461538462 0.09735576923076923 0.09735576923076923
0 0.44591346153846156 0.5763221153846154 0.23798076923076925 0.21514423076923078
0 0.42307692307692313 0.6274038461538461 0.21875 0.22115384615384617
0 0.30528846153846156 0.6117788461538461 0.0625 0.07692307692307693
0 0.6358173076923077 0.6712740384615385 0.05048076923076923 0.054086538461538464
0 0.6808894230769231 0.6045673076923077 0.09254807692307693 0.10336538461538462
0 0.7391826923076924 0.5294471153846154 0.09375 0.1045673076923077
0 0.17608173076923078 0.9837740384615385 0.1622596153846154 0.03245192307692308
0 0.03966346153846154 0.43870192307692313 0.07932692307692309 0.09134615384615385
0 0.006610576923076924 0.46153846153846156 0.013221153846153848 0.040865384615384616
