0 0.09435096153846155 0.11778846153846155 0.1887019230769231 0.21875
0 0.16947115384615385 0.061899038461538464 0.18990384615384617 0.12379807692307693
0 0.20012019230769232 0.24939903846153846 0.24158653846153846 0.24639423076923078
0 0.29086538461538464 0.16286057692307693 0.20673076923076925 0.21033653846153846
0 0.3942307692307693 0.2746394230769231 0.16105769230769232 0.16466346153846154
0 0.32091346153846156 0.3774038461538462 0.22115384615384617 0.21875
0 0.6430288461538461 0.7542067307692308 0.125 0.10216346153846155
0 0.7169471153846154 0.6971153846153847 0.09735576923076923 0.11778846153846155
0 0.6598557692307693 0.8317307692307693 0.12740384615384617 0.10336538461538462
1 0.7289663461538461 0.7872596153846154 0.058894230769230775 0.05048076923076923
0 0.8149038461538461 0.8780048076923077 0.03125 0.042067307692307696
0 0.6965144230769231 0.8834134615384616 0.15264423076923078 0.12980769230769232
0 0.7199519230769231 0.9326923076923077 0.19951923076923078 0.13461538461538464
0 0.6364182692307693 0.9813701923076924 0.06610576923076923 0.037259615384615384
0 0.8617788461538463 0.9429086538461539 0.09134615384615385 0.11418269230769232
1 0.8203125 0.9861778846153847 0.11658653846153846 0.02764423076923077
0 0.4903846153846154 0.5174278846153847 0.15865384615384617 0.15745192307692307
0 0.6448317307692308 0.5186298076923077 0.15504807692307693 0.15504807692307693
