0 0.328125 0.010216346153846154 0.15625 0.020432692307692308
0 0.22355769230769232 0.0234375 0.10336538461538462 0.046875
0 0.36899038461538464 0.05048076923076923 0.1514423076923077 0.10096153846153846
0 0.4008413461538462 0.12980769230769232 0.11899038461538462 0.12980769230769232
0 0.47836538461538464 0.13461538461538464 0.11057692307692309 0.11298076923076923
0 0.5090144230769231 0.2043269230769231 0.11658653846153846 0.10576923076923078
0 0.26802884615384615 0.08413461538461539 0.09855769230769232 0.1201923076923077
0 0.30649038461538464 0.17427884615384617 0.09134615384615385 0.11298076923076923
0 0.4242788461538462 0.2265625 0.11057692307692309 0.11418269230769232
0 0.453125 0.30228365384615385 0.09855769230769232 0.10216346153846155
0 0.4921875 0.38040865384615385 0.09495192307692309 0.09735576923076923
0 0.1796875 0.08653846153846154 0.109375 0.12980769230769232
0 0.12139423076923078 0.11538461538461539 0.07932692307692309 0.12259615384615385
0 0.15564903846153846 0.22896634615384617 0.09735576923076923 0.13341346153846154
0 0.234375 0.19771634615384617 0.10096153846153846 0.1310096153846154
0 0.3509615384615385 0.25841346153846156 0.09855769230769232 0.10576923076923078
0 0.2728365384615385 0.2920673076923077 0.09375 0.10336538461538462
0 0.3792067307692308 0.33834134615384615 0.08533653846153846 0.10697115384615385
0 0.30709134615384615 0.3617788461538462 0.08533653846153846 0.08653846153846154
0 0.1983173076923077 0.32271634615384615 0.09134615384615385 0.10697115384615385
0 0.07752403846153846 0.2355769230769231 0.09735576923076923 0.08653846153846154
0 0.09314903846153846 0.28665865384615385 0.08774038461538462 0.08293269230769232
0 0.022836538461538464 0.2644230769230769 0.04567307692307693 0.08173076923076923
0 0.03545673076923077 0.3245192307692308 0.07091346153846154 0.08173076923076923
0 0.12439903846153846 0.3581730769230769 0.09975961538461539 0.11057692307692309
0 0.049879807692307696 0.3864182692307693 0.09495192307692309 0.10697115384615385
0 0.22896634615384617 0.40685096153846156 0.08533653846153846 0.08293269230769232
0 0.01201923076923077 0.4164663461538462 0.02403846153846154 0.1045673076923077
0 0.4086538461538462 0.4134615384615385 0.08413461538461539 0.09615384615384616
0 0.5246394230769231 0.45492788461538464 0.1045673076923077 0.11418269230769232
0 0.4483173076923077 0.4909855769230769 0.09855769230769232 0.09975961538461539
0 0.3401442307692308 0.4441105769230769 0.08653846153846154 0.09495192307692309
0 0.37199519230769235 0.5192307692307693 0.10216346153846155 0.10817307692307693
0 0.40324519230769235 0.6015625 0.09254807692307693 0.09254807692307693
0 0.33653846153846156 0.631610576923077 0.09615384615384616 0.09495192307692309
0 0.26622596153846156 0.4765625 0.09735576923076923 0.09014423076923077
0 0.29867788461538464 0.5480769230769231 0.09495192307692309 0.10336538461538462
0 0.15625 0.4326923076923077 0.09134615384615385 0.09134615384615385
0 0.19411057692307693 0.5048076923076923 0.08533653846153846 0.09134615384615385
0 0.2277644230769231 0.5835336538461539 0.09735576923076923 0.10697115384615385
0 0.08473557692307693 0.4633413461538462 0.09014423076923077 0.09975961538461539
0 0.11298076923076923 0.5402644230769231 0.08173076923076923 0.09735576923076923
0 0.15324519230769232 0.6195913461538461 0.10216346153846155 0.1045673076923077
0 0.02764423076923077 0.4981971153846154 0.05528846153846154 0.09975961538461539
0 0.046274038461538464 0.5739182692307693 0.08293269230769232 0.09495192307692309
0 0.07391826923076923 0.6520432692307693 0.10216346153846155 0.109375
0 0.027043269230769232 0.6838942307692308 0.054086538461538464 0.11778846153846155
0 0.011418269230769232 0.6087740384615385 0.022836538461538464 0.10697115384615385
0 0.09134615384615385 0.8064903846153847 0.09855769230769232 0.13461538461538464
0 0.046274038461538464 0.8275240384615385 0.09254807692307693 0.1358173076923077
