0 0.20372596153846154 0.2481971153846154 0.14543269230769232 0.140625
0 0.13701923076923078 0.3233173076923077 0.14423076923076925 0.14182692307692307
0 0.7127403846153847 0.042067307692307696 0.25 0.08413461538461539
0 0.7602163461538461 0.3167067307692308 0.171875 0.1935096153846154
0 0.7079326923076924 0.34134615384615385 0.1514423076923077 0.17548076923076925
0 0.06790865384615385 0.3996394230769231 0.1358173076923077 0.140625
0 0.25180288461538464 0.5570913461538461 0.5036057692307693 0.6117788461538461
0 0.5432692307692308 0.6688701923076923 0.23317307692307693 0.21754807692307693
0 0.6009615384615385 0.7247596153846154 0.21634615384615385 0.19951923076923078
0 0.4411057692307693 0.8984375 0.22115384615384617 0.203125
0 0.3004807692307693 0.9741586538461539 0.19951923076923078 0.05168269230769231
0 0.2848557692307693 0.8996394230769231 0.28125 0.20072115384615385
0 0.2764423076923077 0.6526442307692308 0.04807692307692308 0.021634615384615384
0 0.27103365384615385 0.6838942307692308 0.09735576923076923 0.02403846153846154
0 0.25240384615384615 0.7103365384615385 0.1201923076923077 0.021634615384615384
0 0.2169471153846154 0.7397836538461539 0.11899038461538462 0.022836538461538464
0 0.15805288461538464 0.8010817307692308 0.12379807692307693 0.025240384615384616
0 0.18930288461538464 0.7698317307692308 0.12139423076923078 0.022836538461538464
0 0.13161057692307693 0.8287259615384616 0.11418269230769232 0.025240384615384616
0 0.09915865384615385 0.8545673076923077 0.12139423076923078 0.02403846153846154
0 0.09795673076923077 0.8834134615384616 0.058894230769230775 0.021634615384615384
0 0.3317307692307693 0.725360576923077 0.057692307692307696 0.025240384615384616
0 0.33653846153846156 0.7481971153846154 0.10336538461538462 0.03245192307692308
0 0.32271634615384615 0.7686298076923077 0.10216346153846155 0.02764423076923077
0 0.30168269230769235 0.7848557692307693 0.10817307692307693 0.028846153846153848
0 0.27824519230769235 0.803485576923077 0.11177884615384616 0.030048076923076924
0 0.2650240384615385 0.8185096153846154 0.10697115384615385 0.03365384615384616
0 0.24759615384615385 0.8377403846153847 0.10817307692307693 0.028846153846153848
0 0.2295673076923077 0.8539663461538463 0.09375 0.02764423076923077
0 0.2139423076923077 0.873798076923077 0.10817307692307693 0.02403846153846154
0 0.1905048076923077 0.890625 0.11177884615384616 0.03125
0 0.1670673076923077 0.9074519230769231 0.10817307692307693 0.026442307692307696
0 0.15625 0.9483173076923077 0.06490384615384616 0.021634615384615384
0 0.15625 0.9711538461538463 0.03365384615384616 0.019230769230769232
0 0.15745192307692307 0.9272836538461539 0.10336538461538462 0.030048076923076924
