0 0.9116586538461539 0.32512019230769235 0.08774038461538462 0.08293269230769232
0 0.8088942307692308 0.2854567307692308 0.11778846153846155 0.109375
0 0.7518028846153847 0.4729567307692308 0.03966346153846154 0.03245192307692308
0 0.6610576923076923 0.4284855769230769 0.038461538461538464 0.030048076923076924
0 0.6875 0.4807692307692308 0.038461538461538464 0.03125
0 0.6358173076923077 0.5048076923076923 0.03605769230769231 0.03605769230769231
0 0.625 0.4909855769230769 0.03605769230769231 0.030048076923076924
0 0.6147836538461539 0.4717548076923077 0.03245192307692308 0.030048076923076924
0 0.6039663461538461 0.4561298076923077 0.03485576923076923 0.030048076923076924
0 0.6538461538461539 0.49699519230769235 0.057692307692307696 0.09495192307692309
0 0.5943509615384616 0.43509615384615385 0.037259615384615384 0.03605769230769231
0 0.41947115384615385 0.140625 0.06730769230769232 0.04807692307692308
0 0.4441105769230769 0.203125 0.06850961538461539 0.05528846153846154
2 0.5871394230769231 0.7830528846153847 0.056490384615384616 0.11658653846153846
0 0.45492788461538464 0.7235576923076924 0.06129807692307693 0.040865384615384616
