0 0.11538461538461539 0.47055288461538464 0.0625 0.037259615384615384
0 0.1640625 0.3858173076923077 0.030048076923076924 0.057692307692307696
0 0.19471153846153846 0.39242788461538464 0.03125 0.054086538461538464
0 0.21334134615384617 0.32271634615384615 0.1045673076923077 0.0733173076923077
0 0.39242788461538464 0.5829326923076923 0.037259615384615384 0.05048076923076923
0 0.44230769230769235 0.5829326923076923 0.05048076923076923 0.04326923076923077
0 0.4489182692307693 0.7716346153846154 0.109375 0.05288461538461539
0 0.2542067307692308 0.7884615384615385 0.05168269230769231 0.0625
0 0.18149038461538464 0.772235576923077 0.03605769230769231 0.05168269230769231
0 0.14122596153846154 0.9543269230769231 0.11899038461538462 0.09134615384615385
0 0.01622596153846154 0.8010817307692308 0.03245192307692308 0.09254807692307693
