0 0.4759615384615385 0.16646634615384617 0.08413461538461539 0.054086538461538464
0 0.8864182692307693 0.14483173076923078 0.046875 0.056490384615384616
0 0.9873798076923077 0.10576923076923078 0.025240384615384616 0.04807692307692308
0 0.3816105769230769 0.2421875 0.06370192307692309 0.06129807692307693
0 0.3972355769230769 0.296875 0.06610576923076923 0.08173076923076923
0 0.41466346153846156 0.3671875 0.07451923076923077 0.07572115384615385
0 0.4375 0.4326923076923077 0.06971153846153846 0.07932692307692309
0 0.4525240384615385 0.5042067307692308 0.06370192307692309 0.078125
0 0.46875 0.5715144230769231 0.06971153846153846 0.0733173076923077
0 0.4903846153846154 0.639423076923077 0.06971153846153846 0.08173076923076923
0 0.4206730769230769 0.6586538461538461 0.09375 0.0889423076923077
0 0.3978365384615385 0.5955528846153847 0.09855769230769232 0.09014423076923077
0 0.38040865384615385 0.5246394230769231 0.09735576923076923 0.09014423076923077
0 0.36778846153846156 0.45072115384615385 0.09134615384615385 0.07932692307692309
0 0.3587740384615385 0.3888221153846154 0.078125 0.08774038461538462
0 0.3395432692307693 0.31730769230769235 0.06850961538461539 0.07932692307692309
0 0.3449519230769231 0.25961538461538464 0.026442307692307696 0.04326923076923077
0 0.9308894230769231 0.0967548076923077 0.03485576923076923 0.018028846153846156
