0 0.1268028846153846 0.033052884615384616 0.13822115384615385 0.058894230769230775
0 0.5258413461538461 0.12620192307692307 0.04447115384615385 0.021634615384615384
0 0.9302884615384616 0.5985576923076923 0.12259615384615385 0.057692307692307696
0 0.9507211538461539 0.5829326923076923 0.03605769230769231 0.026442307692307696
0 0.7590144230769231 0.920673076923077 0.1045673076923077 0.06730769230769232
0 0.2698317307692308 0.22596153846153846 0.06129807692307693 0.03605769230769231
0 0.32512019230769235 0.22355769230769232 0.037259615384615384 0.019230769230769232
0 0.2728365384615385 0.6670673076923077 0.04326923076923077 0.028846153846153848
0 0.21574519230769232 0.6622596153846154 0.030048076923076924 0.019230769230769232
0 0.36778846153846156 0.686298076923077 0.10096153846153846 0.04807692307692308
0 0.09435096153846155 0.9056490384615385 0.05168269230769231 0.02764423076923077
