0 0.9795673076923077 0.0655048076923077 0.040865384615384616 0.030048076923076924
0 0.9651442307692308 0.08954326923076923 0.06971153846153846 0.03245192307692308
0 0.9525240384615385 0.1171875 0.09495192307692309 0.030048076923076924
0 0.9368990384615385 0.14002403846153846 0.12620192307692307 0.025240384615384616
0 0.9242788461538463 0.16526442307692307 0.1514423076923077 0.030048076923076924
0 0.9122596153846154 0.19110576923076925 0.17548076923076925 0.026442307692307696
0 0.8960336538461539 0.21514423076923078 0.20793269230769232 0.026442307692307696
0 0.889423076923077 0.2421875 0.22115384615384617 0.02764423076923077
0 0.881610576923077 0.26262019230769235 0.23677884615384617 0.025240384615384616
0 0.8798076923076924 0.2890625 0.2403846153846154 0.030048076923076924
0 0.8828125 0.3125 0.234375 0.021634615384615384
0 0.9044471153846154 0.34134615384615385 0.19110576923076925 0.026442307692307696
0 0.8948317307692308 0.36418269230769235 0.140625 0.019230769230769232
0 0.8930288461538463 0.39242788461538464 0.09855769230769232 0.020432692307692308
0 0.8966346153846154 0.41887019230769235 0.06009615384615385 0.020432692307692308
0 0.8443509615384616 0.006009615384615385 0.3040865384615385 0.01201923076923077
0 0.8155048076923077 0.03245192307692308 0.3040865384615385 0.026442307692307696
0 0.7788461538461539 0.06610576923076923 0.3028846153846154 0.026442307692307696
0 0.7524038461538461 0.10096153846153846 0.3004807692307693 0.02403846153846154
0 0.7325721153846154 0.13221153846153846 0.2608173076923077 0.02403846153846154
0 0.725360576923077 0.16286057692307693 0.20552884615384617 0.02764423076923077
0 0.7265625 0.1965144230769231 0.140625 0.020432692307692308
0 0.7271634615384616 0.2295673076923077 0.07692307692307693 0.021634615384615384
0 0.33353365384615385 0.3816105769230769 0.16947115384615385 0.171875
0 0.4825721153846154 0.578125 0.1935096153846154 0.19711538461538464
0 0.3918269230769231 0.6604567307692308 0.19230769230769232 0.1983173076923077
0 0.2890625 0.7427884615384616 0.19591346153846154 0.19230769230769232
0 0.6328125 0.7385817307692308 0.07572115384615385 0.03245192307692308
0 0.6256009615384616 0.765625 0.1045673076923077 0.04326923076923077
0 0.6189903846153847 0.7902644230769231 0.1514423076923077 0.054086538461538464
0 0.6069711538461539 0.8179086538461539 0.2139423076923077 0.06370192307692309
0 0.5997596153846154 0.8431490384615385 0.2644230769230769 0.0733173076923077
0 0.1935096153846154 0.8233173076923077 0.19711538461538464 0.19951923076923078
0 0.10096153846153846 0.905048076923077 0.18990384615384617 0.18990384615384617
0 0.5841346153846154 0.8707932692307693 0.3245192307692308 0.09254807692307693
0 0.5877403846153847 0.8918269230769231 0.3509615384615385 0.09134615384615385
0 0.6442307692307693 0.9056490384615385 0.2692307692307693 0.07572115384615385
0 0.6496394230769231 0.9260817307692308 0.28966346153846156 0.08533653846153846
0 0.5823317307692308 0.9621394230769231 0.2512019230769231 0.07091346153846154
0 0.65625 0.9765625 0.2932692307692308 0.046875
0 0.6322115384615385 0.9921875 0.2451923076923077 0.015625
