0 0.9615384615384616 0.12139423076923078 0.04807692307692308 0.06490384615384616
0 0.9266826923076924 0.14423076923076925 0.05528846153846154 0.08653846153846154
0 0.2590144230769231 0.19951923076923078 0.03966346153846154 0.04326923076923077
0 0.23798076923076925 0.1640625 0.04326923076923077 0.058894230769230775
0 0.21033653846153846 0.13040865384615385 0.038461538461538464 0.037259615384615384
0 0.33052884615384615 0.35637019230769235 0.08173076923076923 0.10216346153846155
0 0.3822115384615385 0.3575721153846154 0.05048076923076923 0.056490384615384616
0 0.694110576923077 0.709735576923077 0.04447115384615385 0.037259615384615384
0 0.7325721153846154 0.6965144230769231 0.042067307692307696 0.04447115384615385
0 0.7265625 0.7680288461538461 0.04447115384615385 0.04567307692307693
