0 0.8227163461538461 0.4200721153846154 0.21274038461538464 0.16947115384615385
0 0.765625 0.45012019230769235 0.17307692307692307 0.1310096153846154
0 0.8239182692307693 0.6183894230769231 0.140625 0.12379807692307693
0 0.4356971153846154 0.26322115384615385 0.19591346153846154 0.16346153846153846
0 0.38762019230769235 0.3575721153846154 0.16947115384615385 0.12139423076923078
0 0.33052884615384615 0.5829326923076923 0.15384615384615385 0.17307692307692307
0 0.21454326923076925 0.18930288461538464 0.1310096153846154 0.09735576923076923
0 0.022836538461538464 0.00841346153846154 0.04567307692307693 0.01682692307692308
0 0.013221153846153848 0.01983173076923077 0.026442307692307696 0.03966346153846154
0 0.005408653846153846 0.020432692307692308 0.010817307692307692 0.040865384615384616
0 0.058894230769230775 0.09254807692307693 0.11057692307692309 0.09855769230769232
0 0.20973557692307693 0.592548076923077 0.2247596153846154 0.3004807692307693
0 0.26021634615384615 0.7079326923076924 0.15745192307692307 0.17307692307692307
0 0.5582932692307693 0.6814903846153847 0.1670673076923077 0.17307692307692307
0 0.6508413461538461 0.7590144230769231 0.171875 0.17427884615384617
