0 0.6911057692307693 0.010216346153846154 0.15625 0.020432692307692308
0 0.5865384615384616 0.0234375 0.10336538461538462 0.046875
0 0.7319711538461539 0.05048076923076923 0.1514423076923077 0.10096153846153846
0 0.7638221153846154 0.12980769230769232 0.11899038461538462 0.12980769230769232
0 0.8413461538461539 0.13461538461538464 0.11057692307692309 0.11298076923076923
0 0.8719951923076924 0.2043269230769231 0.11658653846153846 0.10576923076923078
0 0.6310096153846154 0.08413461538461539 0.09855769230769232 0.1201923076923077
0 0.6694711538461539 0.17427884615384617 0.09134615384615385 0.11298076923076923
0 0.7872596153846154 0.2265625 0.11057692307692309 0.11418269230769232
0 0.8161057692307693 0.30228365384615385 0.09855769230769232 0.10216346153846155
0 0.8551682692307693 0.38040865384615385 0.09495192307692309 0.09735576923076923
0 0.5426682692307693 0.08653846153846154 0.109375 0.12980769230769232
0 0.484375 0.11538461538461539 0.07932692307692309 0.12259615384615385
0 0.5186298076923077 0.22896634615384617 0.09735576923076923 0.13341346153846154
0 0.5973557692307693 0.19771634615384617 0.10096153846153846 0.1310096153846154
0 0.7139423076923077 0.25841346153846156 0.09855769230769232 0.10576923076923078
0 0.6358173076923077 0.2920673076923077 0.09375 0.10336538461538462
0 0.7421875 0.33834134615384615 0.08533653846153846 0.10697115384615385
0 0.6700721153846154 0.3617788461538462 0.08533653846153846 0.08653846153846154
0 0.561298076923077 0.32271634615384615 0.09134615384615385 0.10697115384615385
0 0.4405048076923077 0.2355769230769231 0.09735576923076923 0.08653846153846154
0 0.4561298076923077 0.28665865384615385 0.08774038461538462 0.08293269230769232
0 0.36478365384615385 0.2644230769230769 0.08774038461538462 0.08173076923076923
0 0.3888221153846154 0.3245192307692308 0.09014423076923077 0.08173076923076923
0 0.4873798076923077 0.3581730769230769 0.09975961538461539 0.11057692307692309
0 0.4128605769230769 0.3864182692307693 0.09495192307692309 0.10697115384615385
0 0.5919471153846154 0.40685096153846156 0.08533653846153846 0.08293269230769232
0 0.33653846153846156 0.4164663461538462 0.10096153846153846 0.1045673076923077
0 0.7716346153846154 0.4134615384615385 0.08413461538461539 0.09615384615384616
0 0.8876201923076924 0.45492788461538464 0.1045673076923077 0.11418269230769232
0 0.811298076923077 0.4909855769230769 0.09855769230769232 0.09975961538461539
0 0.703125 0.4441105769230769 0.08653846153846154 0.09495192307692309
0 0.7349759615384616 0.5192307692307693 0.10216346153846155 0.10817307692307693
0 0.7662259615384616 0.6015625 0.09254807692307693 0.09254807692307693
0 0.6995192307692308 0.631610576923077 0.09615384615384616 0.09495192307692309
0 0.6292067307692308 0.4765625 0.09735576923076923 0.09014423076923077
0 0.6616586538461539 0.5480769230769231 0.09495192307692309 0.10336538461538462
0 0.5192307692307693 0.4326923076923077 0.09134615384615385 0.09134615384615385
0 0.5570913461538461 0.5048076923076923 0.08533653846153846 0.09134615384615385
0 0.5907451923076923 0.5835336538461539 0.09735576923076923 0.10697115384615385
0 0.4477163461538462 0.4633413461538462 0.09014423076923077 0.09975961538461539
0 0.4759615384615385 0.5402644230769231 0.08173076923076923 0.09735576923076923
0 0.5162259615384616 0.6195913461538461 0.10216346153846155 0.1045673076923077
0 0.37680288461538464 0.4981971153846154 0.08293269230769232 0.09975961538461539
0 0.25961538461538464 0.4513221153846154 0.09855769230769232 0.11418269230769232
0 0.2950721153846154 0.5288461538461539 0.09254807692307693 0.09855769230769232
0 0.4092548076923077 0.5739182692307693 0.08293269230769232 0.09495192307692309
0 0.4368990384615385 0.6520432692307693 0.10216346153846155 0.109375
0 0.3653846153846154 0.6838942307692308 0.10336538461538462 0.11778846153846155
0 0.33353365384615385 0.6087740384615385 0.1045673076923077 0.10697115384615385
0 0.45432692307692313 0.8064903846153847 0.09855769230769232 0.13461538461538464
0 0.40685096153846156 0.8275240384615385 0.09735576923076923 0.1358173076923077
