2 0.19110576923076925 0.08473557692307693 0.038461538461538464 0.03966346153846154
0 0.24399038461538464 0.3575721153846154 0.11538461538461539 0.14543269230769232
0 0.07091346153846154 0.21875 0.03125 0.03365384615384616
0 0.31790865384615385 0.4296875 0.07091346153846154 0.020432692307692308
0 0.32512019230769235 0.4417067307692308 0.08774038461538462 0.022836538461538464
0 0.33653846153846156 0.453125 0.07692307692307693 0.021634615384615384
0 0.34555288461538464 0.47355769230769235 0.054086538461538464 0.019230769230769232
0 0.5204326923076923 0.4921875 0.040865384615384616 0.03485576923076923
0 0.5384615384615385 0.28966346153846156 0.13461538461538464 0.11538461538461539
0 0.7259615384615385 0.3623798076923077 0.026442307692307696 0.03485576923076923
0 0.897235576923077 0.3870192307692308 0.08533653846153846 0.10096153846153846
0 0.6466346153846154 0.6995192307692308 0.06730769230769232 0.06490384615384616
0 0.6057692307692308 0.6622596153846154 0.06730769230769232 0.06490384615384616
0 0.5240384615384616 0.6694711538461539 0.06490384615384616 0.08173076923076923
0 0.22295673076923078 0.75 0.06370192307692309 0.05288461538461539
0 0.12139423076923078 0.8275240384615385 0.23317307692307693 0.17668269230769232
0 0.48137019230769235 0.8533653846153847 0.042067307692307696 0.03605769230769231
