0 0.7704326923076924 0.4963942307692308 0.07451923076923077 0.021634615384615384
0 0.7632211538461539 0.5318509615384616 0.14423076923076925 0.025240384615384616
0 0.7662259615384616 0.5661057692307693 0.203125 0.026442307692307696
0 0.7668269230769231 0.5997596153846154 0.2716346153846154 0.02403846153846154
0 0.7427884615384616 0.631610576923077 0.3125 0.030048076923076924
0 0.7085336538461539 0.6640625 0.29447115384615385 0.022836538461538464
0 0.670673076923077 0.6965144230769231 0.2956730769230769 0.022836538461538464
0 0.6532451923076923 0.7295673076923077 0.27043269230769235 0.021634615384615384
0 0.6502403846153847 0.7626201923076924 0.20192307692307693 0.022836538461538464
0 0.6496394230769231 0.7950721153846154 0.13341346153846154 0.020432692307692308
0 0.6496394230769231 0.8293269230769231 0.07091346153846154 0.02403846153846154
0 0.9320913461538463 0.6544471153846154 0.058894230769230775 0.020432692307692308
0 0.9230769230769231 0.6796875 0.10576923076923078 0.020432692307692308
0 0.9212740384615385 0.7073317307692308 0.15745192307692307 0.022836538461538464
0 0.9134615384615385 0.7337740384615385 0.17307692307692307 0.022836538461538464
0 0.8990384615384616 0.7584134615384616 0.20192307692307693 0.026442307692307696
0 0.8828125 0.7806490384615385 0.234375 0.02764423076923077
0 0.873798076923077 0.8076923076923077 0.25240384615384615 0.026442307692307696
0 0.8611778846153847 0.8311298076923077 0.2776442307692308 0.022836538461538464
0 0.8575721153846154 0.8599759615384616 0.2848557692307693 0.02764423076923077
0 0.8491586538461539 0.8840144230769231 0.2848557692307693 0.02764423076923077
0 0.834735576923077 0.9056490384615385 0.24639423076923078 0.025240384615384616
0 0.8407451923076924 0.9350961538461539 0.1935096153846154 0.021634615384615384
0 0.8365384615384616 0.9585336538461539 0.16105769230769232 0.018028846153846156
0 0.8359375 0.9855769230769231 0.08533653846153846 0.019230769230769232
0 0.4867788461538462 0.765625 0.07932692307692309 0.021634615384615384
0 0.48617788461538464 0.8028846153846154 0.14783653846153846 0.021634615384615384
0 0.4885817307692308 0.8359375 0.21033653846153846 0.022836538461538464
0 0.484375 0.8677884615384616 0.28365384615384615 0.026442307692307696
0 0.45492788461538464 0.9026442307692308 0.28966346153846156 0.02403846153846154
0 0.41947115384615385 0.9332932692307693 0.3004807692307693 0.022836538461538464
0 0.6448317307692308 0.9356971153846154 0.10216346153846155 0.022836538461538464
0 0.6400240384615385 0.9681490384615385 0.1358173076923077 0.022836538461538464
0 0.6442307692307693 0.9897836538461539 0.19230769230769232 0.020432692307692308
0 0.3828125 0.9633413461538463 0.3040865384615385 0.018028846153846156
0 0.3545673076923077 0.9939903846153847 0.31009615384615385 0.01201923076923077
