0 0.01682692307692308 0.12560096153846154 0.03365384615384616 0.08533653846153846
0 0.04387019230769231 0.1622596153846154 0.08774038461538462 0.09615384615384616
0 0.09855769230769232 0.19230769230769232 0.09134615384615385 0.09375
0 0.15384615384615385 0.21754807692307693 0.07692307692307693 0.07692307692307693
0 0.14302884615384617 0.3040865384615385 0.05288461538461539 0.06490384615384616
0 0.0889423076923077 0.3731971153846154 0.09855769230769232 0.11658653846153846
0 0.03665865384615385 0.4567307692307693 0.0733173076923077 0.125
0 0.20793269230769232 0.4873798076923077 0.14903846153846154 0.12860576923076925
0 0.6454326923076923 0.3972355769230769 0.12259615384615385 0.11177884615384616
0 0.951923076923077 0.7914663461538461 0.09615384615384616 0.09735576923076923
0 0.928485576923077 0.8888221153846154 0.14302884615384617 0.21514423076923078
0 0.921875 0.9146634615384616 0.15625 0.17067307692307693
0 0.8353365384615385 0.9242788461538463 0.0625 0.07692307692307693
0 0.5685096153846154 0.7512019230769231 0.08173076923076923 0.09134615384615385
0 0.5216346153846154 0.7740384615384616 0.04326923076923077 0.040865384615384616
