0 0.09975961538461539 0.45372596153846156 0.06490384615384616 0.06129807692307693
0 0.8233173076923077 0.030048076923076924 0.05288461538461539 0.05048076923076923
0 0.7908653846153847 0.07091346153846154 0.05288461538461539 0.05288461538461539
0 0.7710336538461539 0.09555288461538462 0.042067307692307696 0.03966346153846154
0 0.756610576923077 0.16105769230769232 0.0733173076923077 0.06009615384615385
0 0.7271634615384616 0.19891826923076925 0.05528846153846154 0.06370192307692309
0 0.78125 0.24278846153846156 0.08653846153846154 0.07692307692307693
0 0.8293269230769231 0.22415865384615385 0.06490384615384616 0.05168269230769231
0 0.897235576923077 0.04326923076923077 0.07091346153846154 0.06490384615384616
0 0.9435096153846154 0.08473557692307693 0.040865384615384616 0.037259615384615384
0 0.9242788461538463 0.10997596153846155 0.05048076923076923 0.04927884615384616
0 0.8731971153846154 0.07572115384615385 0.08293269230769232 0.07451923076923077
0 0.8473557692307693 0.11298076923076923 0.08173076923076923 0.06730769230769232
0 0.8215144230769231 0.13942307692307693 0.06850961538461539 0.06009615384615385
0 0.9056490384615385 0.15685096153846154 0.0733173076923077 0.06850961538461539
0 0.8840144230769231 0.18810096153846154 0.06850961538461539 0.054086538461538464
0 0.9645432692307693 0.20372596153846154 0.07091346153846154 0.07091346153846154
0 0.9399038461538463 0.2325721153846154 0.06971153846153846 0.06129807692307693
0 0.9951923076923077 0.2566105769230769 0.009615384615384616 0.06850961538461539
0 0.9825721153846154 0.28305288461538464 0.03485576923076923 0.06129807692307693
0 0.983173076923077 0.4254807692307693 0.03365384615384616 0.06490384615384616
0 0.8040865384615385 0.9266826923076924 0.125 0.10576923076923078
0 0.6105769230769231 0.5216346153846154 0.028846153846153848 0.026442307692307696
0 0.3353365384615385 0.6965144230769231 0.125 0.09495192307692309
0 0.07211538461538462 0.7650240384615385 0.04326923076923077 0.02764423076923077
0 0.15564903846153846 0.5967548076923077 0.1622596153846154 0.11177884615384616
