0 0.6538461538461539 0.001201923076923077 0.2956730769230769 0.002403846153846154
0 0.6364182692307693 0.02403846153846154 0.27043269230769235 0.021634615384615384
0 0.6334134615384616 0.05709134615384616 0.20192307692307693 0.022836538461538464
0 0.6328125 0.08954326923076923 0.13341346153846154 0.020432692307692308
0 0.6328125 0.12379807692307693 0.07091346153846154 0.02403846153846154
0 0.9068509615384616 0.006610576923076924 0.1622596153846154 0.013221153846153848
0 0.905048076923077 0.028245192307692308 0.18990384615384617 0.022836538461538464
0 0.890625 0.05288461538461539 0.21875 0.026442307692307696
0 0.8743990384615385 0.07512019230769232 0.2512019230769231 0.02764423076923077
0 0.8653846153846154 0.10216346153846155 0.2692307692307693 0.026442307692307696
0 0.8527644230769231 0.12560096153846154 0.29447115384615385 0.022836538461538464
0 0.8473557692307693 0.1544471153846154 0.2980769230769231 0.02764423076923077
0 0.8323317307692308 0.17848557692307693 0.2848557692307693 0.02764423076923077
0 0.8179086538461539 0.20012019230769232 0.24639423076923078 0.025240384615384616
0 0.8239182692307693 0.2295673076923077 0.1935096153846154 0.021634615384615384
0 0.8197115384615385 0.2530048076923077 0.16105769230769232 0.018028846153846156
0 0.819110576923077 0.2800480769230769 0.08533653846153846 0.019230769230769232
0 0.46995192307692313 0.06009615384615385 0.07932692307692309 0.021634615384615384
0 0.46935096153846156 0.09735576923076923 0.14783653846153846 0.021634615384615384
0 0.4717548076923077 0.13040865384615385 0.21033653846153846 0.022836538461538464
0 0.4675480769230769 0.1622596153846154 0.28365384615384615 0.026442307692307696
0 0.43810096153846156 0.19711538461538464 0.28966346153846156 0.02403846153846154
0 0.4026442307692308 0.2277644230769231 0.3004807692307693 0.022836538461538464
0 0.6280048076923077 0.23016826923076925 0.10216346153846155 0.022836538461538464
0 0.6231971153846154 0.26262019230769235 0.1358173076923077 0.022836538461538464
0 0.6274038461538461 0.2848557692307693 0.19230769230769232 0.021634615384615384
0 0.6268028846153847 0.3088942307692308 0.2247596153846154 0.026442307692307696
0 0.6225961538461539 0.3353365384615385 0.2884615384615385 0.028846153846153848
0 0.6105769230769231 0.36117788461538464 0.3197115384615385 0.030048076923076924
0 0.5883413461538461 0.3852163461538462 0.32091346153846156 0.022836538461538464
0 0.3659855769230769 0.2578125 0.3040865384615385 0.018028846153846156
0 0.33774038461538464 0.29447115384615385 0.31009615384615385 0.02403846153846154
0 0.3040865384615385 0.3275240384615385 0.2956730769230769 0.02764423076923077
0 0.27403846153846156 0.35997596153846156 0.3028846153846154 0.022836538461538464
0 0.23858173076923078 0.3900240384615385 0.30649038461538464 0.022836538461538464
0 0.2043269230769231 0.42307692307692313 0.3028846153846154 0.02403846153846154
0 0.17127403846153846 0.45432692307692313 0.30168269230769235 0.026442307692307696
0 0.14423076923076925 0.4903846153846154 0.2884615384615385 0.02403846153846154
0 0.5823317307692308 0.4128605769230769 0.30168269230769235 0.022836538461538464
0 0.5348557692307693 0.4362980769230769 0.3293269230769231 0.026442307692307696
0 0.5108173076923077 0.46153846153846156 0.32211538461538464 0.02403846153846154
0 0.4801682692307693 0.48497596153846156 0.3353365384615385 0.02764423076923077
0 0.45432692307692313 0.5114182692307693 0.34134615384615385 0.02764423076923077
0 0.8948317307692308 0.545673076923077 0.20552884615384617 0.21634615384615385
0 0.8756009615384616 0.5606971153846154 0.203125 0.21274038461538464
0 0.8599759615384616 0.5775240384615385 0.20072115384615385 0.21274038461538464
0 0.842548076923077 0.5931490384615385 0.21153846153846156 0.21033653846153846
0 0.8275240384615385 0.6123798076923077 0.21274038461538464 0.21514423076923078
0 0.6772836538461539 0.9170673076923077 0.6430288461538461 0.16586538461538464
0 0.4296875 0.5354567307692308 0.3137019230769231 0.02764423076923077
0 0.3984375 0.5606971153846154 0.3353365384615385 0.02764423076923077
0 0.3786057692307693 0.5841346153846154 0.3317307692307693 0.026442307692307696
0 0.3509615384615385 0.609375 0.31730769230769235 0.026442307692307696
0 0.32572115384615385 0.6364182692307693 0.3293269230769231 0.02764423076923077
0 0.30168269230769235 0.6598557692307693 0.3197115384615385 0.03365384615384616
0 0.2686298076923077 0.6856971153846154 0.3137019230769231 0.030048076923076924
0 0.24579326923076925 0.709735576923077 0.32572115384615385 0.03245192307692308
0 0.22235576923076925 0.7373798076923077 0.3293269230769231 0.030048076923076924
0 0.1887019230769231 0.7602163461538461 0.3245192307692308 0.025240384615384616
0 0.16646634615384617 0.7854567307692308 0.33052884615384615 0.030048076923076924
0 0.15384615384615385 0.811298076923077 0.3076923076923077 0.026442307692307696
0 0.13641826923076925 0.8353365384615385 0.2728365384615385 0.026442307692307696
0 0.1268028846153846 0.8623798076923077 0.2536057692307692 0.02764423076923077
0 0.11538461538461539 0.8828125 0.23076923076923078 0.025240384615384616
0 0.09855769230769232 0.9092548076923077 0.19711538461538464 0.030048076923076924
0 0.08774038461538462 0.9326923076923077 0.17548076923076925 0.021634615384615384
0 0.07692307692307693 0.9615384615384616 0.15384615384615385 0.026442307692307696
0 0.058894230769230775 0.984375 0.11778846153846155 0.019230769230769232
0 0.125 0.5204326923076923 0.25 0.02403846153846154
0 0.10697115384615385 0.5546875 0.2139423076923077 0.025240384615384616
0 0.09555288461538462 0.5871394230769231 0.19110576923076925 0.025240384615384616
0 0.07451923076923077 0.6201923076923077 0.14903846153846154 0.02403846153846154
0 0.06009615384615385 0.6526442307692308 0.1201923076923077 0.026442307692307696
0 0.04146634615384616 0.686298076923077 0.08293269230769232 0.026442307692307696
0 0.02764423076923077 0.7211538461538461 0.05528846153846154 0.02403846153846154
