0 0.9242788461538463 0.3125 0.04807692307692308 0.028846153846153848
0 0.8617788461538463 0.8731971153846154 0.2620192307692308 0.1358173076923077
0 0.6322115384615385 0.5817307692307693 0.1466346153846154 0.09134615384615385
0 0.5114182692307693 0.5366586538461539 0.1310096153846154 0.08774038461538462
0 0.35697115384615385 0.5048076923076923 0.15384615384615385 0.08653846153846154
0 0.47415865384615385 0.4711538461538462 0.06370192307692309 0.06009615384615385
0 0.42728365384615385 0.4573317307692308 0.078125 0.06610576923076923
0 0.3545673076923077 0.43509615384615385 0.10576923076923078 0.08413461538461539
0 0.2650240384615385 0.4074519230769231 0.09975961538461539 0.07692307692307693
0 0.2560096153846154 0.4597355769230769 0.10817307692307693 0.06850961538461539
0 0.30228365384615385 0.6490384615384616 0.26322115384615385 0.1201923076923077
0 0.015024038461538462 0.3996394230769231 0.030048076923076924 0.11658653846153846
0 0.08052884615384616 0.43810096153846156 0.12980769230769232 0.10216346153846155
