0 0.00841346153846154 0.4435096153846154 0.01682692307692308 0.06009615384615385
0 0.038461538461538464 0.43449519230769235 0.05048076923076923 0.056490384615384616
0 0.12980769230769232 0.4320913461538462 0.0889423076923077 0.056490384615384616
0 0.020432692307692308 0.9765625 0.040865384615384616 0.046875
0 0.07391826923076923 0.9483173076923077 0.08774038461538462 0.05528846153846154
0 0.15384615384615385 0.9603365384615385 0.06490384615384616 0.07932692307692309
0 0.1622596153846154 0.9368990384615385 0.05048076923076923 0.0733173076923077
0 0.18509615384615385 0.9855769230769231 0.06490384615384616 0.028846153846153848
0 0.4831730769230769 0.9813701923076924 0.11057692307692309 0.037259615384615384
0 0.6057692307692308 0.608173076923077 0.13701923076923078 0.08653846153846154
0 0.7025240384615385 0.615985576923077 0.08293269230769232 0.06129807692307693
0 0.6568509615384616 0.9236778846153847 0.042067307692307696 0.030048076923076924
0 0.944110576923077 0.7217548076923077 0.042067307692307696 0.030048076923076924
