0 0.14603365384615385 0.0546875 0.05168269230769231 0.03966346153846154
0 0.15564903846153846 0.08774038461538462 0.04447115384615385 0.03605769230769231
0 0.17067307692307693 0.1123798076923077 0.04567307692307693 0.030048076923076924
0 0.18509615384615385 0.14002403846153846 0.04326923076923077 0.03245192307692308
0 0.1953125 0.16646634615384617 0.046875 0.025240384615384616
0 0.2091346153846154 0.19411057692307693 0.04567307692307693 0.030048076923076924
0 0.22115384615384617 0.2217548076923077 0.04326923076923077 0.03245192307692308
0 0.2590144230769231 0.43810096153846156 0.09254807692307693 0.1358173076923077
0 0.3545673076923077 0.42367788461538464 0.09615384615384616 0.09254807692307693
0 0.4128605769230769 0.6532451923076923 0.05168269230769231 0.04447115384615385
0 0.609375 0.21634615384615385 0.08173076923076923 0.10817307692307693
0 0.6568509615384616 0.32872596153846156 0.08293269230769232 0.11177884615384616
0 0.5288461538461539 0.3137019230769231 0.1466346153846154 0.23798076923076925
0 0.5835336538461539 0.4645432692307693 0.06850961538461539 0.08533653846153846
0 0.6135817307692308 0.5324519230769231 0.06610576923076923 0.08653846153846154
0 0.6225961538461539 0.4477163461538462 0.06490384615384616 0.08774038461538462
0 0.6478365384615385 0.514423076923077 0.06971153846153846 0.0889423076923077
