0 0.1640625 0.32572115384615385 0.09975961538461539 0.05048076923076923
0 0.10817307692307693 0.5721153846153847 0.04807692307692308 0.021634615384615384
0 0.3810096153846154 0.3040865384615385 0.04326923076923077 0.05048076923076923
0 0.5631009615384616 0.2980769230769231 0.03245192307692308 0.05288461538461539
0 0.639423076923077 0.2890625 0.03365384615384616 0.058894230769230775
0 0.3353365384615385 0.569110576923077 0.08173076923076923 0.04927884615384616
0 0.37680288461538464 0.5973557692307693 0.03245192307692308 0.06009615384615385
0 0.4140625 0.5979567307692308 0.03245192307692308 0.058894230769230775
0 0.6346153846153847 0.7229567307692308 0.03125 0.020432692307692308
0 0.6688701923076923 0.9182692307692308 0.11899038461538462 0.0625
0 0.4411057692307693 0.2890625 0.040865384615384616 0.03485576923076923
