0 0.8088942307692308 0.5474759615384616 0.10096153846153846 0.11418269230769232
0 0.7361778846153847 0.5270432692307693 0.08774038461538462 0.10697115384615385
0 0.6676682692307693 0.49759615384615385 0.09254807692307693 0.10817307692307693
0 0.5943509615384616 0.47836538461538464 0.09735576923076923 0.11298076923076923
0 0.514423076923077 0.45072115384615385 0.09855769230769232 0.09375
0 0.7445913461538461 0.8828125 0.10216346153846155 0.11177884615384616
0 0.6688701923076923 0.8647836538461539 0.09254807692307693 0.1045673076923077
0 0.600360576923077 0.8419471153846154 0.09735576923076923 0.109375
0 0.5252403846153847 0.8167067307692308 0.10096153846153846 0.11177884615384616
0 0.4513221153846154 0.7962740384615385 0.10216346153846155 0.11418269230769232
