0 0.11478365384615385 0.24939903846153846 0.05168269230769231 0.03966346153846154
0 0.12439903846153846 0.2824519230769231 0.04447115384615385 0.03605769230769231
0 0.13942307692307693 0.30709134615384615 0.04567307692307693 0.030048076923076924
0 0.15384615384615385 0.3347355769230769 0.04326923076923077 0.03245192307692308
0 0.1640625 0.36117788461538464 0.046875 0.025240384615384616
0 0.1778846153846154 0.3888221153846154 0.04567307692307693 0.030048076923076924
0 0.18990384615384617 0.4164663461538462 0.04326923076923077 0.03245192307692308
0 0.2277644230769231 0.6328125 0.09254807692307693 0.1358173076923077
0 0.3233173076923077 0.6183894230769231 0.09615384615384616 0.09254807692307693
0 0.3816105769230769 0.8479567307692308 0.05168269230769231 0.04447115384615385
0 0.8197115384615385 0.04326923076923077 0.12740384615384617 0.08653846153846154
0 0.578125 0.41105769230769235 0.08173076923076923 0.10817307692307693
0 0.6256009615384616 0.5234375 0.08293269230769232 0.11177884615384616
0 0.49759615384615385 0.5084134615384616 0.1466346153846154 0.23798076923076925
0 0.5522836538461539 0.6592548076923077 0.06850961538461539 0.08533653846153846
0 0.5823317307692308 0.7271634615384616 0.06610576923076923 0.08653846153846154
0 0.5913461538461539 0.6424278846153847 0.06490384615384616 0.08774038461538462
0 0.6165865384615385 0.7091346153846154 0.06971153846153846 0.0889423076923077
