0 0.9266826923076924 0.028846153846153848 0.09134615384615385 0.057692307692307696
0 0.7758413461538461 0.06129807692307693 0.09735576923076923 0.12259615384615385
0 0.8545673076923077 0.045072115384615384 0.10096153846153846 0.09014423076923077
0 0.9609375 0.08533653846153846 0.078125 0.10576923076923078
0 0.8930288461538463 0.11899038461538462 0.09375 0.10336538461538462
0 0.9783653846153847 0.16526442307692307 0.04326923076923077 0.10697115384615385
0 0.9272836538461539 0.1887019230769231 0.08533653846153846 0.08653846153846154
0 0.8185096153846154 0.14963942307692307 0.09134615384615385 0.10697115384615385
0 0.6977163461538461 0.0625 0.09735576923076923 0.08653846153846154
0 0.7133413461538461 0.11358173076923078 0.08774038461538462 0.08293269230769232
0 0.6219951923076923 0.09134615384615385 0.08774038461538462 0.08173076923076923
0 0.6460336538461539 0.1514423076923077 0.09014423076923077 0.08173076923076923
0 0.7445913461538461 0.18509615384615385 0.09975961538461539 0.11057692307692309
0 0.6700721153846154 0.21334134615384617 0.09495192307692309 0.10697115384615385
0 0.8491586538461539 0.23377403846153846 0.08533653846153846 0.08293269230769232
0 0.59375 0.2433894230769231 0.10096153846153846 0.1045673076923077
0 0.9933894230769231 0.2403846153846154 0.013221153846153848 0.09615384615384616
0 0.9585336538461539 0.27103365384615385 0.08293269230769232 0.09495192307692309
0 0.9705528846153847 0.34615384615384615 0.058894230769230775 0.10817307692307693
0 0.9885817307692308 0.4284855769230769 0.022836538461538464 0.09254807692307693
0 0.9543269230769231 0.45853365384615385 0.09134615384615385 0.09495192307692309
0 0.8864182692307693 0.3034855769230769 0.09735576923076923 0.09014423076923077
0 0.9188701923076924 0.375 0.09495192307692309 0.10336538461538462
0 0.7764423076923077 0.25961538461538464 0.09134615384615385 0.09134615384615385
0 0.8143028846153847 0.3317307692307693 0.08533653846153846 0.09134615384615385
0 0.8479567307692308 0.4104567307692308 0.09735576923076923 0.10697115384615385
0 0.7049278846153847 0.2902644230769231 0.09014423076923077 0.09975961538461539
0 0.733173076923077 0.3671875 0.08173076923076923 0.09735576923076923
0 0.7734375 0.44651442307692313 0.10216346153846155 0.1045673076923077
0 0.6340144230769231 0.32512019230769235 0.08293269230769232 0.09975961538461539
0 0.5168269230769231 0.27824519230769235 0.09855769230769232 0.11418269230769232
0 0.5522836538461539 0.3557692307692308 0.09254807692307693 0.09855769230769232
0 0.6664663461538461 0.4008413461538462 0.08293269230769232 0.09495192307692309
0 0.694110576923077 0.4789663461538462 0.10216346153846155 0.109375
0 0.6225961538461539 0.5108173076923077 0.10336538461538462 0.11778846153846155
0 0.5907451923076923 0.4356971153846154 0.1045673076923077 0.10697115384615385
0 0.7115384615384616 0.6334134615384616 0.09855769230769232 0.13461538461538464
0 0.6640625 0.6544471153846154 0.09735576923076923 0.1358173076923077
