0 0.22836538461538464 0.09014423076923077 0.4567307692307693 0.18028846153846154
0 0.24879807692307693 0.13040865384615385 0.49759615384615385 0.2608173076923077
0 0.25540865384615385 0.17127403846153846 0.5108173076923077 0.3425480769230769
0 0.2638221153846154 0.21033653846153846 0.5276442307692308 0.4206730769230769
0 0.2530048076923077 0.25 0.5060096153846154 0.5
0 0.578125 0.07271634615384616 0.11057692307692309 0.046875
0 0.5552884615384616 0.14002403846153846 0.21153846153846156 0.05168269230769231
0 0.5360576923076923 0.21334134615384617 0.3125 0.05168269230769231
0 0.515625 0.2776442307692308 0.4182692307692308 0.05528846153846154
0 0.48617788461538464 0.34435096153846156 0.5228365384615384 0.054086538461538464
0 0.46153846153846156 0.4134615384615385 0.6298076923076923 0.0625
0 0.4362980769230769 0.48137019230769235 0.7355769230769231 0.07091346153846154
0 0.41165865384615385 0.5450721153846154 0.8233173076923077 0.078125
0 0.4176682692307693 0.6141826923076923 0.8353365384615385 0.08413461538461539
0 0.4254807692307693 0.6826923076923077 0.8509615384615385 0.08413461538461539
0 0.43028846153846156 0.7536057692307693 0.8605769230769231 0.08413461538461539
0 0.3665865384615385 0.8239182692307693 0.733173076923077 0.078125
0 0.3497596153846154 0.8954326923076924 0.6995192307692308 0.08173076923076923
0 0.30709134615384615 0.9663461538461539 0.6141826923076923 0.06730769230769232
