0 0.019230769230769232 0.20072115384615385 0.038461538461538464 0.13942307692307693
0 0.06790865384615385 0.13822115384615385 0.13341346153846154 0.13461538461538464
0 0.16466346153846154 0.08173076923076923 0.125 0.13701923076923078
0 0.24939903846153846 0.04447115384615385 0.10697115384615385 0.0889423076923077
0 0.5198317307692308 0.028245192307692308 0.07091346153846154 0.056490384615384616
0 0.4981971153846154 0.03786057692307693 0.07572115384615385 0.07572115384615385
0 0.42668269230769235 0.06790865384615385 0.07451923076923077 0.09975961538461539
0 0.40384615384615385 0.0859375 0.08173076923076923 0.08774038461538462
0 0.3359375 0.125 0.07091346153846154 0.09855769230769232
0 0.30528846153846156 0.14723557692307693 0.0889423076923077 0.09735576923076923
0 0.2800480769230769 0.16766826923076925 0.07451923076923077 0.09495192307692309
0 0.20733173076923078 0.20673076923076925 0.078125 0.09855769230769232
0 0.18449519230769232 0.22596153846153846 0.07572115384615385 0.09134615384615385
0 0.11298076923076923 0.2686298076923077 0.07451923076923077 0.09254807692307693
0 0.08954326923076923 0.2854567307692308 0.08293269230769232 0.09735576923076923
0 0.16165865384615385 0.4014423076923077 0.09735576923076923 0.12980769230769232
0 0.19290865384615385 0.3822115384615385 0.10697115384615385 0.13461538461538464
0 0.2481971153846154 0.34435096153846156 0.109375 0.13341346153846154
0 0.28365384615384615 0.3215144230769231 0.11057692307692309 0.12620192307692307
0 0.3419471153846154 0.2848557692307693 0.11177884615384616 0.13461538461538464
0 0.3792067307692308 0.2644230769230769 0.10697115384615385 0.13461538461538464
0 0.4122596153846154 0.23858173076923078 0.10336538461538462 0.13341346153846154
0 0.47355769230769235 0.203125 0.10817307692307693 0.13461538461538464
0 0.5060096153846154 0.1796875 0.10817307692307693 0.1310096153846154
0 0.5618990384615385 0.14783653846153846 0.10697115384615385 0.13461538461538464
0 0.5913461538461539 0.125 0.10096153846153846 0.12740384615384617
0 0.6153846153846154 0.25240384615384615 0.0625 0.08173076923076923
0 0.5697115384615385 0.27884615384615385 0.08173076923076923 0.09375
0 0.5372596153846154 0.3004807692307693 0.08413461538461539 0.09375
0 0.4765625 0.3395432692307693 0.08533653846153846 0.09014423076923077
0 0.44290865384615385 0.35997596153846156 0.08293269230769232 0.09495192307692309
0 0.4074519230769231 0.3810096153846154 0.07932692307692309 0.09134615384615385
0 0.3473557692307693 0.421875 0.07932692307692309 0.0889423076923077
0 0.3137019230769231 0.44290865384615385 0.07692307692307693 0.09735576923076923
0 0.25540865384615385 0.4795673076923077 0.07572115384615385 0.09375
0 0.22536057692307693 0.5018028846153847 0.07572115384615385 0.08774038461538462
0 0.9507211538461539 0.8689903846153847 0.04326923076923077 0.028846153846153848
0 0.8725961538461539 0.8780048076923077 0.057692307692307696 0.06129807692307693
0 0.8251201923076924 0.9603365384615385 0.058894230769230775 0.038461538461538464
0 0.7824519230769231 0.9681490384615385 0.040865384615384616 0.030048076923076924
0 0.6899038461538461 0.9747596153846154 0.12259615384615385 0.05048076923076923
0 0.05048076923076923 0.4338942307692308 0.10096153846153846 0.4278846153846154
