0 0.8527644230769231 0.2890625 0.15504807692307693 0.12620192307692307
0 0.7109375 0.36478365384615385 0.16466346153846154 0.12379807692307693
0 0.4164663461538462 0.6682692307692308 0.17427884615384617 0.13942307692307693
0 0.5414663461538461 0.5943509615384616 0.15024038461538464 0.12139423076923078
0 0.9915865384615385 0.6027644230769231 0.01682692307692308 0.07572115384615385
0 0.9074519230769231 0.6742788461538461 0.18509615384615385 0.14903846153846154
0 0.7373798076923077 0.7121394230769231 0.09735576923076923 0.11899038461538462
0 0.6881009615384616 0.6274038461538461 0.09735576923076923 0.10817307692307693
0 0.6490384615384616 0.5450721153846154 0.07211538461538462 0.09495192307692309
0 0.6971153846153847 0.5126201923076923 0.09855769230769232 0.09014423076923077
0 0.7584134615384616 0.6334134615384616 0.11298076923076923 0.21153846153846156
