0 0.14603365384615385 0.12620192307692307 0.2920673076923077 0.24278846153846156
0 0.3215144230769231 0.36899038461538464 0.08052884615384616 0.06730769230769232
0 0.37259615384615385 0.40324519230769235 0.08173076923076923 0.058894230769230775
0 0.4320913461538462 0.4477163461538462 0.07572115384615385 0.08533653846153846
0 0.47836538461538464 0.484375 0.09134615384615385 0.09615384615384616
0 0.5348557692307693 0.514423076923077 0.09134615384615385 0.09375
0 0.5901442307692308 0.5396634615384616 0.07692307692307693 0.07692307692307693
0 0.27043269230769235 0.5805288461538461 0.08653846153846154 0.0625
0 0.5793269230769231 0.6262019230769231 0.05288461538461539 0.06490384615384616
0 0.5252403846153847 0.6953125 0.09855769230769232 0.11658653846153846
0 0.45072115384615385 0.7788461538461539 0.11778846153846155 0.125
0 0.6442307692307693 0.8094951923076924 0.14903846153846154 0.12860576923076925
