0 0.9338942307692308 0.8227163461538461 0.13221153846153846 0.1358173076923077
0 0.7692307692307693 0.53125 0.1466346153846154 0.09134615384615385
0 0.6484375 0.48617788461538464 0.1310096153846154 0.08774038461538462
0 0.49399038461538464 0.45432692307692313 0.15384615384615385 0.08653846153846154
0 0.6111778846153847 0.4206730769230769 0.06370192307692309 0.06009615384615385
0 0.5643028846153847 0.40685096153846156 0.078125 0.06610576923076923
0 0.4915865384615385 0.38461538461538464 0.10576923076923078 0.08413461538461539
0 0.4020432692307693 0.35697115384615385 0.09975961538461539 0.07692307692307693
0 0.3930288461538462 0.4092548076923077 0.10817307692307693 0.06850961538461539
0 0.43930288461538464 0.5985576923076923 0.26322115384615385 0.1201923076923077
0 0.08353365384615385 0.34915865384615385 0.1670673076923077 0.11658653846153846
0 0.21754807692307693 0.38762019230769235 0.12980769230769232 0.10216346153846155
