0 0.03545673076923077 0.7463942307692308 0.02764423076923077 0.04326923076923077
0 0.022836538461538464 0.7902644230769231 0.026442307692307696 0.03485576923076923
0 0.07992788461538462 0.49699519230769235 0.15985576923076925 0.09495192307692309
0 0.24939903846153846 0.5883413461538461 0.054086538461538464 0.078125
0 0.40625 0.3780048076923077 0.038461538461538464 0.037259615384615384
0 0.42367788461538464 0.39242788461538464 0.02764423076923077 0.042067307692307696
0 0.45012019230769235 0.3918269230769231 0.02764423076923077 0.04567307692307693
0 0.48617788461538464 0.3936298076923077 0.03485576923076923 0.05168269230769231
0 0.21274038461538464 0.71875 0.04807692307692308 0.06009615384615385
0 0.2776442307692308 0.8149038461538461 0.06730769230769232 0.11538461538461539
