0 0.553485576923077 0.009014423076923078 0.13341346153846154 0.018028846153846156
0 0.553485576923077 0.042067307692307696 0.07091346153846154 0.02403846153846154
0 0.8227163461538461 0.003605769230769231 0.30649038461538464 0.007211538461538462
0 0.8118990384615385 0.020432692307692308 0.32091346153846156 0.026442307692307696
0 0.7824519230769231 0.04387019230769231 0.3125 0.022836538461538464
0 0.7680288461538461 0.07271634615384616 0.2980769230769231 0.02764423076923077
0 0.7530048076923077 0.0967548076923077 0.2848557692307693 0.02764423076923077
0 0.7385817307692308 0.11838942307692309 0.24639423076923078 0.025240384615384616
0 0.7445913461538461 0.14783653846153846 0.1935096153846154 0.021634615384615384
0 0.7403846153846154 0.17127403846153846 0.16105769230769232 0.018028846153846156
0 0.7397836538461539 0.1983173076923077 0.08533653846153846 0.019230769230769232
0 0.3900240384615385 0.015625 0.14783653846153846 0.021634615384615384
0 0.39242788461538464 0.048677884615384616 0.21033653846153846 0.022836538461538464
0 0.38822115384615385 0.08052884615384616 0.28365384615384615 0.026442307692307696
0 0.3587740384615385 0.11538461538461539 0.28966346153846156 0.02403846153846154
0 0.3233173076923077 0.14603365384615385 0.3004807692307693 0.022836538461538464
0 0.5486778846153847 0.1484375 0.10216346153846155 0.022836538461538464
0 0.5438701923076923 0.1808894230769231 0.1358173076923077 0.022836538461538464
0 0.5480769230769231 0.203125 0.19230769230769232 0.021634615384615384
0 0.5474759615384616 0.22716346153846156 0.2247596153846154 0.026442307692307696
0 0.5432692307692308 0.2536057692307692 0.2884615384615385 0.028846153846153848
0 0.53125 0.2794471153846154 0.3197115384615385 0.030048076923076924
0 0.5090144230769231 0.3034855769230769 0.32091346153846156 0.022836538461538464
0 0.28665865384615385 0.17608173076923078 0.3040865384615385 0.018028846153846156
0 0.25841346153846156 0.21274038461538464 0.31009615384615385 0.02403846153846154
0 0.2247596153846154 0.24579326923076925 0.2956730769230769 0.02764423076923077
0 0.19471153846153846 0.27824519230769235 0.3028846153846154 0.022836538461538464
0 0.1592548076923077 0.3082932692307693 0.30649038461538464 0.022836538461538464
0 0.13822115384615385 0.34134615384615385 0.2764423076923077 0.02403846153846154
0 0.12139423076923078 0.37259615384615385 0.24278846153846156 0.026442307692307696
0 0.1045673076923077 0.4086538461538462 0.2091346153846154 0.02403846153846154
0 0.5030048076923077 0.3311298076923077 0.30168269230769235 0.022836538461538464
0 0.4555288461538462 0.3545673076923077 0.3293269230769231 0.026442307692307696
0 0.43149038461538464 0.37980769230769235 0.32211538461538464 0.02403846153846154
0 0.4008413461538462 0.40324519230769235 0.3353365384615385 0.02764423076923077
0 0.375 0.4296875 0.34134615384615385 0.02764423076923077
0 0.8155048076923077 0.4639423076923077 0.20552884615384617 0.21634615384615385
0 0.7962740384615385 0.4789663461538462 0.203125 0.21274038461538464
0 0.7806490384615385 0.4957932692307693 0.20072115384615385 0.21274038461538464
0 0.7632211538461539 0.5114182692307693 0.21153846153846156 0.21033653846153846
0 0.7481971153846154 0.5306490384615384 0.21274038461538464 0.21514423076923078
0 0.5979567307692308 0.8762019230769231 0.6430288461538461 0.24759615384615385
0 0.3503605769230769 0.45372596153846156 0.3137019230769231 0.02764423076923077
0 0.3191105769230769 0.4789663461538462 0.3353365384615385 0.02764423076923077
0 0.29927884615384615 0.5024038461538461 0.3317307692307693 0.026442307692307696
0 0.2716346153846154 0.5276442307692308 0.31730769230769235 0.026442307692307696
0 0.24639423076923078 0.5546875 0.3293269230769231 0.02764423076923077
0 0.22235576923076925 0.578125 0.3197115384615385 0.03365384615384616
0 0.18930288461538464 0.6039663461538461 0.3137019230769231 0.030048076923076924
0 0.16646634615384617 0.6280048076923077 0.32572115384615385 0.03245192307692308
0 0.15384615384615385 0.6556490384615385 0.3076923076923077 0.030048076923076924
0 0.1358173076923077 0.678485576923077 0.2716346153846154 0.025240384615384616
0 0.12620192307692307 0.7037259615384616 0.25240384615384615 0.030048076923076924
0 0.11418269230769232 0.7295673076923077 0.22836538461538464 0.026442307692307696
0 0.0967548076923077 0.7536057692307693 0.1935096153846154 0.026442307692307696
0 0.08713942307692309 0.7806490384615385 0.17427884615384617 0.02764423076923077
0 0.07572115384615385 0.8010817307692308 0.1514423076923077 0.025240384615384616
0 0.058894230769230775 0.8275240384615385 0.11778846153846155 0.030048076923076924
0 0.04807692307692308 0.8509615384615385 0.09615384615384616 0.021634615384615384
0 0.037259615384615384 0.8798076923076924 0.07451923076923077 0.026442307692307696
0 0.019230769230769232 0.9026442307692308 0.038461538461538464 0.019230769230769232
0 0.0078125 0.9308894230769231 0.015625 0.020432692307692308
0 0.08533653846153846 0.43870192307692313 0.17067307692307693 0.02403846153846154
0 0.06730769230769232 0.4729567307692308 0.13461538461538464 0.025240384615384616
0 0.05588942307692308 0.5054086538461539 0.11177884615384616 0.025240384615384616
0 0.03485576923076923 0.5384615384615385 0.06971153846153846 0.02403846153846154
0 0.020432692307692308 0.5709134615384616 0.040865384615384616 0.026442307692307696
