0 0.12319711538461539 0.003605769230769231 0.042067307692307696 0.007211538461538462
0 0.19170673076923078 0.44230769230769235 0.1045673076923077 0.12980769230769232
0 0.46995192307692313 0.41586538461538464 0.10817307692307693 0.10576923076923078
0 0.5282451923076923 0.4681490384615385 0.06610576923076923 0.0733173076923077
0 0.6183894230769231 0.5204326923076923 0.11177884615384616 0.125
0 0.8449519230769231 0.5703125 0.03605769230769231 0.030048076923076924
0 0.990985576923077 0.694110576923077 0.018028846153846156 0.06129807692307693
0 0.9825721153846154 0.9957932692307693 0.03485576923076923 0.00841346153846154
0 0.12620192307692307 0.9741586538461539 0.11538461538461539 0.05168269230769231
0 0.042067307692307696 0.9573317307692308 0.08413461538461539 0.08533653846153846
