0 0.990985576923077 0.6935096153846154 0.018028846153846156 0.026442307692307696
0 0.9014423076923077 0.8617788461538463 0.03365384615384616 0.038461538461538464
0 0.9483173076923077 0.8978365384615385 0.03605769230769231 0.040865384615384616
0 0.9855769230769231 0.9429086538461539 0.028846153846153848 0.09975961538461539
0 0.5174278846153847 0.3479567307692308 0.042067307692307696 0.03245192307692308
0 0.6213942307692308 0.4417067307692308 0.04807692307692308 0.03245192307692308
0 0.6688701923076923 0.4495192307692308 0.046875 0.04326923076923077
0 0.7067307692307693 0.47055288461538464 0.04567307692307693 0.046875
0 0.5132211538461539 0.6111778846153847 0.0625 0.0733173076923077
0 0.5625 0.6352163461538461 0.026442307692307696 0.030048076923076924
0 0.6616586538461539 0.6760817307692308 0.06850961538461539 0.07572115384615385
0 0.6995192307692308 0.7055288461538461 0.028846153846153848 0.03605769230769231
