0 0.5252403846153847 0.25240384615384615 0.15625 0.13701923076923078
0 0.4206730769230769 0.2932692307692308 0.10336538461538462 0.10817307692307693
0 0.5661057692307693 0.3359375 0.1514423076923077 0.1310096153846154
0 0.5979567307692308 0.43028846153846156 0.11899038461538462 0.12980769230769232
0 0.6754807692307693 0.43509615384615385 0.11057692307692309 0.11298076923076923
0 0.7061298076923077 0.5048076923076923 0.11658653846153846 0.10576923076923078
0 0.4651442307692308 0.38461538461538464 0.09855769230769232 0.1201923076923077
0 0.5036057692307693 0.4747596153846154 0.09134615384615385 0.11298076923076923
0 0.6213942307692308 0.5270432692307693 0.11057692307692309 0.11418269230769232
0 0.6502403846153847 0.6027644230769231 0.09855769230769232 0.10216346153846155
0 0.6893028846153847 0.6808894230769231 0.09495192307692309 0.09735576923076923
0 0.37680288461538464 0.3870192307692308 0.109375 0.12980769230769232
0 0.3185096153846154 0.41586538461538464 0.07932692307692309 0.12259615384615385
0 0.3527644230769231 0.5294471153846154 0.09735576923076923 0.13341346153846154
0 0.43149038461538464 0.4981971153846154 0.10096153846153846 0.1310096153846154
0 0.5480769230769231 0.5588942307692308 0.09855769230769232 0.10576923076923078
0 0.46995192307692313 0.592548076923077 0.09375 0.10336538461538462
0 0.5763221153846154 0.6388221153846154 0.08533653846153846 0.10697115384615385
0 0.5042067307692308 0.6622596153846154 0.08533653846153846 0.08653846153846154
0 0.39543269230769235 0.6231971153846154 0.09134615384615385 0.10697115384615385
0 0.2746394230769231 0.5360576923076923 0.09735576923076923 0.08653846153846154
0 0.2902644230769231 0.5871394230769231 0.08774038461538462 0.08293269230769232
0 0.19891826923076925 0.5649038461538461 0.08774038461538462 0.08173076923076923
0 0.22295673076923078 0.625 0.09014423076923077 0.08173076923076923
0 0.3215144230769231 0.6586538461538461 0.09975961538461539 0.11057692307692309
0 0.24699519230769232 0.6868990384615385 0.09495192307692309 0.10697115384615385
0 0.4260817307692308 0.7073317307692308 0.08533653846153846 0.08293269230769232
0 0.17067307692307693 0.7169471153846154 0.10096153846153846 0.1045673076923077
0 0.6057692307692308 0.7139423076923077 0.08413461538461539 0.09615384615384616
0 0.7217548076923077 0.7554086538461539 0.1045673076923077 0.11418269230769232
0 0.6454326923076923 0.7914663461538461 0.09855769230769232 0.09975961538461539
0 0.5372596153846154 0.7445913461538461 0.08653846153846154 0.09495192307692309
0 0.569110576923077 0.8197115384615385 0.10216346153846155 0.10817307692307693
0 0.600360576923077 0.9020432692307693 0.09254807692307693 0.09254807692307693
0 0.5336538461538461 0.9320913461538463 0.09615384615384616 0.09495192307692309
0 0.4633413461538462 0.7770432692307693 0.09735576923076923 0.09014423076923077
0 0.4957932692307693 0.8485576923076924 0.09495192307692309 0.10336538461538462
0 0.35336538461538464 0.733173076923077 0.09134615384615385 0.09134615384615385
0 0.39122596153846156 0.8052884615384616 0.08533653846153846 0.09134615384615385
0 0.4248798076923077 0.8840144230769231 0.09735576923076923 0.10697115384615385
0 0.28185096153846156 0.7638221153846154 0.09014423076923077 0.09975961538461539
0 0.31009615384615385 0.8407451923076924 0.08173076923076923 0.09735576923076923
0 0.3503605769230769 0.9200721153846154 0.10216346153846155 0.1045673076923077
0 0.2109375 0.7986778846153847 0.08293269230769232 0.09975961538461539
0 0.09375 0.7518028846153847 0.09855769230769232 0.11418269230769232
0 0.12920673076923078 0.8293269230769231 0.09254807692307693 0.09855769230769232
0 0.2433894230769231 0.8743990384615385 0.08293269230769232 0.09495192307692309
0 0.27103365384615385 0.9489182692307693 0.10216346153846155 0.10216346153846155
0 0.19951923076923078 0.9627403846153847 0.10336538461538462 0.07451923076923077
0 0.16766826923076925 0.9092548076923077 0.1045673076923077 0.10697115384615385
