0 0.11117788461538462 0.9711538461538463 0.06610576923076923 0.03365384615384616
0 0.26021634615384615 0.5618990384615385 0.056490384615384616 0.054086538461538464
0 0.34134615384615385 0.5751201923076923 0.09375 0.08293269230769232
0 0.6256009615384616 0.3359375 0.05168269230769231 0.08052884615384616
0 0.6087740384615385 0.2950721153846154 0.09495192307692309 0.14543269230769232
0 0.6694711538461539 0.3106971153846154 0.08653846153846154 0.15504807692307693
0 0.6610576923076923 0.561298076923077 0.06971153846153846 0.04326923076923077
0 0.5288461538461539 0.8341346153846154 0.09615384615384616 0.06730769230769232
0 0.7271634615384616 0.8004807692307693 0.06730769230769232 0.05288461538461539
0 0.7692307692307693 0.9423076923076924 0.05288461538461539 0.028846153846153848
0 0.983173076923077 0.8094951923076924 0.03365384615384616 0.03245192307692308
0 0.9807692307692308 0.6129807692307693 0.038461538461538464 0.028846153846153848
