0 0.9429086538461539 0.905048076923077 0.11418269230769232 0.13942307692307693
0 0.9663461538461539 0.6388221153846154 0.06730769230769232 0.10216346153846155
0 0.9477163461538463 0.6135817307692308 0.037259615384615384 0.042067307692307696
0 0.9693509615384616 0.5955528846153847 0.037259615384615384 0.03245192307692308
0 0.9873798076923077 0.5811298076923077 0.025240384615384616 0.03485576923076923
0 0.8695913461538463 0.7265625 0.14543269230769232 0.12860576923076925
0 0.7908653846153847 0.7145432692307693 0.04807692307692308 0.04927884615384616
0 0.8118990384615385 0.6983173076923077 0.046875 0.04326923076923077
0 0.8335336538461539 0.6808894230769231 0.046875 0.05168269230769231
0 0.8563701923076924 0.6646634615384616 0.04447115384615385 0.04567307692307693
0 0.8762019230769231 0.6502403846153847 0.05048076923076923 0.040865384615384616
0 0.6598557692307693 0.6027644230769231 0.07211538461538462 0.06370192307692309
0 0.6989182692307693 0.5570913461538461 0.109375 0.1045673076923077
0 0.7542067307692308 0.48978365384615385 0.1045673076923077 0.09975961538461539
0 0.8137019230769231 0.4290865384615385 0.10576923076923078 0.10817307692307693
0 0.7794471153846154 0.34915865384615385 0.06850961538461539 0.054086538461538464
0 0.7614182692307693 0.3731971153846154 0.058894230769230775 0.05168269230769231
0 0.740985576923077 0.3930288461538462 0.06850961538461539 0.05288461538461539
0 0.7283653846153847 0.41586538461538464 0.06009615384615385 0.05048076923076923
0 0.7049278846153847 0.43509615384615385 0.056490384615384616 0.05048076923076923
0 0.6893028846153847 0.4567307692307693 0.06850961538461539 0.057692307692307696
0 0.671875 0.4795673076923077 0.05288461538461539 0.04807692307692308
0 0.6592548076923077 0.5006009615384616 0.058894230769230775 0.042067307692307696
0 0.6430288461538461 0.5204326923076923 0.057692307692307696 0.04807692307692308
0 0.6219951923076923 0.5432692307692308 0.05168269230769231 0.04326923076923077
0 0.6051682692307693 0.5673076923076923 0.05168269230769231 0.04567307692307693
0 0.4573317307692308 0.5865384615384616 0.11899038461538462 0.11057692307692309
0 0.5600961538461539 0.30528846153846156 0.20673076923076925 0.1875
0 0.4098557692307693 0.2512019230769231 0.06009615384615385 0.10096153846153846
0 0.3737980769230769 0.3125 0.0889423076923077 0.06971153846153846
0 0.3245192307692308 0.4284855769230769 0.09375 0.07091346153846154
0 0.3840144230769231 0.5072115384615384 0.07091346153846154 0.08173076923076923
0 0.1826923076923077 0.6274038461538461 0.07451923076923077 0.06490384615384616
0 0.21153846153846156 0.5889423076923077 0.07932692307692309 0.07932692307692309
0 0.23677884615384617 0.5450721153846154 0.06490384615384616 0.058894230769230775
0 0.16466346153846154 0.12319711538461539 0.09615384615384616 0.09254807692307693
0 0.2638221153846154 0.05348557692307693 0.1622596153846154 0.10697115384615385
