0 0.4026442307692308 0.021634615384615384 0.3028846153846154 0.02403846153846154
0 0.3695913461538462 0.05288461538461539 0.30168269230769235 0.026442307692307696
0 0.3353365384615385 0.0889423076923077 0.3028846153846154 0.02403846153846154
0 0.7806490384615385 0.011418269230769232 0.30168269230769235 0.022836538461538464
0 0.733173076923077 0.03485576923076923 0.3293269230769231 0.026442307692307696
0 0.7091346153846154 0.06009615384615385 0.32211538461538464 0.02403846153846154
0 0.678485576923077 0.08353365384615385 0.3353365384615385 0.02764423076923077
0 0.6526442307692308 0.10997596153846155 0.34134615384615385 0.02764423076923077
0 0.9861778846153847 0.1592548076923077 0.02764423076923077 0.21274038461538464
0 0.9789663461538463 0.17608173076923078 0.042067307692307696 0.21274038461538464
0 0.967548076923077 0.19170673076923078 0.06490384615384616 0.21033653846153846
0 0.959735576923077 0.2109375 0.08052884615384616 0.21514423076923078
0 0.7770432692307693 0.7163461538461539 0.44591346153846156 0.5673076923076923
0 0.6280048076923077 0.13401442307692307 0.3137019230769231 0.02764423076923077
0 0.5967548076923077 0.1592548076923077 0.3353365384615385 0.02764423076923077
0 0.576923076923077 0.1826923076923077 0.3317307692307693 0.026442307692307696
0 0.5492788461538461 0.20793269230769232 0.31730769230769235 0.026442307692307696
0 0.5240384615384616 0.23497596153846156 0.3293269230769231 0.02764423076923077
0 0.5 0.25841346153846156 0.3197115384615385 0.03365384615384616
0 0.4669471153846154 0.2842548076923077 0.3137019230769231 0.030048076923076924
0 0.4441105769230769 0.3082932692307693 0.32572115384615385 0.03245192307692308
0 0.4206730769230769 0.3359375 0.3293269230769231 0.030048076923076924
0 0.3870192307692308 0.3587740384615385 0.3245192307692308 0.025240384615384616
0 0.36478365384615385 0.3840144230769231 0.33052884615384615 0.030048076923076924
0 0.34074519230769235 0.4098557692307693 0.33052884615384615 0.026442307692307696
0 0.30709134615384615 0.4338942307692308 0.328125 0.026442307692307696
0 0.29086538461538464 0.4609375 0.32211538461538464 0.02764423076923077
0 0.2716346153846154 0.48137019230769235 0.31490384615384615 0.025240384615384616
0 0.2530048076923077 0.5078125 0.2848557692307693 0.030048076923076924
0 0.2451923076923077 0.53125 0.2572115384615385 0.021634615384615384
0 0.2560096153846154 0.5600961538461539 0.19230769230769232 0.026442307692307696
0 0.24579326923076925 0.5829326923076923 0.140625 0.019230769230769232
0 0.24399038461538464 0.6111778846153847 0.09855769230769232 0.020432692307692308
0 0.24759615384615385 0.6376201923076923 0.06009615384615385 0.020432692307692308
0 0.2998798076923077 0.11899038461538462 0.296875 0.02403846153846154
0 0.26262019230769235 0.15324519230769232 0.29927884615384615 0.025240384615384616
0 0.2325721153846154 0.1856971153846154 0.3137019230769231 0.025240384615384616
0 0.1953125 0.21875 0.3040865384615385 0.02403846153846154
0 0.16646634615384617 0.2512019230769231 0.3040865384615385 0.026442307692307696
0 0.140625 0.2848557692307693 0.28125 0.026442307692307696
0 0.1268028846153846 0.3197115384615385 0.2536057692307692 0.02403846153846154
0 0.10697115384615385 0.3509615384615385 0.2139423076923077 0.02403846153846154
0 0.08954326923076923 0.3816105769230769 0.17908653846153846 0.02764423076923077
0 0.07752403846153846 0.4152644230769231 0.140625 0.020432692307692308
0 0.078125 0.4483173076923077 0.07692307692307693 0.021634615384615384
0 0.010817307692307692 0.9573317307692308 0.021634615384615384 0.03245192307692308
0 0.014423076923076924 0.9813701923076924 0.028846153846153848 0.037259615384615384
0 0.022836538461538464 0.990985576923077 0.04567307692307693 0.018028846153846156
0 0.5414663461538461 0.9194711538461539 0.20552884615384617 0.16105769230769232
