0 0.4909855769230769 0.3389423076923077 0.05168269230769231 0.04326923076923077
0 0.4320913461538462 0.45012019230769235 0.11418269230769232 0.11177884615384616
0 0.08353365384615385 0.4356971153846154 0.15504807692307693 0.12620192307692307
0 0.01201923076923077 0.5114182692307693 0.02403846153846154 0.12379807692307693
0 0.7127403846153847 0.5348557692307693 0.19230769230769232 0.19471153846153846
0 0.31009615384615385 0.7127403846153847 0.06490384615384616 0.07451923076923077
0 0.23918269230769232 0.7493990384615385 0.05048076923076923 0.07572115384615385
0 0.1466346153846154 0.8209134615384616 0.20192307692307693 0.14903846153846154
0 0.00841346153846154 0.8587740384615385 0.01682692307692308 0.11899038461538462
0 0.022836538461538464 0.780048076923077 0.04567307692307693 0.21153846153846156
