0 0.4399038461538462 0.11538461538461539 0.07451923076923077 0.021634615384615384
0 0.4326923076923077 0.15084134615384617 0.14423076923076925 0.025240384615384616
0 0.4356971153846154 0.18509615384615385 0.203125 0.026442307692307696
0 0.4362980769230769 0.21875 0.2716346153846154 0.02403846153846154
0 0.4122596153846154 0.25060096153846156 0.3125 0.030048076923076924
0 0.3780048076923077 0.28305288461538464 0.29447115384615385 0.022836538461538464
0 0.3401442307692308 0.3155048076923077 0.2956730769230769 0.022836538461538464
0 0.32271634615384615 0.34855769230769235 0.27043269230769235 0.021634615384615384
0 0.3197115384615385 0.3816105769230769 0.20192307692307693 0.022836538461538464
0 0.3191105769230769 0.4140625 0.13341346153846154 0.020432692307692308
0 0.3191105769230769 0.4483173076923077 0.07091346153846154 0.02403846153846154
0 0.6015625 0.2734375 0.058894230769230775 0.020432692307692308
0 0.592548076923077 0.29867788461538464 0.10576923076923078 0.020432692307692308
0 0.5931490384615385 0.3263221153846154 0.1622596153846154 0.022836538461538464
0 0.6027644230769231 0.3527644230769231 0.21274038461538464 0.022836538461538464
0 0.5883413461538461 0.3774038461538462 0.24158653846153846 0.026442307692307696
0 0.5883413461538461 0.3996394230769231 0.30649038461538464 0.02764423076923077
0 0.5775240384615385 0.42668269230769235 0.32091346153846156 0.026442307692307696
0 0.5480769230769231 0.45012019230769235 0.3125 0.022836538461538464
0 0.5336538461538461 0.4789663461538462 0.2980769230769231 0.02764423076923077
0 0.5186298076923077 0.5030048076923077 0.2848557692307693 0.02764423076923077
0 0.5042067307692308 0.5246394230769231 0.24639423076923078 0.025240384615384616
0 0.5102163461538461 0.5540865384615385 0.1935096153846154 0.021634615384615384
0 0.5060096153846154 0.5775240384615385 0.16105769230769232 0.018028846153846156
0 0.5054086538461539 0.6045673076923077 0.08533653846153846 0.019230769230769232
0 0.15625 0.38461538461538464 0.07932692307692309 0.021634615384615384
0 0.15564903846153846 0.421875 0.14783653846153846 0.021634615384615384
0 0.15805288461538464 0.45492788461538464 0.21033653846153846 0.022836538461538464
0 0.15384615384615385 0.4867788461538462 0.28365384615384615 0.026442307692307696
0 0.13461538461538464 0.5216346153846154 0.2692307692307693 0.02403846153846154
0 0.11959134615384616 0.5522836538461539 0.23918269230769232 0.022836538461538464
0 0.31430288461538464 0.5546875 0.10216346153846155 0.022836538461538464
0 0.30949519230769235 0.5871394230769231 0.1358173076923077 0.022836538461538464
0 0.3137019230769231 0.609375 0.19230769230769232 0.021634615384615384
0 0.31310096153846156 0.6334134615384616 0.2247596153846154 0.026442307692307696
0 0.3088942307692308 0.6598557692307693 0.2884615384615385 0.028846153846153848
0 0.296875 0.6856971153846154 0.3197115384615385 0.030048076923076924
0 0.2746394230769231 0.709735576923077 0.32091346153846156 0.022836538461538464
0 0.10216346153846155 0.5823317307692308 0.2043269230769231 0.018028846153846156
0 0.08954326923076923 0.6189903846153847 0.17908653846153846 0.02403846153846154
0 0.06911057692307693 0.6520432692307693 0.13822115384615385 0.02764423076923077
0 0.05588942307692308 0.6844951923076923 0.11177884615384616 0.022836538461538464
0 0.0390625 0.7145432692307693 0.078125 0.022836538461538464
0 0.021033653846153848 0.7475961538461539 0.042067307692307696 0.02403846153846154
0 0.2686298076923077 0.7373798076923077 0.30168269230769235 0.022836538461538464
0 0.22115384615384617 0.7608173076923077 0.3293269230769231 0.026442307692307696
0 0.19711538461538464 0.7860576923076924 0.32211538461538464 0.02403846153846154
0 0.1670673076923077 0.8094951923076924 0.3341346153846154 0.02764423076923077
0 0.15564903846153846 0.8359375 0.3112980769230769 0.02764423076923077
0 0.5811298076923077 0.8701923076923077 0.20552884615384617 0.21634615384615385
0 0.5618990384615385 0.8852163461538463 0.203125 0.21274038461538464
0 0.5462740384615385 0.8978365384615385 0.20072115384615385 0.2043269230769231
0 0.5288461538461539 0.90625 0.21153846153846156 0.1875
0 0.5138221153846154 0.9146634615384616 0.21274038461538464 0.17067307692307693
0 0.13641826923076925 0.8599759615384616 0.2728365384615385 0.02764423076923077
0 0.12620192307692307 0.8852163461538463 0.25240384615384615 0.02764423076923077
0 0.11538461538461539 0.9086538461538463 0.23076923076923078 0.026442307692307696
0 0.09795673076923077 0.9338942307692308 0.19591346153846154 0.026442307692307696
0 0.08834134615384616 0.9609375 0.17668269230769232 0.02764423076923077
0 0.07391826923076923 0.9837740384615385 0.14783653846153846 0.03245192307692308
