0 0.02463942307692308 0.06370192307692309 0.04927884615384616 0.09375
0 0.43088942307692313 0.057692307692307696 0.06850961538461539 0.06009615384615385
0 0.4867788461538462 0.048677884615384616 0.05048076923076923 0.056490384615384616
0 0.578125 0.046274038461538464 0.0889423076923077 0.056490384615384616
0 0.2614182692307692 0.6760817307692308 0.27043269230769235 0.1310096153846154
0 0.44591346153846156 0.5973557692307693 0.08653846153846154 0.06009615384615385
0 0.522235576923077 0.5625 0.08774038461538462 0.05528846153846154
0 0.6021634615384616 0.6087740384615385 0.06490384615384616 0.14783653846153846
0 0.6105769230769231 0.5510817307692308 0.05048076923076923 0.0733173076923077
0 0.6334134615384616 0.6280048076923077 0.06490384615384616 0.08533653846153846
0 0.9314903846153847 0.6165865384615385 0.11057692307692309 0.07932692307692309
0 0.9927884615384616 0.22235576923076925 0.014423076923076924 0.08653846153846154
