0 0.2686298076923077 0.051081730769230775 0.21033653846153846 0.10216346153846155
0 0.6021634615384616 0.18209134615384617 0.125 0.12620192307692307
0 0.43028846153846156 0.5703125 0.06009615384615385 0.12620192307692307
0 0.4837740384615385 0.5643028846153847 0.07091346153846154 0.12620192307692307
0 0.4729567307692308 0.8161057692307693 0.11177884615384616 0.07211538461538462
0 0.5751201923076923 0.7223557692307693 0.1310096153846154 0.10336538461538462
0 0.6772836538461539 0.9044471153846154 0.11899038461538462 0.1045673076923077
0 0.6604567307692308 0.39903846153846156 0.11177884615384616 0.10576923076923078
0 0.7764423076923077 0.4591346153846154 0.08413461538461539 0.08413461538461539
0 0.6231971153846154 0.9969951923076924 0.054086538461538464 0.006009615384615385
