0 0.20192307692307693 0.07271634615384616 0.09134615384615385 0.06610576923076923
0 0.045072115384615384 0.1310096153846154 0.09014423076923077 0.09134615384615385
0 0.03125 0.6917067307692308 0.0625 0.06129807692307693
0 0.17608173076923078 0.6526442307692308 0.056490384615384616 0.05288461538461539
0 0.2620192307692308 0.6322115384615385 0.04567307692307693 0.040865384615384616
0 0.30228365384615385 0.8365384615384616 0.04927884615384616 0.05288461538461539
0 0.44711538461538464 0.5727163461538461 0.08653846153846154 0.06129807692307693
0 0.6616586538461539 0.5504807692307693 0.09975961538461539 0.05048076923076923
0 0.6057692307692308 0.796875 0.04807692307692308 0.021634615384615384
0 0.8786057692307693 0.5288461538461539 0.04326923076923077 0.05048076923076923
0 0.8329326923076924 0.7938701923076924 0.08173076923076923 0.04927884615384616
0 0.8743990384615385 0.8221153846153847 0.03245192307692308 0.06009615384615385
0 0.9116586538461539 0.8227163461538461 0.03245192307692308 0.058894230769230775
0 0.9387019230769231 0.5138221153846154 0.040865384615384616 0.03485576923076923
