0 0.10997596153846155 0.006610576923076924 0.07091346153846154 0.013221153846153848
0 0.3389423076923077 0.007211538461538462 0.3125 0.014423076923076924
0 0.3245192307692308 0.03185096153846154 0.2980769230769231 0.02764423076923077
0 0.30949519230769235 0.05588942307692308 0.2848557692307693 0.02764423076923077
0 0.2950721153846154 0.07752403846153846 0.24639423076923078 0.025240384615384616
0 0.3010817307692308 0.10697115384615385 0.1935096153846154 0.021634615384615384
0 0.296875 0.13040865384615385 0.16105769230769232 0.018028846153846156
0 0.2962740384615385 0.15745192307692307 0.08533653846153846 0.019230769230769232
0 0.027043269230769232 0.009615384615384616 0.054086538461538464 0.019230769230769232
0 0.04326923076923077 0.03966346153846154 0.08653846153846154 0.026442307692307696
0 0.030048076923076924 0.07451923076923077 0.06009615384615385 0.02403846153846154
0 0.10516826923076923 0.10757211538461539 0.10216346153846155 0.022836538461538464
0 0.10036057692307693 0.14002403846153846 0.1358173076923077 0.022836538461538464
0 0.1045673076923077 0.1622596153846154 0.19230769230769232 0.021634615384615384
0 0.10817307692307693 0.18629807692307693 0.21634615384615385 0.026442307692307696
0 0.12199519230769232 0.21274038461538464 0.24399038461538464 0.028846153846153848
0 0.12379807692307693 0.23858173076923078 0.24759615384615385 0.030048076923076924
0 0.11298076923076923 0.26262019230769235 0.22596153846153846 0.022836538461538464
0 0.10516826923076923 0.2902644230769231 0.21033653846153846 0.022836538461538464
0 0.08834134615384616 0.3137019230769231 0.17668269230769232 0.026442307692307696
0 0.07451923076923077 0.3389423076923077 0.14903846153846154 0.02403846153846154
0 0.0625 0.3623798076923077 0.125 0.02764423076923077
0 0.051081730769230775 0.3888221153846154 0.10216346153846155 0.02764423076923077
0 0.9248798076923077 0.5330528846153847 0.09975961538461539 0.09495192307692309
0 0.9044471153846154 0.5552884615384616 0.09014423076923077 0.0889423076923077
0 0.8846153846153847 0.5775240384615385 0.09375 0.09254807692307693
0 0.8677884615384616 0.5967548076923077 0.09134615384615385 0.09254807692307693
0 0.8455528846153847 0.6183894230769231 0.09735576923076923 0.08774038461538462
0 0.37199519230769235 0.42307692307692313 0.20552884615384617 0.21634615384615385
0 0.3527644230769231 0.43810096153846156 0.203125 0.21274038461538464
0 0.3371394230769231 0.45492788461538464 0.20072115384615385 0.21274038461538464
0 0.3197115384615385 0.47055288461538464 0.21153846153846156 0.21033653846153846
0 0.3046875 0.48978365384615385 0.21274038461538464 0.21514423076923078
0 0.23798076923076925 0.8557692307692308 0.4759615384615385 0.2884615384615385
0 0.03185096153846154 0.4128605769230769 0.06370192307692309 0.02764423076923077
0 0.021634615384615384 0.43810096153846156 0.04326923076923077 0.02764423076923077
