0 0.7596153846153847 0.11358173076923078 0.08413461538461539 0.054086538461538464
0 0.6652644230769231 0.18930288461538464 0.06370192307692309 0.06129807692307693
0 0.6808894230769231 0.24399038461538464 0.06610576923076923 0.08173076923076923
0 0.6983173076923077 0.31430288461538464 0.07451923076923077 0.07572115384615385
0 0.7211538461538461 0.37980769230769235 0.06971153846153846 0.07932692307692309
0 0.7361778846153847 0.4513221153846154 0.06370192307692309 0.078125
0 0.7524038461538461 0.5186298076923077 0.06971153846153846 0.0733173076923077
0 0.7740384615384616 0.5865384615384616 0.06971153846153846 0.08173076923076923
0 0.7043269230769231 0.6057692307692308 0.09375 0.0889423076923077
0 0.6814903846153847 0.5426682692307693 0.09855769230769232 0.09014423076923077
0 0.6640625 0.4717548076923077 0.09735576923076923 0.09014423076923077
0 0.6514423076923077 0.3978365384615385 0.09134615384615385 0.07932692307692309
0 0.6424278846153847 0.3359375 0.078125 0.08774038461538462
0 0.6231971153846154 0.2644230769230769 0.06850961538461539 0.07932692307692309
0 0.6286057692307693 0.20673076923076925 0.026442307692307696 0.04326923076923077
0 0.18509615384615385 0.19471153846153846 0.08173076923076923 0.07692307692307693
