0 0.013822115384615386 0.7469951923076924 0.02764423076923077 0.06129807692307693
0 0.19891826923076925 0.7247596153846154 0.09975961538461539 0.05048076923076923
0 0.14302884615384617 0.9711538461538463 0.04807692307692308 0.021634615384615384
0 0.41586538461538464 0.703125 0.04326923076923077 0.05048076923076923
0 0.5979567307692308 0.6971153846153847 0.03245192307692308 0.05288461538461539
0 0.6742788461538461 0.6881009615384616 0.03365384615384616 0.058894230769230775
0 0.3701923076923077 0.9681490384615385 0.08173076923076923 0.04927884615384616
0 0.41165865384615385 0.983173076923077 0.03245192307692308 0.03365384615384616
0 0.4489182692307693 0.9837740384615385 0.03245192307692308 0.03245192307692308
0 0.4759615384615385 0.6881009615384616 0.040865384615384616 0.03485576923076923
