0 0.6887019230769231 0.011418269230769232 0.3028846153846154 0.022836538461538464
0 0.6556490384615385 0.042067307692307696 0.30168269230769235 0.026442307692307696
0 0.6213942307692308 0.078125 0.3028846153846154 0.02403846153846154
0 0.9579326923076924 0.006009615384615385 0.08413461538461539 0.01201923076923077
0 0.9272836538461539 0.02403846153846154 0.14543269230769232 0.026442307692307696
0 0.9170673076923077 0.04927884615384616 0.16586538461538464 0.02403846153846154
0 0.8984375 0.07271634615384616 0.203125 0.02764423076923077
0 0.8840144230769231 0.09915865384615385 0.23197115384615385 0.02764423076923077
0 0.9200721153846154 0.7085336538461539 0.15985576923076925 0.5733173076923077
0 0.8786057692307693 0.12319711538461539 0.24278846153846156 0.02764423076923077
0 0.8575721153846154 0.1484375 0.2848557692307693 0.02764423076923077
0 0.8485576923076924 0.171875 0.3028846153846154 0.026442307692307696
0 0.8353365384615385 0.19711538461538464 0.31730769230769235 0.026442307692307696
0 0.8100961538461539 0.22415865384615385 0.3293269230769231 0.02764423076923077
0 0.7860576923076924 0.24759615384615385 0.3197115384615385 0.03365384615384616
0 0.7530048076923077 0.2734375 0.3137019230769231 0.030048076923076924
0 0.7301682692307693 0.29747596153846156 0.32572115384615385 0.03245192307692308
0 0.7067307692307693 0.32512019230769235 0.3293269230769231 0.030048076923076924
0 0.6730769230769231 0.3479567307692308 0.3245192307692308 0.025240384615384616
0 0.6508413461538461 0.3731971153846154 0.33052884615384615 0.030048076923076924
0 0.6268028846153847 0.39903846153846156 0.33052884615384615 0.026442307692307696
0 0.5931490384615385 0.42307692307692313 0.328125 0.026442307692307696
0 0.576923076923077 0.45012019230769235 0.32211538461538464 0.02764423076923077
0 0.5576923076923077 0.47055288461538464 0.31490384615384615 0.025240384615384616
0 0.5390625 0.49699519230769235 0.2848557692307693 0.030048076923076924
0 0.53125 0.5204326923076923 0.2572115384615385 0.021634615384615384
0 0.5420673076923077 0.5492788461538461 0.19230769230769232 0.026442307692307696
0 0.5318509615384616 0.5721153846153847 0.140625 0.019230769230769232
0 0.530048076923077 0.600360576923077 0.09855769230769232 0.020432692307692308
0 0.5336538461538461 0.6268028846153847 0.06009615384615385 0.020432692307692308
0 0.5859375 0.10817307692307693 0.296875 0.02403846153846154
0 0.5486778846153847 0.14242788461538464 0.29927884615384615 0.025240384615384616
0 0.5186298076923077 0.1748798076923077 0.3137019230769231 0.025240384615384616
0 0.48137019230769235 0.20793269230769232 0.3040865384615385 0.02403846153846154
0 0.4525240384615385 0.2403846153846154 0.3040865384615385 0.026442307692307696
0 0.41586538461538464 0.27403846153846156 0.3028846153846154 0.026442307692307696
0 0.3894230769230769 0.3088942307692308 0.3004807692307693 0.02403846153846154
0 0.3695913461538462 0.3401442307692308 0.2608173076923077 0.02403846153846154
0 0.3623798076923077 0.3707932692307693 0.20552884615384617 0.02764423076923077
0 0.3635817307692308 0.4044471153846154 0.140625 0.020432692307692308
0 0.36418269230769235 0.4375 0.07692307692307693 0.021634615384615384
0 0.02764423076923077 0.5895432692307693 0.05528846153846154 0.171875
0 0.11959134615384616 0.7860576923076924 0.1935096153846154 0.19711538461538464
0 0.0625 0.8683894230769231 0.125 0.1983173076923077
0 0.2698317307692308 0.9465144230769231 0.07572115384615385 0.03245192307692308
0 0.26262019230769235 0.9735576923076924 0.1045673076923077 0.04326923076923077
0 0.2560096153846154 0.9855769230769231 0.1514423076923077 0.028846153846153848
0 0.8275240384615385 0.9140625 0.20552884615384617 0.171875
