0 0.026442307692307696 0.06730769230769232 0.04326923076923077 0.05048076923076923
0 0.20853365384615385 0.06129807692307693 0.03245192307692308 0.05288461538461539
0 0.2848557692307693 0.05228365384615385 0.03365384615384616 0.058894230769230775
0 0.010817307692307692 0.3323317307692308 0.021634615384615384 0.04927884615384616
0 0.022235576923076924 0.3605769230769231 0.03245192307692308 0.06009615384615385
0 0.05949519230769231 0.36117788461538464 0.03245192307692308 0.058894230769230775
0 0.021033653846153848 0.8299278846153847 0.03245192307692308 0.030048076923076924
0 0.06790865384615385 0.8287259615384616 0.03245192307692308 0.03245192307692308
0 0.2800480769230769 0.48617788461538464 0.03125 0.020432692307692308
0 0.31430288461538464 0.6814903846153847 0.11899038461538462 0.0625
0 0.834735576923077 0.3840144230769231 0.13341346153846154 0.0733173076923077
0 0.9302884615384616 0.8389423076923077 0.026442307692307696 0.07692307692307693
0 0.9038461538461539 0.834735576923077 0.026442307692307696 0.08052884615384616
0 0.08653846153846154 0.05228365384615385 0.040865384615384616 0.03485576923076923
