0 0.9693509615384616 0.9290865384615385 0.04927884615384616 0.040865384615384616
0 0.7199519230769231 0.8449519230769231 0.14182692307692307 0.13942307692307693
0 0.8311298076923077 0.7223557692307693 0.08533653846153846 0.10336538461538462
0 0.7518028846153847 0.5787259615384616 0.11177884615384616 0.10216346153846155
0 0.7109375 0.553485576923077 0.037259615384615384 0.042067307692307696
0 0.7325721153846154 0.5354567307692308 0.037259615384615384 0.03245192307692308
0 0.7548076923076924 0.5210336538461539 0.03365384615384616 0.03485576923076923
0 0.6328125 0.6664663461538461 0.14543269230769232 0.12860576923076925
0 0.5540865384615385 0.6544471153846154 0.04807692307692308 0.04927884615384616
0 0.5751201923076923 0.6382211538461539 0.046875 0.04326923076923077
0 0.5967548076923077 0.6207932692307693 0.046875 0.05168269230769231
0 0.6195913461538461 0.6045673076923077 0.04447115384615385 0.04567307692307693
0 0.639423076923077 0.5901442307692308 0.05048076923076923 0.040865384615384616
0 0.42307692307692313 0.5426682692307693 0.07211538461538462 0.06370192307692309
0 0.46213942307692313 0.49699519230769235 0.109375 0.1045673076923077
0 0.5174278846153847 0.4296875 0.1045673076923077 0.09975961538461539
0 0.576923076923077 0.36899038461538464 0.10576923076923078 0.10817307692307693
0 0.5426682692307693 0.2890625 0.06850961538461539 0.054086538461538464
0 0.5246394230769231 0.31310096153846156 0.058894230769230775 0.05168269230769231
0 0.5042067307692308 0.33293269230769235 0.06850961538461539 0.05288461538461539
0 0.4915865384615385 0.3557692307692308 0.06009615384615385 0.05048076923076923
0 0.4681490384615385 0.375 0.056490384615384616 0.05048076923076923
0 0.4525240384615385 0.3966346153846154 0.06850961538461539 0.057692307692307696
0 0.43509615384615385 0.41947115384615385 0.05288461538461539 0.04807692307692308
0 0.42247596153846156 0.4405048076923077 0.058894230769230775 0.042067307692307696
0 0.40625 0.4603365384615385 0.057692307692307696 0.04807692307692308
0 0.3852163461538462 0.4831730769230769 0.05168269230769231 0.04326923076923077
0 0.3683894230769231 0.5072115384615384 0.05168269230769231 0.04567307692307693
0 0.22055288461538464 0.5264423076923077 0.11899038461538462 0.11057692307692309
0 0.3233173076923077 0.2451923076923077 0.20673076923076925 0.1875
0 0.17307692307692307 0.19110576923076925 0.06009615384615385 0.10096153846153846
0 0.13701923076923078 0.25240384615384615 0.0889423076923077 0.06971153846153846
0 0.08774038461538462 0.3683894230769231 0.09375 0.07091346153846154
0 0.14723557692307693 0.44711538461538464 0.07091346153846154 0.08173076923076923
0 0.007211538461538462 0.5288461538461539 0.014423076923076924 0.07932692307692309
0 0.01622596153846154 0.48497596153846156 0.03245192307692308 0.058894230769230775
0 0.054086538461538464 0.0234375 0.10817307692307693 0.046875
