0 0.6292067307692308 0.3665865384615385 0.056490384615384616 0.057692307692307696
0 0.3762019230769231 0.34855769230769235 0.04326923076923077 0.040865384615384616
0 0.4795673076923077 0.41947115384615385 0.05288461538461539 0.05288461538461539
0 0.631610576923077 0.6015625 0.02764423076923077 0.030048076923076924
0 0.671875 0.625 0.04326923076923077 0.03365384615384616
0 0.71875 0.6838942307692308 0.040865384615384616 0.05288461538461539
0 0.6772836538461539 0.8377403846153847 0.06370192307692309 0.06730769230769232
0 0.6219951923076923 0.7872596153846154 0.02764423076923077 0.03125
0 0.5775240384615385 0.7481971153846154 0.02764423076923077 0.022836538461538464
0 0.4639423076923077 0.8587740384615385 0.08653846153846154 0.08293269230769232
2 0.13822115384615385 0.7151442307692308 0.04326923076923077 0.05288461538461539
0 0.08052884615384616 0.631610576923077 0.057692307692307696 0.06129807692307693
0 0.4152644230769231 0.3870192307692308 0.037259615384615384 0.03125
