0 0.0967548076923077 0.515625 0.12379807692307693 0.13942307692307693
0 0.18810096153846154 0.453125 0.13341346153846154 0.13461538461538464
0 0.2848557692307693 0.3966346153846154 0.125 0.13701923076923078
0 0.3695913461538462 0.3389423076923077 0.10697115384615385 0.12980769230769232
0 0.6400240384615385 0.3269230769230769 0.07091346153846154 0.0889423076923077
0 0.6183894230769231 0.3425480769230769 0.07572115384615385 0.09615384615384616
0 0.546875 0.3828125 0.07451923076923077 0.09975961538461539
0 0.5240384615384616 0.4008413461538462 0.08173076923076923 0.08774038461538462
0 0.4561298076923077 0.4399038461538462 0.07091346153846154 0.09855769230769232
0 0.4254807692307693 0.46213942307692313 0.0889423076923077 0.09735576923076923
0 0.40024038461538464 0.4825721153846154 0.07451923076923077 0.09495192307692309
0 0.3275240384615385 0.5216346153846154 0.078125 0.09855769230769232
0 0.3046875 0.5408653846153847 0.07572115384615385 0.09134615384615385
0 0.23317307692307693 0.5835336538461539 0.07451923076923077 0.09254807692307693
0 0.20973557692307693 0.600360576923077 0.08293269230769232 0.09735576923076923
0 0.28185096153846156 0.7163461538461539 0.09735576923076923 0.12980769230769232
0 0.31310096153846156 0.6971153846153847 0.10697115384615385 0.13461538461538464
0 0.3683894230769231 0.6592548076923077 0.109375 0.13341346153846154
0 0.40384615384615385 0.6364182692307693 0.11057692307692309 0.12620192307692307
0 0.46213942307692313 0.5997596153846154 0.11177884615384616 0.13461538461538464
0 0.4993990384615385 0.5793269230769231 0.10697115384615385 0.13461538461538464
0 0.5324519230769231 0.553485576923077 0.10336538461538462 0.13341346153846154
0 0.59375 0.5180288461538461 0.10817307692307693 0.13461538461538464
0 0.6262019230769231 0.4945913461538462 0.10817307692307693 0.1310096153846154
0 0.6820913461538461 0.46274038461538464 0.10697115384615385 0.13461538461538464
0 0.7115384615384616 0.4399038461538462 0.10096153846153846 0.12740384615384617
0 0.7355769230769231 0.5673076923076923 0.0625 0.08173076923076923
0 0.6899038461538461 0.59375 0.08173076923076923 0.09375
0 0.6574519230769231 0.6153846153846154 0.08413461538461539 0.09375
0 0.5967548076923077 0.6544471153846154 0.08533653846153846 0.09014423076923077
0 0.5631009615384616 0.6748798076923077 0.08293269230769232 0.09495192307692309
0 0.5276442307692308 0.6959134615384616 0.07932692307692309 0.09134615384615385
0 0.4675480769230769 0.7367788461538461 0.07932692307692309 0.0889423076923077
0 0.4338942307692308 0.7578125 0.07692307692307693 0.09735576923076923
0 0.37560096153846156 0.7944711538461539 0.07572115384615385 0.09375
0 0.34555288461538464 0.8167067307692308 0.07572115384615385 0.08774038461538462
0 0.05528846153846154 0.787860576923077 0.11057692307692309 0.4242788461538462
0 0.014423076923076924 0.8786057692307693 0.028846153846153848 0.24278846153846156
0 0.11057692307692309 0.748798076923077 0.22115384615384617 0.4278846153846154
