0 0.18930288461538464 0.025240384615384616 0.14543269230769232 0.05048076923076923
0 0.12259615384615385 0.06310096153846154 0.14423076923076925 0.12620192307692307
0 0.7457932692307693 0.07271634615384616 0.171875 0.14543269230769232
0 0.6935096153846154 0.08052884615384616 0.1514423076923077 0.16105769230769232
0 0.06069711538461539 0.13161057692307693 0.12139423076923078 0.140625
0 0.24459134615384617 0.29747596153846156 0.48918269230769235 0.5949519230769231
0 0.5288461538461539 0.4008413461538462 0.23317307692307693 0.21754807692307693
0 0.5865384615384616 0.4567307692307693 0.21634615384615385 0.19951923076923078
0 0.42668269230769235 0.639423076923077 0.22115384615384617 0.22115384615384617
0 0.28605769230769235 0.7770432692307693 0.19951923076923078 0.1935096153846154
0 0.27043269230769235 0.6658653846153847 0.28125 0.2692307692307693
0 0.2620192307692308 0.38461538461538464 0.04807692307692308 0.021634615384615384
0 0.2566105769230769 0.41586538461538464 0.09735576923076923 0.02403846153846154
0 0.23798076923076925 0.44230769230769235 0.1201923076923077 0.021634615384615384
0 0.20252403846153846 0.4717548076923077 0.11899038461538462 0.022836538461538464
0 0.1436298076923077 0.5330528846153847 0.12379807692307693 0.025240384615384616
0 0.1748798076923077 0.5018028846153847 0.12139423076923078 0.022836538461538464
0 0.1171875 0.5606971153846154 0.11418269230769232 0.025240384615384616
0 0.08473557692307693 0.5865384615384616 0.12139423076923078 0.02403846153846154
0 0.08353365384615385 0.6153846153846154 0.058894230769230775 0.021634615384615384
0 0.31730769230769235 0.4573317307692308 0.057692307692307696 0.025240384615384616
0 0.32211538461538464 0.4801682692307693 0.10336538461538462 0.03245192307692308
0 0.3082932692307693 0.5006009615384616 0.10216346153846155 0.02764423076923077
0 0.2872596153846154 0.5168269230769231 0.10817307692307693 0.028846153846153848
0 0.2638221153846154 0.5354567307692308 0.11177884615384616 0.030048076923076924
0 0.25060096153846156 0.5504807692307693 0.10697115384615385 0.03365384615384616
0 0.23317307692307693 0.5697115384615385 0.10817307692307693 0.028846153846153848
0 0.21514423076923078 0.5859375 0.09375 0.02764423076923077
0 0.19951923076923078 0.6057692307692308 0.10817307692307693 0.02403846153846154
0 0.17608173076923078 0.6225961538461539 0.11177884615384616 0.03125
0 0.15264423076923078 0.639423076923077 0.10817307692307693 0.026442307692307696
0 0.14182692307692307 0.6802884615384616 0.06490384615384616 0.021634615384615384
0 0.14182692307692307 0.703125 0.03365384615384616 0.019230769230769232
0 0.14302884615384617 0.6592548076923077 0.10336538461538462 0.030048076923076924
