0 0.3545673076923077 0.18810096153846154 0.6225961538461539 0.3762019230769231
0 0.7055288461538461 0.18209134615384617 0.23317307692307693 0.21754807692307693
0 0.7632211538461539 0.23798076923076925 0.21634615384615385 0.19951923076923078
0 0.6033653846153847 0.4206730769230769 0.22115384615384617 0.22115384615384617
0 0.46274038461538464 0.5582932692307693 0.19951923076923078 0.1935096153846154
0 0.44711538461538464 0.44711538461538464 0.28125 0.2692307692307693
0 0.43870192307692313 0.16586538461538464 0.04807692307692308 0.021634615384615384
0 0.4332932692307693 0.19711538461538464 0.09735576923076923 0.02403846153846154
0 0.41466346153846156 0.22355769230769232 0.1201923076923077 0.021634615384615384
0 0.3792067307692308 0.2530048076923077 0.11899038461538462 0.022836538461538464
0 0.3203125 0.31430288461538464 0.12379807692307693 0.025240384615384616
0 0.3515625 0.28305288461538464 0.12139423076923078 0.022836538461538464
0 0.29387019230769235 0.3419471153846154 0.11418269230769232 0.025240384615384616
0 0.2614182692307692 0.36778846153846156 0.12139423076923078 0.02403846153846154
0 0.26021634615384615 0.3966346153846154 0.058894230769230775 0.021634615384615384
0 0.49399038461538464 0.23858173076923078 0.057692307692307696 0.025240384615384616
0 0.4987980769230769 0.2614182692307692 0.10336538461538462 0.03245192307692308
0 0.48497596153846156 0.28185096153846156 0.10216346153846155 0.02764423076923077
0 0.4639423076923077 0.2980769230769231 0.10817307692307693 0.028846153846153848
0 0.4405048076923077 0.3167067307692308 0.11177884615384616 0.030048076923076924
0 0.42728365384615385 0.3317307692307693 0.10697115384615385 0.03365384615384616
0 0.4098557692307693 0.3509615384615385 0.10817307692307693 0.028846153846153848
0 0.3918269230769231 0.3671875 0.09375 0.02764423076923077
0 0.3762019230769231 0.3870192307692308 0.10817307692307693 0.02403846153846154
0 0.3527644230769231 0.40384615384615385 0.11177884615384616 0.03125
0 0.3293269230769231 0.4206730769230769 0.10817307692307693 0.026442307692307696
0 0.3185096153846154 0.46153846153846156 0.06490384615384616 0.021634615384615384
0 0.3185096153846154 0.484375 0.03365384615384616 0.019230769230769232
0 0.3197115384615385 0.4405048076923077 0.10336538461538462 0.030048076923076924
