0 0.21814903846153846 0.012620192307692308 0.16947115384615385 0.025240384615384616
0 0.3671875 0.1358173076923077 0.1935096153846154 0.19711538461538464
0 0.2764423076923077 0.21814903846153846 0.19230769230769232 0.1983173076923077
0 0.17367788461538464 0.3004807692307693 0.19591346153846154 0.19230769230769232
0 0.5174278846153847 0.2962740384615385 0.07572115384615385 0.03245192307692308
0 0.5102163461538461 0.3233173076923077 0.1045673076923077 0.04326923076923077
0 0.5036057692307693 0.3479567307692308 0.1514423076923077 0.054086538461538464
0 0.4915865384615385 0.37560096153846156 0.2139423076923077 0.06370192307692309
0 0.484375 0.4008413461538462 0.2644230769230769 0.0733173076923077
0 0.9861778846153847 0.2854567307692308 0.02764423076923077 0.21514423076923078
0 0.08834134615384616 0.3810096153846154 0.17668269230769232 0.19951923076923078
0 0.04026442307692308 0.46574519230769235 0.08052884615384616 0.19591346153846154
0 0.46875 0.4284855769230769 0.3245192307692308 0.09254807692307693
0 0.4723557692307693 0.4495192307692308 0.3509615384615385 0.09134615384615385
0 0.5288461538461539 0.4633413461538462 0.2692307692307693 0.07572115384615385
0 0.5342548076923077 0.4837740384615385 0.28966346153846156 0.08533653846153846
0 0.4669471153846154 0.5198317307692308 0.2512019230769231 0.07091346153846154
0 0.5408653846153847 0.5510817307692308 0.2932692307692308 0.08052884615384616
0 0.5168269230769231 0.5787259615384616 0.2451923076923077 0.0733173076923077
0 0.5078125 0.6027644230769231 0.18149038461538464 0.054086538461538464
0 0.49278846153846156 0.6274038461538461 0.12740384615384617 0.040865384615384616
0 0.6682692307692308 0.6580528846153847 0.3269230769230769 0.08533653846153846
0 0.6754807692307693 0.6826923076923077 0.35336538461538464 0.09375
0 0.6899038461538461 0.7025240384615385 0.34855769230769235 0.09014423076923077
0 0.7091346153846154 0.7223557692307693 0.3509615384615385 0.0889423076923077
0 0.7283653846153847 0.7403846153846154 0.3557692307692308 0.09134615384615385
0 0.7361778846153847 0.7578125 0.3449519230769231 0.09254807692307693
0 0.7391826923076924 0.7836538461538461 0.2932692307692308 0.08173076923076923
0 0.717548076923077 0.8335336538461539 0.18509615384615385 0.06129807692307693
0 0.7289663461538461 0.8058894230769231 0.24639423076923078 0.0733173076923077
0 0.7085336538461539 0.8575721153846154 0.14302884615384617 0.046875
