0 0.06850961538461539 0.834735576923077 0.08413461538461539 0.054086538461538464
0 0.4417067307692308 0.5943509615384616 0.058894230769230775 0.03966346153846154
0 0.37560096153846156 0.6051682692307693 0.04927884615384616 0.06129807692307693
0 0.4320913461538462 0.5024038461538461 0.020432692307692308 0.04807692307692308
0 0.4789663461538462 0.8131009615384616 0.046875 0.056490384615384616
0 0.5949519230769231 0.7740384615384616 0.05528846153846154 0.04807692307692308
0 0.9098557692307693 0.2728365384615385 0.03605769230769231 0.04567307692307693
0 0.9801682692307693 0.2620192307692308 0.03966346153846154 0.04326923076923077
0 0.9939903846153847 0.8040865384615385 0.01201923076923077 0.038461538461538464
0 0.975360576923077 0.9663461538461539 0.04927884615384616 0.06730769230769232
0 0.6346153846153847 0.9122596153846154 0.038461538461538464 0.019230769230769232
0 0.011418269230769232 0.9621394230769231 0.022836538461538464 0.07572115384615385
0 0.5234375 0.7650240384615385 0.03485576923076923 0.018028846153846156
