0 0.3449519230769231 0.5126201923076923 0.03605769230769231 0.025240384615384616
0 0.36117788461538464 0.5318509615384616 0.054086538461538464 0.030048076923076924
0 0.38040865384615385 0.5480769230769231 0.09014423076923077 0.03365384615384616
0 0.3930288461538462 0.5667067307692308 0.11057692307692309 0.03966346153846154
0 0.3978365384615385 0.5865384615384616 0.10817307692307693 0.03605769230769231
0 0.4008413461538462 0.6051682692307693 0.11177884615384616 0.037259615384615384
0 0.4020432692307693 0.6231971153846154 0.11177884615384616 0.03245192307692308
0 0.4050480769230769 0.6430288461538461 0.10817307692307693 0.03605769230769231
0 0.41165865384615385 0.6622596153846154 0.11418269230769232 0.03605769230769231
0 0.4134615384615385 0.6802884615384616 0.10817307692307693 0.03605769230769231
0 0.41466346153846156 0.6983173076923077 0.10576923076923078 0.03605769230769231
0 0.4182692307692308 0.71875 0.11298076923076923 0.03605769230769231
0 0.42307692307692313 0.7391826923076924 0.11057692307692309 0.03365384615384616
0 0.4296875 0.7830528846153847 0.11177884615384616 0.03245192307692308
0 0.4362980769230769 0.8245192307692308 0.10576923076923078 0.03605769230769231
0 0.4290865384615385 0.8671875 0.06971153846153846 0.03245192307692308
