0 0.5480769230769231 0.12259615384615385 0.15625 0.13701923076923078
0 0.4435096153846154 0.16346153846153846 0.10336538461538462 0.10817307692307693
0 0.5889423076923077 0.2061298076923077 0.1514423076923077 0.1310096153846154
0 0.6207932692307693 0.3004807692307693 0.11899038461538462 0.12980769230769232
0 0.6983173076923077 0.30528846153846156 0.11057692307692309 0.11298076923076923
0 0.7289663461538461 0.375 0.11658653846153846 0.10576923076923078
0 0.4879807692307693 0.25480769230769235 0.09855769230769232 0.1201923076923077
0 0.5264423076923077 0.3449519230769231 0.09134615384615385 0.11298076923076923
0 0.6442307692307693 0.3972355769230769 0.11057692307692309 0.11418269230769232
0 0.6730769230769231 0.4729567307692308 0.09855769230769232 0.10216346153846155
0 0.7121394230769231 0.5510817307692308 0.09495192307692309 0.09735576923076923
0 0.3996394230769231 0.2572115384615385 0.109375 0.12980769230769232
0 0.34134615384615385 0.28605769230769235 0.07932692307692309 0.12259615384615385
0 0.37560096153846156 0.3996394230769231 0.09735576923076923 0.13341346153846154
0 0.45432692307692313 0.3683894230769231 0.10096153846153846 0.1310096153846154
0 0.5709134615384616 0.4290865384615385 0.09855769230769232 0.10576923076923078
0 0.49278846153846156 0.46274038461538464 0.09375 0.10336538461538462
0 0.5991586538461539 0.5090144230769231 0.08533653846153846 0.10697115384615385
0 0.5270432692307693 0.5324519230769231 0.08533653846153846 0.08653846153846154
0 0.4182692307692308 0.49338942307692313 0.09134615384615385 0.10697115384615385
0 0.29747596153846156 0.40625 0.09735576923076923 0.08653846153846154
0 0.31310096153846156 0.4573317307692308 0.08774038461538462 0.08293269230769232
0 0.2217548076923077 0.43509615384615385 0.08774038461538462 0.08173076923076923
0 0.24579326923076925 0.4951923076923077 0.09014423076923077 0.08173076923076923
0 0.34435096153846156 0.5288461538461539 0.09975961538461539 0.11057692307692309
0 0.2698317307692308 0.5570913461538461 0.09495192307692309 0.10697115384615385
0 0.4489182692307693 0.5775240384615385 0.08533653846153846 0.08293269230769232
0 0.1935096153846154 0.5871394230769231 0.10096153846153846 0.1045673076923077
0 0.6286057692307693 0.5841346153846154 0.08413461538461539 0.09615384615384616
0 0.7445913461538461 0.6256009615384616 0.1045673076923077 0.11418269230769232
0 0.6682692307692308 0.6616586538461539 0.09855769230769232 0.09975961538461539
0 0.5600961538461539 0.6147836538461539 0.08653846153846154 0.09495192307692309
0 0.5919471153846154 0.6899038461538461 0.10216346153846155 0.10817307692307693
0 0.6231971153846154 0.772235576923077 0.09254807692307693 0.09254807692307693
0 0.5564903846153847 0.8022836538461539 0.09615384615384616 0.09495192307692309
0 0.48617788461538464 0.647235576923077 0.09735576923076923 0.09014423076923077
0 0.5186298076923077 0.71875 0.09495192307692309 0.10336538461538462
0 0.3762019230769231 0.6033653846153847 0.09134615384615385 0.09134615384615385
0 0.4140625 0.6754807692307693 0.08533653846153846 0.09134615384615385
0 0.4477163461538462 0.7542067307692308 0.09735576923076923 0.10697115384615385
0 0.3046875 0.6340144230769231 0.09014423076923077 0.09975961538461539
0 0.33293269230769235 0.7109375 0.08173076923076923 0.09735576923076923
0 0.3731971153846154 0.7902644230769231 0.10216346153846155 0.1045673076923077
0 0.23377403846153846 0.6688701923076923 0.08293269230769232 0.09975961538461539
0 0.11658653846153846 0.6219951923076923 0.09855769230769232 0.11418269230769232
0 0.15204326923076925 0.6995192307692308 0.09254807692307693 0.09855769230769232
0 0.26622596153846156 0.7445913461538461 0.08293269230769232 0.09495192307692309
0 0.29387019230769235 0.8227163461538461 0.10216346153846155 0.109375
0 0.22235576923076925 0.8545673076923077 0.10336538461538462 0.11778846153846155
0 0.1905048076923077 0.7794471153846154 0.1045673076923077 0.10697115384615385
0 0.3112980769230769 0.9549278846153847 0.09855769230769232 0.09014423076923077
0 0.2638221153846154 0.9651442307692308 0.09735576923076923 0.06971153846153846
