0 0.9849759615384616 0.2644230769230769 0.030048076923076924 0.05288461538461539
0 0.9933894230769231 0.41887019230769235 0.013221153846153848 0.030048076923076924
0 0.9332932692307693 0.584735576923077 0.04447115384615385 0.03245192307692308
0 0.8365384615384616 0.9423076923076924 0.04567307692307693 0.038461538461538464
0 0.8082932692307693 0.9783653846153847 0.020432692307692308 0.03125
0 0.7764423076923077 0.9735576923076924 0.040865384615384616 0.040865384615384616
0 0.7518028846153847 0.8876201923076924 0.046875 0.054086538461538464
0 0.5763221153846154 0.42367788461538464 0.03245192307692308 0.025240384615384616
0 0.5318509615384616 0.4447115384615385 0.037259615384615384 0.026442307692307696
0 0.3774038461538462 0.6183894230769231 0.10576923076923078 0.07091346153846154
0 0.2854567307692308 0.4338942307692308 0.078125 0.10817307692307693
