0 0.9176682692307693 0.038461538461538464 0.058894230769230775 0.038461538461538464
0 0.875 0.046274038461538464 0.040865384615384616 0.030048076923076924
0 0.7824519230769231 0.08173076923076923 0.12259615384615385 0.10817307692307693
0 0.6670673076923077 0.40024038461538464 0.06490384615384616 0.12259615384615385
0 0.4405048076923077 0.2638221153846154 0.05168269230769231 0.03966346153846154
0 0.3774038461538462 0.3058894230769231 0.05528846153846154 0.05168269230769231
0 0.25841346153846156 0.8617788461538463 0.04807692307692308 0.05048076923076923
0 0.9152644230769231 0.6153846153846154 0.037259615384615384 0.028846153846153848
0 0.9729567307692308 0.640625 0.054086538461538464 0.05528846153846154
0 0.8948317307692308 0.8641826923076924 0.11418269230769232 0.057692307692307696
0 0.038461538461538464 0.5042067307692308 0.03125 0.02764423076923077
0 0.9885817307692308 0.8840144230769231 0.022836538461538464 0.02764423076923077
