0 0.7986778846153847 0.5865384615384616 0.09014423076923077 0.0889423076923077
0 0.7217548076923077 0.6574519230769231 0.08293269230769232 0.07692307692307693
0 0.578125 0.6328125 0.1778846153846154 0.1670673076923077
0 0.3125 0.7415865384615385 0.24278846153846156 0.23317307692307693
0 0.19290865384615385 0.7301682692307693 0.11418269230769232 0.11177884615384616
0 0.2572115384615385 0.6736778846153847 0.12259615384615385 0.109375
0 0.3233173076923077 0.6189903846153847 0.11538461538461539 0.11057692307692309
0 0.4332932692307693 0.9152644230769231 0.11899038461538462 0.11899038461538462
0 0.25 0.9188701923076924 0.07692307692307693 0.08052884615384616
0 0.20192307692307693 0.9633413461538463 0.07692307692307693 0.0733173076923077
0 0.14423076923076925 0.9873798076923077 0.0889423076923077 0.025240384615384616
0 0.3978365384615385 0.8756009615384616 0.12740384615384617 0.11899038461538462
