0 0.38461538461538464 0.6412259615384616 0.13942307692307693 0.020432692307692308
0 0.3864182692307693 0.6568509615384616 0.1358173076923077 0.018028846153846156
0 0.3840144230769231 0.670673076923077 0.140625 0.01682692307692308
0 0.38341346153846156 0.6875 0.13461538461538464 0.019230769230769232
0 0.3828125 0.7025240384615385 0.1358173076923077 0.022836538461538464
0 0.3389423076923077 0.7217548076923077 0.040865384615384616 0.015625
0 0.4134615384615385 0.7385817307692308 0.07451923076923077 0.013221153846153848
0 0.4140625 0.7518028846153847 0.07572115384615385 0.018028846153846156
0 0.4104567307692308 0.7698317307692308 0.06850961538461539 0.018028846153846156
0 0.4122596153846154 0.7854567307692308 0.07211538461538462 0.018028846153846156
0 0.4128605769230769 0.7986778846153847 0.07572115384615385 0.018028846153846156
0 0.41105769230769235 0.8155048076923077 0.06971153846153846 0.020432692307692308
0 0.4098557692307693 0.8311298076923077 0.06730769230769232 0.018028846153846156
0 0.4074519230769231 0.8467548076923077 0.07451923076923077 0.013221153846153848
0 0.4098557692307693 0.8635817307692308 0.06971153846153846 0.018028846153846156
0 0.4074519230769231 0.8822115384615385 0.06730769230769232 0.019230769230769232
0 0.4074519230769231 0.8960336538461539 0.06730769230769232 0.018028846153846156
0 0.6009615384615385 0.8984375 0.07451923076923077 0.018028846153846156
