0 0.7061298076923077 0.3713942307692308 0.078125 0.08413461538461539
0 0.7247596153846154 0.4254807692307693 0.07211538461538462 0.07451923076923077
0 0.7463942307692308 0.484375 0.07211538461538462 0.07932692307692309
0 0.6953125 0.5096153846153847 0.07572115384615385 0.08653846153846154
0 0.6712740384615385 0.45012019230769235 0.08052884615384616 0.07572115384615385
0 0.6568509615384616 0.38822115384615385 0.06370192307692309 0.08653846153846154
0 0.46213942307692313 0.4044471153846154 0.04447115384615385 0.037259615384615384
0 0.4134615384615385 0.5234375 0.07211538461538462 0.10216346153846155
0 0.4513221153846154 0.6135817307692308 0.06850961538461539 0.09495192307692309
0 0.3870192307692308 0.5955528846153847 0.13942307692307693 0.27524038461538464
