0 0.6346153846153847 0.009014423076923078 0.15625 0.018028846153846156
0 0.530048076923077 0.022235576923076924 0.10336538461538462 0.04447115384615385
0 0.6754807692307693 0.04927884615384616 0.1514423076923077 0.09855769230769232
0 0.7073317307692308 0.12740384615384617 0.11899038461538462 0.12980769230769232
0 0.7848557692307693 0.13221153846153846 0.11057692307692309 0.11298076923076923
0 0.8155048076923077 0.20192307692307693 0.11658653846153846 0.10576923076923078
0 0.5745192307692308 0.08173076923076923 0.09855769230769232 0.1201923076923077
0 0.6129807692307693 0.171875 0.09134615384615385 0.11298076923076923
0 0.7307692307692308 0.22415865384615385 0.11057692307692309 0.11418269230769232
0 0.7596153846153847 0.2998798076923077 0.09855769230769232 0.10216346153846155
0 0.7986778846153847 0.3780048076923077 0.09495192307692309 0.09735576923076923
0 0.48617788461538464 0.08413461538461539 0.109375 0.12980769230769232
0 0.4278846153846154 0.11298076923076923 0.07932692307692309 0.12259615384615385
0 0.46213942307692313 0.2265625 0.09735576923076923 0.13341346153846154
0 0.5408653846153847 0.1953125 0.10096153846153846 0.1310096153846154
0 0.6574519230769231 0.2560096153846154 0.09855769230769232 0.10576923076923078
0 0.5793269230769231 0.28966346153846156 0.09375 0.10336538461538462
0 0.6856971153846154 0.3359375 0.08533653846153846 0.10697115384615385
0 0.6135817307692308 0.359375 0.08533653846153846 0.08653846153846154
0 0.5048076923076923 0.3203125 0.09134615384615385 0.10697115384615385
0 0.3840144230769231 0.23317307692307693 0.09735576923076923 0.08653846153846154
0 0.3996394230769231 0.2842548076923077 0.08774038461538462 0.08293269230769232
0 0.3082932692307693 0.2620192307692308 0.08774038461538462 0.08173076923076923
0 0.3323317307692308 0.32211538461538464 0.09014423076923077 0.08173076923076923
0 0.43088942307692313 0.3557692307692308 0.09975961538461539 0.11057692307692309
0 0.35637019230769235 0.3840144230769231 0.09495192307692309 0.10697115384615385
0 0.5354567307692308 0.4044471153846154 0.08533653846153846 0.08293269230769232
0 0.2800480769230769 0.4140625 0.10096153846153846 0.1045673076923077
0 0.7151442307692308 0.41105769230769235 0.08413461538461539 0.09615384615384616
0 0.8311298076923077 0.4525240384615385 0.1045673076923077 0.11418269230769232
0 0.7548076923076924 0.4885817307692308 0.09855769230769232 0.09975961538461539
0 0.6466346153846154 0.4417067307692308 0.08653846153846154 0.09495192307692309
0 0.678485576923077 0.5168269230769231 0.10216346153846155 0.10817307692307693
0 0.709735576923077 0.5991586538461539 0.09254807692307693 0.09254807692307693
0 0.6430288461538461 0.6292067307692308 0.09615384615384616 0.09495192307692309
0 0.5727163461538461 0.47415865384615385 0.09735576923076923 0.09014423076923077
0 0.6051682692307693 0.545673076923077 0.09495192307692309 0.10336538461538462
0 0.46274038461538464 0.43028846153846156 0.09134615384615385 0.09134615384615385
0 0.5006009615384616 0.5024038461538461 0.08533653846153846 0.09134615384615385
0 0.5342548076923077 0.5811298076923077 0.09735576923076923 0.10697115384615385
0 0.39122596153846156 0.4609375 0.09014423076923077 0.09975961538461539
0 0.41947115384615385 0.537860576923077 0.08173076923076923 0.09735576923076923
0 0.4597355769230769 0.6171875 0.10216346153846155 0.1045673076923077
0 0.3203125 0.4957932692307693 0.08293269230769232 0.09975961538461539
0 0.203125 0.4489182692307693 0.09855769230769232 0.11418269230769232
0 0.23858173076923078 0.5264423076923077 0.09254807692307693 0.09855769230769232
0 0.3527644230769231 0.5715144230769231 0.08293269230769232 0.09495192307692309
0 0.38040865384615385 0.6496394230769231 0.10216346153846155 0.109375
0 0.3088942307692308 0.6814903846153847 0.10336538461538462 0.11778846153846155
0 0.2770432692307693 0.6063701923076923 0.1045673076923077 0.10697115384615385
0 0.3978365384615385 0.8040865384615385 0.09855769230769232 0.13461538461538464
0 0.3503605769230769 0.8251201923076924 0.09735576923076923 0.1358173076923077
