0 0.3828125 0.07632211538461539 0.765625 0.15264423076923078
0 0.7421875 0.01201923076923077 0.515625 0.02403846153846154
0 0.703125 0.06610576923076923 0.59375 0.0625
0 0.6640625 0.13401442307692307 0.671875 0.07091346153846154
0 0.625 0.19771634615384617 0.75 0.078125
0 0.5793269230769231 0.2668269230769231 0.8413461538461539 0.08413461538461539
0 0.5336538461538461 0.3353365384615385 0.9326923076923077 0.08413461538461539
0 0.5 0.40625 1.0 0.08413461538461539
0 0.4963942307692308 0.4765625 0.9927884615384616 0.078125
0 0.4795673076923077 0.5480769230769231 0.9591346153846154 0.08173076923076923
0 0.4368990384615385 0.623798076923077 0.873798076923077 0.07692307692307693
0 0.39242788461538464 0.686298076923077 0.7848557692307693 0.07692307692307693
0 0.3545673076923077 0.7572115384615385 0.6826923076923077 0.07211538461538462
0 0.3197115384615385 0.8221153846153847 0.576923076923077 0.07211538461538462
0 0.2854567307692308 0.890625 0.4723557692307693 0.06490384615384616
0 0.25240384615384615 0.9567307692307693 0.37259615384615385 0.05528846153846154
