0 0.5120192307692308 0.6905048076923077 0.05288461538461539 0.022836538461538464
0 0.6231971153846154 0.17668269230769232 0.07091346153846154 0.05288461538461539
0 0.6622596153846154 0.16466346153846154 0.04807692307692308 0.06971153846153846
0 0.600360576923077 0.13822115384615385 0.04447115384615385 0.07692307692307693
0 0.765625 0.2121394230769231 0.06009615384615385 0.03485576923076923
0 0.8413461538461539 0.9435096153846154 0.04326923076923077 0.038461538461538464
0 0.7451923076923077 0.944110576923077 0.0889423076923077 0.056490384615384616
0 0.530048076923077 0.8677884615384616 0.09615384615384616 0.09134615384615385
0 0.3034855769230769 0.43028846153846156 0.042067307692307696 0.021634615384615384
0 0.39603365384615385 0.8527644230769231 0.03966346153846154 0.020432692307692308
