0 0.5498798076923077 0.4987980769230769 0.078125 0.08413461538461539
0 0.5685096153846154 0.5528846153846154 0.07211538461538462 0.07451923076923077
0 0.5901442307692308 0.6117788461538461 0.07211538461538462 0.07932692307692309
0 0.5390625 0.6370192307692308 0.07572115384615385 0.08653846153846154
0 0.5150240384615384 0.5775240384615385 0.08052884615384616 0.07572115384615385
0 0.5006009615384616 0.515625 0.06370192307692309 0.08653846153846154
0 0.3058894230769231 0.5318509615384616 0.04447115384615385 0.037259615384615384
0 0.2572115384615385 0.6508413461538461 0.07211538461538462 0.10216346153846155
0 0.2950721153846154 0.740985576923077 0.06850961538461539 0.09495192307692309
0 0.23076923076923078 0.7229567307692308 0.13942307692307693 0.27524038461538464
