0 0.9813701923076924 0.051081730769230775 0.037259615384615384 0.10216346153846155
0 0.9699519230769231 0.5715144230769231 0.06009615384615385 0.109375
0 0.9417067307692308 0.7590144230769231 0.03966346153846154 0.03245192307692308
0 0.8509615384615385 0.7145432692307693 0.038461538461538464 0.030048076923076924
0 0.8774038461538463 0.7668269230769231 0.038461538461538464 0.03125
0 0.8257211538461539 0.7908653846153847 0.03605769230769231 0.03605769230769231
0 0.8149038461538461 0.7770432692307693 0.03605769230769231 0.030048076923076924
0 0.8046875 0.7578125 0.03245192307692308 0.030048076923076924
0 0.7938701923076924 0.7421875 0.03485576923076923 0.030048076923076924
0 0.84375 0.7830528846153847 0.057692307692307696 0.09495192307692309
0 0.7842548076923077 0.7211538461538461 0.037259615384615384 0.03605769230769231
0 0.609375 0.42668269230769235 0.06730769230769232 0.04807692307692308
0 0.6340144230769231 0.48918269230769235 0.06850961538461539 0.05528846153846154
0 0.029447115384615388 0.5552884615384616 0.030048076923076924 0.028846153846153848
0 0.6448317307692308 0.9945913461538463 0.06129807692307693 0.010817307692307692
