0 0.8311298076923077 0.16105769230769232 0.08774038461538462 0.07692307692307693
0 0.7674278846153847 0.10576923076923078 0.09014423076923077 0.08413461538461539
0 0.703125 0.049879807692307696 0.0889423076923077 0.08293269230769232
0 0.6905048076923077 0.19170673076923078 0.22235576923076925 0.20552884615384617
0 0.6676682692307693 0.5150240384615384 0.08293269230769232 0.07091346153846154
0 0.7007211538461539 0.5522836538461539 0.07692307692307693 0.078125
0 0.7349759615384616 0.5919471153846154 0.078125 0.0733173076923077
0 0.7710336538461539 0.6292067307692308 0.078125 0.07091346153846154
0 0.8076923076923077 0.6694711538461539 0.08653846153846154 0.07451923076923077
0 0.9915865384615385 0.13822115384615385 0.01682692307692308 0.125
