0 0.05348557692307693 0.03365384615384616 0.10697115384615385 0.06730769230769232
0 0.11959134615384616 0.530048076923077 0.08052884615384616 0.06971153846153846
0 0.1826923076923077 0.5024038461538461 0.07692307692307693 0.06490384615384616
0 0.27403846153846156 0.4603365384615385 0.14903846153846154 0.09855769230769232
0 0.4098557692307693 0.46153846153846156 0.0889423076923077 0.09615384615384616
0 0.4441105769230769 0.5294471153846154 0.08052884615384616 0.09254807692307693
0 0.47836538461538464 0.6057692307692308 0.08173076923076923 0.10336538461538462
0 0.46875 0.43449519230769235 0.08653846153846154 0.10697115384615385
0 0.53125 0.5649038461538461 0.13461538461538464 0.19951923076923078
0 0.43930288461538464 0.75 0.10216346153846155 0.0889423076923077
0 0.3575721153846154 0.7866586538461539 0.11177884615384616 0.09735576923076923
0 0.2716346153846154 0.8293269230769231 0.11298076923076923 0.08653846153846154
