0 0.6664663461538461 0.017427884615384616 0.15985576923076925 0.03485576923076923
0 0.7193509615384616 0.05348557692307693 0.15504807692307693 0.10697115384615385
0 0.6039663461538461 0.1856971153846154 0.17908653846153846 0.140625
0 0.4447115384615385 0.6147836538461539 0.04567307692307693 0.03966346153846154
0 0.1280048076923077 0.7055288461538461 0.08774038461538462 0.07692307692307693
0 0.06430288461538462 0.6502403846153847 0.09014423076923077 0.08413461538461539
0 0.022235576923076924 0.5943509615384616 0.04447115384615385 0.08293269230769232
0 0.04927884615384616 0.7361778846153847 0.09855769230769232 0.20552884615384617
0 0.9885817307692308 0.7746394230769231 0.022836538461538464 0.03966346153846154
0 0.3479567307692308 0.6826923076923077 0.1358173076923077 0.125
0 0.6063701923076923 0.41887019230769235 0.056490384615384616 0.03966346153846154
