0 0.7944711538461539 0.009615384615384616 0.28365384615384615 0.019230769230769232
0 0.7650240384615385 0.040865384615384616 0.28966346153846156 0.02403846153846154
0 0.7295673076923077 0.07151442307692309 0.3004807692307693 0.022836538461538464
0 0.951923076923077 0.07391826923076923 0.09615384615384616 0.022836538461538464
0 0.9411057692307693 0.10637019230769232 0.11778846153846155 0.022836538461538464
0 0.9290865384615385 0.12860576923076925 0.14182692307692307 0.021634615384615384
0 0.920673076923077 0.15264423076923078 0.15865384615384617 0.026442307692307696
0 0.9026442307692308 0.17908653846153846 0.19471153846153846 0.028846153846153848
0 0.8888221153846154 0.20492788461538464 0.22235576923076925 0.030048076923076924
0 0.8774038461538463 0.22896634615384617 0.2451923076923077 0.022836538461538464
0 0.6929086538461539 0.1015625 0.3040865384615385 0.018028846153846156
0 0.6646634615384616 0.13822115384615385 0.31009615384615385 0.02403846153846154
0 0.6310096153846154 0.17127403846153846 0.2956730769230769 0.02764423076923077
0 0.6009615384615385 0.20372596153846154 0.3028846153846154 0.022836538461538464
0 0.5655048076923077 0.23377403846153846 0.30649038461538464 0.022836538461538464
0 0.53125 0.2668269230769231 0.3028846153846154 0.02403846153846154
0 0.4981971153846154 0.2980769230769231 0.30168269230769235 0.026442307692307696
0 0.4639423076923077 0.3341346153846154 0.3028846153846154 0.02403846153846154
0 0.8792067307692308 0.2566105769230769 0.24158653846153846 0.022836538461538464
0 0.8485576923076924 0.2800480769230769 0.3028846153846154 0.026442307692307696
0 0.8377403846153847 0.30528846153846156 0.32211538461538464 0.02403846153846154
0 0.8070913461538461 0.32872596153846156 0.3353365384615385 0.02764423076923077
0 0.78125 0.3551682692307693 0.34134615384615385 0.02764423076923077
0 0.8413461538461539 0.8389423076923077 0.31730769230769235 0.32211538461538464
0 0.756610576923077 0.3792067307692308 0.3137019230769231 0.02764423076923077
0 0.725360576923077 0.4044471153846154 0.3353365384615385 0.02764423076923077
0 0.7055288461538461 0.4278846153846154 0.3317307692307693 0.026442307692307696
0 0.6778846153846154 0.453125 0.31730769230769235 0.026442307692307696
0 0.6526442307692308 0.4801682692307693 0.3293269230769231 0.02764423076923077
0 0.6286057692307693 0.5036057692307693 0.3197115384615385 0.03365384615384616
0 0.5955528846153847 0.5294471153846154 0.3137019230769231 0.030048076923076924
0 0.5727163461538461 0.553485576923077 0.32572115384615385 0.03245192307692308
0 0.5492788461538461 0.5811298076923077 0.3293269230769231 0.030048076923076924
0 0.515625 0.6039663461538461 0.3245192307692308 0.025240384615384616
0 0.49338942307692313 0.6292067307692308 0.33052884615384615 0.030048076923076924
0 0.46935096153846156 0.655048076923077 0.33052884615384615 0.026442307692307696
0 0.4356971153846154 0.6790865384615385 0.328125 0.026442307692307696
0 0.41947115384615385 0.7061298076923077 0.32211538461538464 0.02764423076923077
0 0.40024038461538464 0.7265625 0.31490384615384615 0.025240384615384616
0 0.3816105769230769 0.7530048076923077 0.2848557692307693 0.030048076923076924
0 0.3737980769230769 0.7764423076923077 0.2572115384615385 0.021634615384615384
0 0.38461538461538464 0.8052884615384616 0.19230769230769232 0.026442307692307696
0 0.3743990384615385 0.828125 0.140625 0.019230769230769232
0 0.37259615384615385 0.8563701923076924 0.09855769230769232 0.020432692307692308
0 0.3762019230769231 0.8828125 0.06009615384615385 0.020432692307692308
0 0.4284855769230769 0.36418269230769235 0.296875 0.02403846153846154
0 0.39122596153846156 0.3984375 0.29927884615384615 0.025240384615384616
0 0.36117788461538464 0.43088942307692313 0.3137019230769231 0.025240384615384616
0 0.3239182692307693 0.4639423076923077 0.3040865384615385 0.02403846153846154
0 0.2950721153846154 0.4963942307692308 0.3040865384615385 0.026442307692307696
0 0.25841346153846156 0.530048076923077 0.3028846153846154 0.026442307692307696
0 0.23197115384615385 0.5649038461538461 0.3004807692307693 0.02403846153846154
0 0.2121394230769231 0.5961538461538461 0.2608173076923077 0.02403846153846154
0 0.20492788461538464 0.6268028846153847 0.20552884615384617 0.02764423076923077
0 0.2061298076923077 0.6604567307692308 0.140625 0.020432692307692308
0 0.20673076923076925 0.6935096153846154 0.07692307692307693 0.021634615384615384
