0 0.9338942307692308 0.03966346153846154 0.09855769230769232 0.07932692307692309
0 0.9633413461538463 0.109375 0.0733173076923077 0.11298076923076923
0 0.8455528846153847 0.04326923076923077 0.109375 0.08653846153846154
0 0.7872596153846154 0.05588942307692308 0.07932692307692309 0.11177884615384616
0 0.8215144230769231 0.1640625 0.09735576923076923 0.13341346153846154
0 0.9002403846153847 0.1328125 0.10096153846153846 0.1310096153846154
0 0.9837740384615385 0.1935096153846154 0.03245192307692308 0.10576923076923078
0 0.9387019230769231 0.22716346153846156 0.09375 0.10336538461538462
0 0.9651442307692308 0.296875 0.06971153846153846 0.08653846153846154
0 0.8641826923076924 0.2578125 0.09134615384615385 0.10697115384615385
0 0.7433894230769231 0.17067307692307693 0.09735576923076923 0.08653846153846154
0 0.7590144230769231 0.2217548076923077 0.08774038461538462 0.08293269230769232
0 0.6676682692307693 0.19951923076923078 0.08774038461538462 0.08173076923076923
0 0.6917067307692308 0.25961538461538464 0.09014423076923077 0.08173076923076923
0 0.7902644230769231 0.2932692307692308 0.09975961538461539 0.11057692307692309
0 0.7157451923076924 0.3215144230769231 0.09495192307692309 0.10697115384615385
0 0.8948317307692308 0.3419471153846154 0.08533653846153846 0.08293269230769232
0 0.639423076923077 0.3515625 0.10096153846153846 0.1045673076923077
0 0.9813701923076924 0.3792067307692308 0.037259615384615384 0.09495192307692309
0 0.9933894230769231 0.45432692307692313 0.013221153846153848 0.10817307692307693
0 0.9771634615384616 0.5667067307692308 0.04567307692307693 0.09495192307692309
0 0.9320913461538463 0.41165865384615385 0.09735576923076923 0.09014423076923077
0 0.9585336538461539 0.4831730769230769 0.08293269230769232 0.10336538461538462
0 0.8221153846153847 0.36778846153846156 0.09134615384615385 0.09134615384615385
0 0.8599759615384616 0.4399038461538462 0.08533653846153846 0.09134615384615385
0 0.8936298076923077 0.5186298076923077 0.09735576923076923 0.10697115384615385
0 0.7506009615384616 0.3984375 0.09014423076923077 0.09975961538461539
0 0.7788461538461539 0.4753605769230769 0.08173076923076923 0.09735576923076923
0 0.819110576923077 0.5546875 0.10216346153846155 0.1045673076923077
0 0.6796875 0.4332932692307693 0.08293269230769232 0.09975961538461539
0 0.5625 0.3864182692307693 0.09855769230769232 0.11418269230769232
0 0.5979567307692308 0.4639423076923077 0.09254807692307693 0.09855769230769232
0 0.7121394230769231 0.5090144230769231 0.08293269230769232 0.09495192307692309
0 0.7397836538461539 0.5871394230769231 0.10216346153846155 0.109375
0 0.6682692307692308 0.6189903846153847 0.10336538461538462 0.11778846153846155
0 0.6364182692307693 0.5438701923076923 0.1045673076923077 0.10697115384615385
0 0.7572115384615385 0.7415865384615385 0.09855769230769232 0.13461538461538464
0 0.709735576923077 0.7626201923076924 0.09735576923076923 0.1358173076923077
