0 0.10096153846153846 0.4405048076923077 0.14423076923076925 0.08052884615384616
0 0.27403846153846156 0.3431490384615385 0.14423076923076925 0.08052884615384616
0 0.35697115384615385 0.2776442307692308 0.04807692307692308 0.0625
0 0.5606971153846154 0.6646634615384616 0.06129807692307693 0.06009615384615385
0 0.6532451923076923 0.6466346153846154 0.1358173076923077 0.08173076923076923
0 0.8846153846153847 0.5438701923076923 0.028846153846153848 0.025240384615384616
0 0.6875 0.8341346153846154 0.06730769230769232 0.13461538461538464
0 0.6418269230769231 0.84375 0.07211538461538462 0.13701923076923078
0 0.41586538461538464 0.9086538461538463 0.06490384615384616 0.03125
0 0.42247596153846156 0.7271634615384616 0.109375 0.04807692307692308
0 0.3155048076923077 0.7325721153846154 0.08774038461538462 0.058894230769230775
0 0.23137019230769232 0.9453125 0.02764423076923077 0.037259615384615384
0 0.1905048076923077 0.9254807692307693 0.042067307692307696 0.08653846153846154
