0 0.23076923076923078 0.23197115384615385 0.07451923076923077 0.021634615384615384
0 0.22355769230769232 0.26742788461538464 0.14423076923076925 0.025240384615384616
0 0.2265625 0.30168269230769235 0.203125 0.026442307692307696
0 0.22716346153846156 0.3353365384615385 0.2716346153846154 0.02403846153846154
0 0.203125 0.3671875 0.3125 0.030048076923076924
0 0.16887019230769232 0.3996394230769231 0.29447115384615385 0.022836538461538464
0 0.13942307692307693 0.4320913461538462 0.27884615384615385 0.022836538461538464
0 0.12439903846153846 0.4651442307692308 0.24879807692307693 0.021634615384615384
0 0.11057692307692309 0.4981971153846154 0.20192307692307693 0.022836538461538464
0 0.10997596153846155 0.5306490384615384 0.13341346153846154 0.020432692307692308
0 0.10997596153846155 0.5649038461538461 0.07091346153846154 0.02403846153846154
0 0.39242788461538464 0.3900240384615385 0.058894230769230775 0.020432692307692308
0 0.38341346153846156 0.4152644230769231 0.10576923076923078 0.020432692307692308
0 0.3840144230769231 0.44290865384615385 0.1622596153846154 0.022836538461538464
0 0.3936298076923077 0.46935096153846156 0.21274038461538464 0.022836538461538464
0 0.3792067307692308 0.49399038461538464 0.24158653846153846 0.026442307692307696
0 0.3792067307692308 0.5162259615384616 0.30649038461538464 0.02764423076923077
0 0.3683894230769231 0.5432692307692308 0.32091346153846156 0.026442307692307696
0 0.3389423076923077 0.5667067307692308 0.3125 0.022836538461538464
0 0.3245192307692308 0.5955528846153847 0.2980769230769231 0.02764423076923077
0 0.30949519230769235 0.6195913461538461 0.2848557692307693 0.02764423076923077
0 0.2950721153846154 0.6412259615384616 0.24639423076923078 0.025240384615384616
0 0.3010817307692308 0.670673076923077 0.1935096153846154 0.021634615384615384
0 0.296875 0.694110576923077 0.16105769230769232 0.018028846153846156
0 0.2962740384615385 0.7211538461538461 0.08533653846153846 0.019230769230769232
0 0.010216346153846154 0.5384615384615385 0.020432692307692308 0.021634615384615384
0 0.027043269230769232 0.5715144230769231 0.054086538461538464 0.022836538461538464
0 0.04326923076923077 0.6033653846153847 0.08653846153846154 0.026442307692307696
0 0.030048076923076924 0.6382211538461539 0.06009615384615385 0.02403846153846154
0 0.10516826923076923 0.6712740384615385 0.10216346153846155 0.022836538461538464
0 0.10036057692307693 0.7037259615384616 0.1358173076923077 0.022836538461538464
0 0.1045673076923077 0.7259615384615385 0.19230769230769232 0.021634615384615384
0 0.10817307692307693 0.75 0.21634615384615385 0.026442307692307696
0 0.12199519230769232 0.7764423076923077 0.24399038461538464 0.028846153846153848
0 0.12379807692307693 0.8022836538461539 0.24759615384615385 0.030048076923076924
0 0.11298076923076923 0.8263221153846154 0.22596153846153846 0.022836538461538464
0 0.10516826923076923 0.8539663461538463 0.21033653846153846 0.022836538461538464
0 0.08834134615384616 0.8774038461538463 0.17668269230769232 0.026442307692307696
0 0.07451923076923077 0.9026442307692308 0.14903846153846154 0.02403846153846154
0 0.0625 0.9260817307692308 0.125 0.02764423076923077
0 0.051081730769230775 0.9525240384615385 0.10216346153846155 0.02764423076923077
0 0.37199519230769235 0.9393028846153847 0.20552884615384617 0.12139423076923078
0 0.3527644230769231 0.9477163461538463 0.203125 0.1045673076923077
0 0.3371394230769231 0.9561298076923077 0.20072115384615385 0.08774038461538462
0 0.3197115384615385 0.9645432692307693 0.21153846153846156 0.07091346153846154
0 0.3046875 0.9729567307692308 0.21274038461538464 0.054086538461538464
0 0.03185096153846154 0.9765625 0.06370192307692309 0.02764423076923077
