0 0.484375 0.015625 0.09375 0.03125
0 0.6153846153846154 0.6219951923076923 0.08173076923076923 0.030048076923076924
0 0.5336538461538461 0.5973557692307693 0.08413461538461539 0.028846153846153848
0 0.453125 0.5895432692307693 0.06009615384615385 0.03245192307692308
0 0.4903846153846154 0.6129807692307693 0.14423076923076925 0.05048076923076923
0 0.5294471153846154 0.6111778846153847 0.07572115384615385 0.030048076923076924
0 0.6141826923076923 0.6352163461538461 0.08173076923076923 0.030048076923076924
0 0.609375 0.6484375 0.07932692307692309 0.030048076923076924
0 0.6045673076923077 0.6610576923076923 0.07932692307692309 0.03125
0 0.48617788461538464 0.6304086538461539 0.14783653846153846 0.04927884615384616
0 0.4837740384615385 0.640625 0.14543269230769232 0.05048076923076923
0 0.47836538461538464 0.6556490384615385 0.1514423076923077 0.054086538461538464
0 0.5991586538461539 0.6724759615384616 0.08052884615384616 0.037259615384615384
0 0.5961538461538461 0.6875 0.07932692307692309 0.03365384615384616
0 0.592548076923077 0.7043269230769231 0.07932692307692309 0.03125
0 0.5090144230769231 0.6808894230769231 0.07572115384615385 0.03245192307692308
