0 0.048677884615384616 0.28125 0.09735576923076923 0.10576923076923078
0 0.28185096153846156 0.12439903846153846 0.08293269230769232 0.08533653846153846
0 0.47716346153846156 0.13040865384615385 0.06971153846153846 0.06610576923076923
0 0.4375 0.13461538461538464 0.07451923076923077 0.07692307692307693
0 0.40685096153846156 0.2728365384615385 0.1045673076923077 0.10336538461538462
0 0.5865384615384616 0.4092548076923077 0.10576923076923078 0.10216346153846155
0 0.9903846153846154 0.1328125 0.019230769230769232 0.05168269230769231
0 0.9248798076923077 0.8155048076923077 0.09014423076923077 0.08293269230769232
0 0.6268028846153847 0.8509615384615385 0.06129807692307693 0.057692307692307696
0 0.5793269230769231 0.7992788461538461 0.0625 0.04326923076923077
