0 0.2824519230769231 0.3762019230769231 0.03125 0.05048076923076923
0 0.4375 0.6544471153846154 0.0625 0.037259615384615384
0 0.48617788461538464 0.5697115384615385 0.030048076923076924 0.057692307692307696
0 0.5168269230769231 0.5763221153846154 0.03125 0.054086538461538464
0 0.5354567307692308 0.506610576923077 0.1045673076923077 0.0733173076923077
0 0.7145432692307693 0.7668269230769231 0.037259615384615384 0.05048076923076923
0 0.764423076923077 0.7668269230769231 0.05048076923076923 0.04326923076923077
0 0.7710336538461539 0.9555288461538463 0.109375 0.05288461538461539
0 0.5763221153846154 0.9705528846153847 0.05168269230769231 0.058894230769230775
0 0.5036057692307693 0.9561298076923077 0.03605769230769231 0.05168269230769231
0 0.29447115384615385 0.9693509615384616 0.1201923076923077 0.06129807692307693
