0 0.9825721153846154 0.983173076923077 0.03485576923076923 0.03365384615384616
0 0.7403846153846154 0.9026442307692308 0.14182692307692307 0.13942307692307693
0 0.8515625 0.780048076923077 0.08533653846153846 0.10336538461538462
0 0.772235576923077 0.6364182692307693 0.11177884615384616 0.10216346153846155
0 0.7313701923076924 0.6111778846153847 0.037259615384615384 0.042067307692307696
0 0.7530048076923077 0.5931490384615385 0.037259615384615384 0.03245192307692308
0 0.7752403846153847 0.5787259615384616 0.03365384615384616 0.03485576923076923
0 0.6532451923076923 0.7241586538461539 0.14543269230769232 0.12860576923076925
0 0.5745192307692308 0.7121394230769231 0.04807692307692308 0.04927884615384616
0 0.5955528846153847 0.6959134615384616 0.046875 0.04326923076923077
0 0.6171875 0.678485576923077 0.046875 0.05168269230769231
0 0.6400240384615385 0.6622596153846154 0.04447115384615385 0.04567307692307693
0 0.6598557692307693 0.6478365384615385 0.05048076923076923 0.040865384615384616
0 0.4435096153846154 0.600360576923077 0.07211538461538462 0.06370192307692309
0 0.4825721153846154 0.5546875 0.109375 0.1045673076923077
0 0.537860576923077 0.4873798076923077 0.1045673076923077 0.09975961538461539
0 0.5973557692307693 0.42668269230769235 0.10576923076923078 0.10817307692307693
0 0.5631009615384616 0.3467548076923077 0.06850961538461539 0.054086538461538464
0 0.5450721153846154 0.3707932692307693 0.058894230769230775 0.05168269230769231
0 0.5246394230769231 0.390625 0.06850961538461539 0.05288461538461539
0 0.5120192307692308 0.4134615384615385 0.06009615384615385 0.05048076923076923
0 0.4885817307692308 0.4326923076923077 0.056490384615384616 0.05048076923076923
0 0.4729567307692308 0.45432692307692313 0.06850961538461539 0.057692307692307696
0 0.4555288461538462 0.47716346153846156 0.05288461538461539 0.04807692307692308
0 0.44290865384615385 0.4981971153846154 0.058894230769230775 0.042067307692307696
0 0.42668269230769235 0.5180288461538461 0.057692307692307696 0.04807692307692308
0 0.4056490384615385 0.5408653846153847 0.05168269230769231 0.04326923076923077
0 0.3888221153846154 0.5649038461538461 0.05168269230769231 0.04567307692307693
0 0.24098557692307693 0.5841346153846154 0.11899038461538462 0.11057692307692309
0 0.34375 0.3028846153846154 0.20673076923076925 0.1875
0 0.1935096153846154 0.24879807692307693 0.06009615384615385 0.10096153846153846
0 0.15745192307692307 0.31009615384615385 0.0889423076923077 0.06971153846153846
0 0.10817307692307693 0.4260817307692308 0.09375 0.07091346153846154
0 0.16766826923076925 0.5048076923076923 0.07091346153846154 0.08173076923076923
0 0.017427884615384616 0.5865384615384616 0.03485576923076923 0.07932692307692309
0 0.026442307692307696 0.5426682692307693 0.05288461538461539 0.058894230769230775
0 0.06430288461538462 0.05228365384615385 0.12860576923076925 0.1045673076923077
