0 0.983173076923077 0.15625 0.03365384615384616 0.028846153846153848
0 0.9098557692307693 0.16526442307692307 0.057692307692307696 0.06129807692307693
0 0.8623798076923077 0.24759615384615385 0.058894230769230775 0.038461538461538464
0 0.8197115384615385 0.25540865384615385 0.040865384615384616 0.030048076923076924
0 0.7271634615384616 0.29086538461538464 0.12259615384615385 0.10817307692307693
0 0.6117788461538461 0.609375 0.06490384615384616 0.12259615384615385
0 0.3852163461538462 0.4729567307692308 0.05168269230769231 0.03966346153846154
0 0.32211538461538464 0.5150240384615384 0.05528846153846154 0.05168269230769231
0 0.8599759615384616 0.8245192307692308 0.037259615384615384 0.028846153846153848
0 0.9236778846153847 0.8497596153846154 0.06610576923076923 0.05528846153846154
