0 0.7271634615384616 0.21334134615384617 0.04807692307692308 0.02764423076923077
0 0.4885817307692308 0.25 0.022836538461538464 0.04326923076923077
0 0.45432692307692313 0.24699519230769232 0.026442307692307696 0.04927884615384616
0 0.4795673076923077 0.5132211538461539 0.0625 0.021634615384615384
0 0.33774038461538464 0.5186298076923077 0.06009615384615385 0.054086538461538464
0 0.3317307692307693 0.2373798076923077 0.11778846153846155 0.058894230769230775
0 0.6736778846153847 0.8653846153846154 0.07091346153846154 0.05288461538461539
0 0.7127403846153847 0.8533653846153847 0.04807692307692308 0.06971153846153846
0 0.6508413461538461 0.826923076923077 0.04447115384615385 0.07692307692307693
0 0.8161057692307693 0.9008413461538463 0.06009615384615385 0.03485576923076923
0 0.6298076923076923 0.22716346153846156 0.026442307692307696 0.040865384615384616
0 0.25961538461538464 0.5180288461538461 0.09615384615384616 0.05048076923076923
