0 0.9332932692307693 0.78125 0.04927884615384616 0.040865384615384616
0 0.6838942307692308 0.6971153846153847 0.14182692307692307 0.13942307692307693
0 0.7950721153846154 0.5745192307692308 0.08533653846153846 0.10336538461538462
0 0.7157451923076924 0.43088942307692313 0.11177884615384616 0.10216346153846155
0 0.6748798076923077 0.4056490384615385 0.037259615384615384 0.042067307692307696
0 0.6965144230769231 0.38762019230769235 0.037259615384615384 0.03245192307692308
0 0.71875 0.3731971153846154 0.03365384615384616 0.03485576923076923
0 0.5967548076923077 0.5186298076923077 0.14543269230769232 0.12860576923076925
0 0.5180288461538461 0.506610576923077 0.04807692307692308 0.04927884615384616
0 0.5390625 0.4903846153846154 0.046875 0.04326923076923077
0 0.5606971153846154 0.4729567307692308 0.046875 0.05168269230769231
0 0.5835336538461539 0.4567307692307693 0.04447115384615385 0.04567307692307693
0 0.6033653846153847 0.44230769230769235 0.05048076923076923 0.040865384615384616
0 0.3870192307692308 0.3948317307692308 0.07211538461538462 0.06370192307692309
0 0.4260817307692308 0.34915865384615385 0.109375 0.1045673076923077
0 0.48137019230769235 0.28185096153846156 0.1045673076923077 0.09975961538461539
0 0.5408653846153847 0.22115384615384617 0.10576923076923078 0.10817307692307693
0 0.506610576923077 0.14122596153846154 0.06850961538461539 0.054086538461538464
0 0.4885817307692308 0.16526442307692307 0.058894230769230775 0.05168269230769231
0 0.4681490384615385 0.18509615384615385 0.06850961538461539 0.05288461538461539
0 0.4555288461538462 0.20793269230769232 0.06009615384615385 0.05048076923076923
0 0.4320913461538462 0.22716346153846156 0.056490384615384616 0.05048076923076923
0 0.4164663461538462 0.24879807692307693 0.06850961538461539 0.057692307692307696
0 0.39903846153846156 0.2716346153846154 0.05288461538461539 0.04807692307692308
0 0.3864182692307693 0.2926682692307693 0.058894230769230775 0.042067307692307696
0 0.3701923076923077 0.3125 0.057692307692307696 0.04807692307692308
0 0.34915865384615385 0.3353365384615385 0.05168269230769231 0.04326923076923077
0 0.3323317307692308 0.359375 0.05168269230769231 0.04567307692307693
0 0.18449519230769232 0.3786057692307693 0.11899038461538462 0.11057692307692309
0 0.2872596153846154 0.09735576923076923 0.20673076923076925 0.1875
0 0.13701923076923078 0.046875 0.06009615384615385 0.09375
0 0.10096153846153846 0.1045673076923077 0.0889423076923077 0.06971153846153846
0 0.05168269230769231 0.22055288461538464 0.09375 0.07091346153846154
0 0.11117788461538462 0.29927884615384615 0.07091346153846154 0.08173076923076923
