0 0.6207932692307693 0.7007211538461539 0.04927884615384616 0.040865384615384616
0 0.3713942307692308 0.6165865384615385 0.14182692307692307 0.13942307692307693
0 0.4825721153846154 0.49399038461538464 0.08533653846153846 0.10336538461538462
0 0.40324519230769235 0.3503605769230769 0.11177884615384616 0.10216346153846155
0 0.3623798076923077 0.32512019230769235 0.037259615384615384 0.042067307692307696
0 0.3840144230769231 0.30709134615384615 0.037259615384615384 0.03245192307692308
0 0.40625 0.2926682692307693 0.03365384615384616 0.03485576923076923
0 0.2842548076923077 0.43810096153846156 0.14543269230769232 0.12860576923076925
0 0.20552884615384617 0.4260817307692308 0.04807692307692308 0.04927884615384616
0 0.2265625 0.4098557692307693 0.046875 0.04326923076923077
0 0.2481971153846154 0.39242788461538464 0.046875 0.05168269230769231
0 0.27103365384615385 0.3762019230769231 0.04447115384615385 0.04567307692307693
0 0.29086538461538464 0.3617788461538462 0.05048076923076923 0.040865384615384616
0 0.07451923076923077 0.31430288461538464 0.07211538461538462 0.06370192307692309
0 0.11358173076923078 0.2686298076923077 0.109375 0.1045673076923077
0 0.16887019230769232 0.2013221153846154 0.1045673076923077 0.09975961538461539
0 0.22836538461538464 0.140625 0.10576923076923078 0.10817307692307693
0 0.19411057692307693 0.06069711538461539 0.06850961538461539 0.054086538461538464
0 0.17608173076923078 0.08473557692307693 0.058894230769230775 0.05168269230769231
0 0.15564903846153846 0.1045673076923077 0.06850961538461539 0.05288461538461539
0 0.14302884615384617 0.12740384615384617 0.06009615384615385 0.05048076923076923
0 0.11959134615384616 0.1466346153846154 0.056490384615384616 0.05048076923076923
0 0.10396634615384616 0.16826923076923078 0.06850961538461539 0.057692307692307696
0 0.08653846153846154 0.19110576923076925 0.05288461538461539 0.04807692307692308
0 0.07391826923076923 0.2121394230769231 0.058894230769230775 0.042067307692307696
0 0.057692307692307696 0.23197115384615385 0.057692307692307696 0.04807692307692308
0 0.03665865384615385 0.25480769230769235 0.05168269230769231 0.04326923076923077
0 0.022836538461538464 0.27884615384615385 0.04567307692307693 0.04567307692307693
0 0.0390625 0.05528846153846154 0.078125 0.11057692307692309
