0 0.8455528846153847 0.0234375 0.03966346153846154 0.030048076923076924
0 0.772235576923077 0.18930288461538464 0.04447115384615385 0.03245192307692308
0 0.7295673076923077 0.7451923076923077 0.09615384615384616 0.057692307692307696
0 0.6754807692307693 0.546875 0.04567307692307693 0.038461538461538464
0 0.647235576923077 0.5829326923076923 0.020432692307692308 0.03125
0 0.6153846153846154 0.578125 0.040865384615384616 0.040865384615384616
0 0.5907451923076923 0.4921875 0.046875 0.054086538461538464
0 0.5216346153846154 0.8311298076923077 0.07932692307692309 0.109375
0 0.4152644230769231 0.028245192307692308 0.03245192307692308 0.025240384615384616
0 0.3707932692307693 0.04927884615384616 0.037259615384615384 0.026442307692307696
0 0.21634615384615385 0.22295673076923078 0.10576923076923078 0.07091346153846154
0 0.12439903846153846 0.046274038461538464 0.078125 0.09254807692307693
