0 0.9663461538461539 0.42307692307692313 0.06730769230769232 0.09134615384615385
0 0.8852163461538463 0.3780048076923077 0.1310096153846154 0.08774038461538462
0 0.7307692307692308 0.34615384615384615 0.15384615384615385 0.08653846153846154
0 0.8479567307692308 0.3125 0.06370192307692309 0.06009615384615385
0 0.8010817307692308 0.29867788461538464 0.078125 0.06610576923076923
0 0.7283653846153847 0.2764423076923077 0.10576923076923078 0.08413461538461539
0 0.6388221153846154 0.24879807692307693 0.09975961538461539 0.07692307692307693
0 0.6298076923076923 0.3010817307692308 0.10817307692307693 0.06850961538461539
0 0.6760817307692308 0.4903846153846154 0.26322115384615385 0.1201923076923077
0 0.31490384615384615 0.24098557692307693 0.1778846153846154 0.11658653846153846
0 0.21334134615384617 0.22295673076923078 0.037259615384615384 0.04927884615384616
0 0.45432692307692313 0.2794471153846154 0.12980769230769232 0.10216346153846155
