0 0.686298076923077 0.12259615384615385 0.07451923076923077 0.021634615384615384
0 0.6790865384615385 0.15805288461538464 0.14423076923076925 0.025240384615384616
0 0.6820913461538461 0.19230769230769232 0.203125 0.026442307692307696
0 0.6826923076923077 0.22596153846153846 0.2716346153846154 0.02403846153846154
0 0.6586538461538461 0.2578125 0.3125 0.030048076923076924
0 0.6243990384615385 0.2902644230769231 0.29447115384615385 0.022836538461538464
0 0.5865384615384616 0.32271634615384615 0.2956730769230769 0.022836538461538464
0 0.569110576923077 0.3557692307692308 0.27043269230769235 0.021634615384615384
0 0.5661057692307693 0.3888221153846154 0.20192307692307693 0.022836538461538464
0 0.5655048076923077 0.4212740384615385 0.13341346153846154 0.020432692307692308
0 0.5655048076923077 0.4555288461538462 0.07091346153846154 0.02403846153846154
0 0.8479567307692308 0.2806490384615385 0.058894230769230775 0.020432692307692308
0 0.8389423076923077 0.3058894230769231 0.10576923076923078 0.020432692307692308
0 0.8395432692307693 0.33353365384615385 0.1622596153846154 0.022836538461538464
0 0.8491586538461539 0.35997596153846156 0.21274038461538464 0.022836538461538464
0 0.834735576923077 0.38461538461538464 0.24158653846153846 0.026442307692307696
0 0.834735576923077 0.40685096153846156 0.30649038461538464 0.02764423076923077
0 0.8239182692307693 0.4338942307692308 0.32091346153846156 0.026442307692307696
0 0.7944711538461539 0.4573317307692308 0.3125 0.022836538461538464
0 0.780048076923077 0.48617788461538464 0.2980769230769231 0.02764423076923077
0 0.7650240384615385 0.5102163461538461 0.2848557692307693 0.02764423076923077
0 0.7506009615384616 0.5318509615384616 0.24639423076923078 0.025240384615384616
0 0.756610576923077 0.561298076923077 0.1935096153846154 0.021634615384615384
0 0.7524038461538461 0.584735576923077 0.16105769230769232 0.018028846153846156
0 0.7518028846153847 0.6117788461538461 0.08533653846153846 0.019230769230769232
0 0.4026442307692308 0.3918269230769231 0.07932692307692309 0.021634615384615384
0 0.4020432692307693 0.4290865384615385 0.14783653846153846 0.021634615384615384
0 0.4044471153846154 0.46213942307692313 0.21033653846153846 0.022836538461538464
0 0.40024038461538464 0.49399038461538464 0.28365384615384615 0.026442307692307696
0 0.3707932692307693 0.5288461538461539 0.28966346153846156 0.02403846153846154
0 0.3353365384615385 0.5594951923076923 0.3004807692307693 0.022836538461538464
0 0.5606971153846154 0.5618990384615385 0.10216346153846155 0.022836538461538464
0 0.5558894230769231 0.5943509615384616 0.1358173076923077 0.022836538461538464
0 0.5600961538461539 0.6165865384615385 0.19230769230769232 0.021634615384615384
0 0.5594951923076923 0.640625 0.2247596153846154 0.026442307692307696
0 0.5552884615384616 0.6670673076923077 0.2884615384615385 0.028846153846153848
0 0.5432692307692308 0.6929086538461539 0.3197115384615385 0.030048076923076924
0 0.5210336538461539 0.7169471153846154 0.32091346153846156 0.022836538461538464
0 0.29867788461538464 0.5895432692307693 0.3040865384615385 0.018028846153846156
0 0.27043269230769235 0.6262019230769231 0.31009615384615385 0.02403846153846154
0 0.23677884615384617 0.6592548076923077 0.2956730769230769 0.02764423076923077
0 0.20673076923076925 0.6917067307692308 0.3028846153846154 0.022836538461538464
0 0.17127403846153846 0.7217548076923077 0.30649038461538464 0.022836538461538464
0 0.14423076923076925 0.7548076923076924 0.2884615384615385 0.02403846153846154
0 0.12740384615384617 0.7860576923076924 0.25480769230769235 0.026442307692307696
0 0.11057692307692309 0.8221153846153847 0.22115384615384617 0.02403846153846154
0 0.5150240384615384 0.7445913461538461 0.30168269230769235 0.022836538461538464
0 0.4675480769230769 0.7680288461538461 0.3293269230769231 0.026442307692307696
0 0.4435096153846154 0.7932692307692308 0.32211538461538464 0.02403846153846154
0 0.4128605769230769 0.8167067307692308 0.3353365384615385 0.02764423076923077
0 0.3870192307692308 0.8431490384615385 0.34134615384615385 0.02764423076923077
0 0.8275240384615385 0.8774038461538463 0.20552884615384617 0.21634615384615385
0 0.8082932692307693 0.8924278846153847 0.203125 0.21274038461538464
0 0.7926682692307693 0.9014423076923077 0.20072115384615385 0.19711538461538464
0 0.7752403846153847 0.9098557692307693 0.21153846153846156 0.18028846153846154
0 0.7602163461538461 0.9182692307692308 0.21274038461538464 0.16346153846153846
0 0.3623798076923077 0.8671875 0.3137019230769231 0.02764423076923077
0 0.3311298076923077 0.8924278846153847 0.3353365384615385 0.02764423076923077
0 0.3112980769230769 0.9158653846153847 0.3317307692307693 0.026442307692307696
0 0.28365384615384615 0.9411057692307693 0.31730769230769235 0.026442307692307696
0 0.25841346153846156 0.9681490384615385 0.3293269230769231 0.02764423076923077
0 0.234375 0.9873798076923077 0.3197115384615385 0.025240384615384616
0 0.09134615384615385 0.8521634615384616 0.1826923076923077 0.02403846153846154
0 0.0733173076923077 0.8864182692307693 0.1466346153846154 0.025240384615384616
0 0.061899038461538464 0.9188701923076924 0.12379807692307693 0.025240384615384616
0 0.040865384615384616 0.951923076923077 0.08173076923076923 0.02403846153846154
0 0.026442307692307696 0.984375 0.05288461538461539 0.026442307692307696
