0 0.009014423076923078 0.28185096153846156 0.018028846153846156 0.02764423076923077
0 0.1328125 0.14483173076923078 0.030048076923076924 0.037259615384615384
0 0.1965144230769231 0.4044471153846154 0.02764423076923077 0.037259615384615384
0 0.40805288461538464 0.03605769230769231 0.037259615384615384 0.03605769230769231
0 0.4561298076923077 0.07572115384615385 0.03966346153846154 0.03605769230769231
0 0.3617788461538462 0.27103365384615385 0.09855769230769232 0.054086538461538464
0 0.8359375 0.03665865384615385 0.08052884615384616 0.0733173076923077
0 0.6844951923076923 0.5240384615384616 0.09735576923076923 0.057692307692307696
0 0.6292067307692308 0.7698317307692308 0.058894230769230775 0.07572115384615385
0 0.6027644230769231 0.7620192307692308 0.04927884615384616 0.08173076923076923
0 0.3353365384615385 0.4675480769230769 0.040865384615384616 0.04326923076923077
0 0.4050480769230769 0.5024038461538461 0.04567307692307693 0.07211538461538462
0 0.3509615384615385 0.7043269230769231 0.03365384615384616 0.028846153846153848
0 0.36418269230769235 0.9807692307692308 0.04326923076923077 0.038461538461538464
