0 0.06310096153846154 0.3082932692307693 0.10697115384615385 0.06129807692307693
0 0.23016826923076925 0.2692307692307693 0.056490384615384616 0.05288461538461539
0 0.3161057692307693 0.24879807692307693 0.04567307692307693 0.040865384615384616
0 0.35637019230769235 0.453125 0.04927884615384616 0.05288461538461539
0 0.5012019230769231 0.18930288461538464 0.08653846153846154 0.06129807692307693
0 0.7157451923076924 0.1670673076923077 0.09975961538461539 0.05048076923076923
0 0.6598557692307693 0.4134615384615385 0.04807692307692308 0.021634615384615384
0 0.9326923076923077 0.14543269230769232 0.04326923076923077 0.05048076923076923
0 0.8870192307692308 0.4104567307692308 0.08173076923076923 0.04927884615384616
0 0.928485576923077 0.43870192307692313 0.03245192307692308 0.06009615384615385
0 0.9657451923076924 0.43930288461538464 0.03245192307692308 0.058894230769230775
0 0.9272836538461539 0.9080528846153847 0.03245192307692308 0.030048076923076924
0 0.9741586538461539 0.9068509615384616 0.03245192307692308 0.03245192307692308
0 0.9861778846153847 0.13040865384615385 0.02764423076923077 0.03485576923076923
