0 0.9855769230769231 0.37259615384615385 0.028846153846153848 0.04807692307692308
0 0.9110576923076924 0.39122596153846156 0.04326923076923077 0.04447115384615385
0 0.5438701923076923 0.007211538461538462 0.056490384615384616 0.014423076923076924
0 0.46875 0.01201923076923077 0.06730769230769232 0.02403846153846154
0 0.06790865384615385 0.009014423076923078 0.06370192307692309 0.018028846153846156
0 0.009014423076923078 0.3942307692307693 0.018028846153846156 0.04567307692307693
0 0.23798076923076925 0.6850961538461539 0.12980769230769232 0.10817307692307693
2 0.48137019230769235 0.6045673076923077 0.08293269230769232 0.07211538461538462
0 0.49338942307692313 0.6526442307692308 0.078125 0.05528846153846154
0 0.5516826923076923 0.7295673076923077 0.06730769230769232 0.0625
0 0.90625 0.9897836538461539 0.11538461538461539 0.020432692307692308
0 0.9375 0.4248798076923077 0.04807692307692308 0.04447115384615385
