0 0.03125 0.717548076923077 0.05288461538461539 0.04807692307692308
0 0.3557692307692308 0.08353365384615385 0.125 0.10216346153846155
0 0.4296875 0.04266826923076923 0.09735576923076923 0.08533653846153846
0 0.37259615384615385 0.16105769230769232 0.12740384615384617 0.10336538461538462
1 0.4417067307692308 0.11658653846153846 0.058894230769230775 0.05048076923076923
0 0.5276442307692308 0.20733173076923078 0.03125 0.042067307692307696
0 0.4092548076923077 0.21274038461538464 0.15264423076923078 0.12980769230769232
0 0.4326923076923077 0.3028846153846154 0.19951923076923078 0.21634615384615385
0 0.34915865384615385 0.3245192307692308 0.06610576923076923 0.06490384615384616
0 0.5745192307692308 0.2764423076923077 0.09134615384615385 0.12259615384615385
1 0.5330528846153847 0.35697115384615385 0.11658653846153846 0.11057692307692309
0 0.6844951923076923 0.6490384615384616 0.23677884615384617 0.21875
0 0.9507211538461539 0.7578125 0.09855769230769232 0.14302884615384617
0 0.6171875 0.951923076923077 0.09014423076923077 0.08653846153846154
