0 0.5204326923076923 0.4789663461538462 0.16586538461538464 0.17427884615384617
0 0.3659855769230769 0.8900240384615385 0.14543269230769232 0.140625
0 0.29927884615384615 0.9471153846153847 0.14423076923076925 0.10576923076923078
0 0.7848557692307693 0.20733173076923078 0.36778846153846156 0.41466346153846156
0 0.875 0.6129807692307693 0.25 0.22596153846153846
0 0.834735576923077 0.17067307692307693 0.33052884615384615 0.34134615384615385
0 0.9879807692307693 0.10276442307692309 0.02403846153846154 0.19591346153846154
0 0.9182692307692308 0.9308894230769231 0.16346153846153846 0.13822115384615385
0 0.8701923076923077 0.9477163461538463 0.1514423076923077 0.1045673076923077
0 0.23016826923076925 0.9855769230769231 0.1358173076923077 0.028846153846153848
0 0.3545673076923077 0.9465144230769231 0.6225961538461539 0.10697115384615385
