0 0.5943509615384616 0.07391826923076923 0.03245192307692308 0.030048076923076924
0 0.6412259615384616 0.07271634615384616 0.03245192307692308 0.03245192307692308
0 0.6388221153846154 0.4338942307692308 0.02764423076923077 0.03125
0 0.608173076923077 0.43088942307692313 0.026442307692307696 0.02764423076923077
0 0.5817307692307693 0.5372596153846154 0.08173076923076923 0.11778846153846155
0 0.5216346153846154 0.5216346153846154 0.08413461538461539 0.10817307692307693
0 0.4356971153846154 0.5661057692307693 0.02764423076923077 0.028846153846153848
0 0.3852163461538462 0.5282451923076923 0.08293269230769232 0.05168269230769231
0 0.4633413461538462 0.9837740384615385 0.06370192307692309 0.03245192307692308
0 0.24579326923076925 0.47776442307692313 0.11418269230769232 0.08052884615384616
