0 0.5528846153846154 0.4873798076923077 0.03605769230769231 0.025240384615384616
0 0.569110576923077 0.506610576923077 0.054086538461538464 0.030048076923076924
0 0.5883413461538461 0.5228365384615384 0.09014423076923077 0.03365384615384616
0 0.6009615384615385 0.5414663461538461 0.11057692307692309 0.03966346153846154
0 0.6057692307692308 0.561298076923077 0.10817307692307693 0.03605769230769231
0 0.6087740384615385 0.5799278846153847 0.11177884615384616 0.037259615384615384
0 0.6099759615384616 0.5979567307692308 0.11177884615384616 0.03245192307692308
0 0.6129807692307693 0.6177884615384616 0.10817307692307693 0.03605769230769231
0 0.6195913461538461 0.6370192307692308 0.11418269230769232 0.03605769230769231
0 0.6213942307692308 0.655048076923077 0.10817307692307693 0.03605769230769231
0 0.6225961538461539 0.6730769230769231 0.10576923076923078 0.03605769230769231
0 0.6262019230769231 0.6935096153846154 0.11298076923076923 0.03605769230769231
0 0.6310096153846154 0.7139423076923077 0.11057692307692309 0.03365384615384616
0 0.6376201923076923 0.7578125 0.11177884615384616 0.03245192307692308
0 0.6442307692307693 0.7992788461538461 0.10576923076923078 0.03605769230769231
0 0.6370192307692308 0.8419471153846154 0.06971153846153846 0.03245192307692308
