0 0.8966346153846154 0.09074519230769232 0.10096153846153846 0.11418269230769232
0 0.8239182692307693 0.0703125 0.08774038461538462 0.10697115384615385
0 0.7554086538461539 0.04747596153846154 0.09254807692307693 0.09495192307692309
0 0.6820913461538461 0.0390625 0.09735576923076923 0.078125
0 0.6021634615384616 0.020432692307692308 0.09855769230769232 0.040865384615384616
0 0.8323317307692308 0.4260817307692308 0.10216346153846155 0.11177884615384616
0 0.756610576923077 0.40805288461538464 0.09254807692307693 0.1045673076923077
0 0.6881009615384616 0.3852163461538462 0.09735576923076923 0.109375
0 0.6129807692307693 0.35997596153846156 0.10096153846153846 0.11177884615384616
0 0.5390625 0.3395432692307693 0.10216346153846155 0.11418269230769232
0 0.8377403846153847 0.9813701923076924 0.10336538461538462 0.037259615384615384
