0 0.09795673076923077 0.042067307692307696 0.19591346153846154 0.08413461538461539
0 0.6322115384615385 0.4981971153846154 0.12740384615384617 0.15024038461538464
0 0.9705528846153847 0.28605769230769235 0.058894230769230775 0.13942307692307693
0 0.8569711538461539 0.5588942307692308 0.28605769230769235 0.4254807692307693
0 0.7884615384615385 0.701923076923077 0.2139423076923077 0.31490384615384615
0 0.6736778846153847 0.780048076923077 0.23197115384615385 0.3293269230769231
0 0.5354567307692308 0.7866586538461539 0.15264423076923078 0.20552884615384617
0 0.6171875 0.8185096153846154 0.2247596153846154 0.3076923076923077
0 0.826923076923077 0.6814903846153847 0.21634615384615385 0.3076923076923077
0 0.8948317307692308 0.5192307692307693 0.21033653846153846 0.4278846153846154
