0 0.04807692307692308 0.23076923076923078 0.05528846153846154 0.05048076923076923
0 0.08834134615384616 0.2620192307692308 0.06129807692307693 0.06009615384615385
0 0.13401442307692307 0.296875 0.06370192307692309 0.06009615384615385
0 0.18209134615384617 0.3311298076923077 0.06610576923076923 0.056490384615384616
0 0.109375 0.33834134615384615 0.06009615384615385 0.04927884615384616
0 0.14963942307692307 0.3707932692307693 0.042067307692307696 0.037259615384615384
0 0.051081730769230775 0.3665865384615385 0.037259615384615384 0.038461538461538464
0 0.026442307692307696 0.39603365384615385 0.04326923076923077 0.042067307692307696
0 0.09314903846153846 0.39603365384615385 0.05168269230769231 0.05168269230769231
0 0.06310096153846154 0.4290865384615385 0.05168269230769231 0.04326923076923077
0 0.4399038461538462 0.5661057692307693 0.05288461538461539 0.05048076923076923
0 0.4074519230769231 0.6069711538461539 0.05288461538461539 0.05288461538461539
0 0.38762019230769235 0.631610576923077 0.042067307692307696 0.03966346153846154
0 0.3731971153846154 0.6971153846153847 0.0733173076923077 0.06009615384615385
0 0.34375 0.7349759615384616 0.05528846153846154 0.06370192307692309
0 0.3978365384615385 0.7788461538461539 0.08653846153846154 0.07692307692307693
0 0.44591346153846156 0.7602163461538461 0.06490384615384616 0.05168269230769231
0 0.5138221153846154 0.5793269230769231 0.07091346153846154 0.06490384615384616
0 0.5600961538461539 0.6207932692307693 0.040865384615384616 0.037259615384615384
0 0.5408653846153847 0.6460336538461539 0.05048076923076923 0.04927884615384616
0 0.48978365384615385 0.6117788461538461 0.08293269230769232 0.07451923076923077
0 0.4639423076923077 0.6490384615384616 0.08173076923076923 0.06730769230769232
0 0.43810096153846156 0.6754807692307693 0.06850961538461539 0.06009615384615385
0 0.522235576923077 0.6929086538461539 0.0733173076923077 0.06850961538461539
0 0.5006009615384616 0.7241586538461539 0.06850961538461539 0.054086538461538464
0 0.5829326923076923 0.7397836538461539 0.07451923076923077 0.07091346153846154
0 0.5564903846153847 0.7686298076923077 0.06971153846153846 0.06129807692307693
0 0.6526442307692308 0.6905048076923077 0.03365384615384616 0.03485576923076923
0 0.6736778846153847 0.7536057692307693 0.0733173076923077 0.07451923076923077
0 0.6977163461538461 0.7259615384615385 0.06850961538461539 0.05528846153846154
0 0.7439903846153847 0.7602163461538461 0.040865384615384616 0.03966346153846154
0 0.7223557692307693 0.7902644230769231 0.05528846153846154 0.05168269230769231
0 0.6905048076923077 0.8227163461538461 0.054086538461538464 0.046875
0 0.6436298076923077 0.7926682692307693 0.0733173076923077 0.06850961538461539
0 0.6694711538461539 0.8569711538461539 0.04807692307692308 0.038461538461538464
0 0.6177884615384616 0.819110576923077 0.07211538461538462 0.06129807692307693
0 0.6526442307692308 0.9158653846153847 0.04567307692307693 0.05048076923076923
0 0.609375 0.9615384615384616 0.05288461538461539 0.06490384615384616
