0 0.8858173076923077 0.009014423076923078 0.22836538461538464 0.018028846153846156
0 0.8635817307692308 0.03786057692307693 0.2728365384615385 0.030048076923076924
0 0.8491586538461539 0.0703125 0.29447115384615385 0.022836538461538464
0 0.811298076923077 0.10276442307692309 0.2956730769230769 0.022836538461538464
0 0.7938701923076924 0.1358173076923077 0.27043269230769235 0.021634615384615384
0 0.7908653846153847 0.16887019230769232 0.20192307692307693 0.022836538461538464
0 0.7902644230769231 0.2013221153846154 0.13341346153846154 0.020432692307692308
0 0.7902644230769231 0.2355769230769231 0.07091346153846154 0.02403846153846154
0 0.9915865384615385 0.11358173076923078 0.01682692307692308 0.022836538461538464
0 0.9837740384615385 0.14002403846153846 0.03245192307692308 0.022836538461538464
0 0.9693509615384616 0.16466346153846154 0.06129807692307693 0.026442307692307696
0 0.953125 0.18689903846153846 0.09375 0.02764423076923077
0 0.944110576923077 0.2139423076923077 0.11177884615384616 0.026442307692307696
0 0.9314903846153847 0.2373798076923077 0.13701923076923078 0.022836538461538464
0 0.9278846153846154 0.26622596153846156 0.14423076923076925 0.02764423076923077
0 0.9236778846153847 0.2902644230769231 0.15264423076923078 0.02764423076923077
0 0.9260817307692308 0.3118990384615385 0.14783653846153846 0.025240384615384616
0 0.9423076923076924 0.34134615384615385 0.11538461538461539 0.021634615384615384
0 0.9483173076923077 0.36478365384615385 0.10336538461538462 0.018028846153846156
0 0.9669471153846154 0.3918269230769231 0.06610576923076923 0.019230769230769232
0 0.6274038461538461 0.171875 0.07932692307692309 0.021634615384615384
0 0.6268028846153847 0.2091346153846154 0.14783653846153846 0.021634615384615384
0 0.6292067307692308 0.2421875 0.21033653846153846 0.022836538461538464
0 0.625 0.27403846153846156 0.28365384615384615 0.026442307692307696
0 0.5955528846153847 0.3088942307692308 0.28966346153846156 0.02403846153846154
0 0.5600961538461539 0.3395432692307693 0.3004807692307693 0.022836538461538464
0 0.7854567307692308 0.3419471153846154 0.10216346153846155 0.022836538461538464
0 0.7806490384615385 0.3743990384615385 0.1358173076923077 0.022836538461538464
0 0.7848557692307693 0.3966346153846154 0.19230769230769232 0.021634615384615384
0 0.7842548076923077 0.4206730769230769 0.2247596153846154 0.026442307692307696
0 0.780048076923077 0.44711538461538464 0.2884615384615385 0.028846153846153848
0 0.7680288461538461 0.4729567307692308 0.3197115384615385 0.030048076923076924
0 0.7457932692307693 0.49699519230769235 0.32091346153846156 0.022836538461538464
0 0.5234375 0.3695913461538462 0.3040865384615385 0.018028846153846156
0 0.4951923076923077 0.40625 0.31009615384615385 0.02403846153846154
0 0.46153846153846156 0.43930288461538464 0.2956730769230769 0.02764423076923077
0 0.43149038461538464 0.4717548076923077 0.3028846153846154 0.022836538461538464
0 0.39603365384615385 0.5018028846153847 0.30649038461538464 0.022836538461538464
0 0.3617788461538462 0.5348557692307693 0.3028846153846154 0.02403846153846154
0 0.32872596153846156 0.5661057692307693 0.30168269230769235 0.026442307692307696
0 0.29447115384615385 0.6021634615384616 0.3028846153846154 0.02403846153846154
0 0.7397836538461539 0.5246394230769231 0.30168269230769235 0.022836538461538464
0 0.6923076923076923 0.5480769230769231 0.3293269230769231 0.026442307692307696
0 0.6682692307692308 0.5733173076923077 0.32211538461538464 0.02403846153846154
0 0.6376201923076923 0.5967548076923077 0.3353365384615385 0.02764423076923077
0 0.6117788461538461 0.6231971153846154 0.34134615384615385 0.02764423076923077
0 0.9747596153846154 0.6574519230769231 0.05048076923076923 0.21634615384615385
0 0.9657451923076924 0.6724759615384616 0.06850961538461539 0.21274038461538464
0 0.9585336538461539 0.6893028846153847 0.08293269230769232 0.21274038461538464
0 0.9471153846153847 0.7049278846153847 0.10576923076923078 0.21033653846153846
0 0.9393028846153847 0.7241586538461539 0.12139423076923078 0.21514423076923078
0 0.5871394230769231 0.647235576923077 0.3137019230769231 0.02764423076923077
0 0.5558894230769231 0.6724759615384616 0.3353365384615385 0.02764423076923077
0 0.5360576923076923 0.6959134615384616 0.3317307692307693 0.026442307692307696
0 0.5084134615384616 0.7211538461538461 0.31730769230769235 0.026442307692307696
0 0.4831730769230769 0.7481971153846154 0.3293269230769231 0.02764423076923077
0 0.4591346153846154 0.7716346153846154 0.3197115384615385 0.03365384615384616
0 0.4260817307692308 0.7974759615384616 0.3137019230769231 0.030048076923076924
0 0.40324519230769235 0.8215144230769231 0.32572115384615385 0.03245192307692308
0 0.37980769230769235 0.8491586538461539 0.3293269230769231 0.030048076923076924
0 0.34615384615384615 0.8719951923076924 0.3245192307692308 0.025240384615384616
0 0.3239182692307693 0.897235576923077 0.33052884615384615 0.030048076923076924
0 0.2998798076923077 0.9230769230769231 0.33052884615384615 0.026442307692307696
0 0.26622596153846156 0.9471153846153847 0.328125 0.026442307692307696
0 0.25 0.9741586538461539 0.32211538461538464 0.02764423076923077
0 0.23076923076923078 0.990985576923077 0.31490384615384615 0.018028846153846156
0 0.2590144230769231 0.6322115384615385 0.296875 0.02403846153846154
0 0.2217548076923077 0.6664663461538461 0.29927884615384615 0.025240384615384616
0 0.19170673076923078 0.6989182692307693 0.3137019230769231 0.025240384615384616
0 0.1544471153846154 0.7319711538461539 0.3040865384615385 0.02403846153846154
0 0.1388221153846154 0.764423076923077 0.2776442307692308 0.026442307692307696
0 0.1201923076923077 0.7980769230769231 0.2403846153846154 0.026442307692307696
0 0.10637019230769232 0.8329326923076924 0.21274038461538464 0.02403846153846154
0 0.08653846153846154 0.8641826923076924 0.17307692307692307 0.02403846153846154
0 0.06911057692307693 0.8948317307692308 0.13822115384615385 0.02764423076923077
0 0.05348557692307693 0.928485576923077 0.10697115384615385 0.020432692307692308
0 0.03786057692307693 0.9615384615384616 0.07572115384615385 0.021634615384615384
