0 0.5973557692307693 0.20072115384615385 0.2091346153846154 0.07932692307692309
0 0.3479567307692308 0.2295673076923077 0.1887019230769231 0.06490384615384616
0 0.3311298076923077 0.45492788461538464 0.14543269230769232 0.054086538461538464
0 0.3966346153846154 0.7259615384615385 0.3389423076923077 0.10096153846153846
0 0.8858173076923077 0.655048076923077 0.14182692307692307 0.04567307692307693
0 0.8828125 0.6868990384615385 0.140625 0.02764423076923077
0 0.8768028846153847 0.7355769230769231 0.13822115384615385 0.03605769230769231
0 0.8762019230769231 0.7746394230769231 0.14182692307692307 0.046875
0 0.8719951923076924 0.8239182692307693 0.14543269230769232 0.037259615384615384
0 0.8647836538461539 0.8647836538461539 0.15264423076923078 0.04447115384615385
0 0.8623798076923077 0.9164663461538463 0.13822115384615385 0.02764423076923077
0 0.8653846153846154 0.7848557692307693 0.23798076923076925 0.3701923076923077
