0 0.3966346153846154 0.06911057692307693 0.03605769230769231 0.04447115384615385
0 0.9855769230769231 0.7836538461538461 0.028846153846153848 0.09134615384615385
0 0.9236778846153847 0.7385817307692308 0.1310096153846154 0.08774038461538462
0 0.7692307692307693 0.7067307692307693 0.15384615384615385 0.08653846153846154
0 0.8864182692307693 0.6730769230769231 0.06370192307692309 0.06009615384615385
0 0.8395432692307693 0.6592548076923077 0.078125 0.06610576923076923
0 0.7668269230769231 0.6370192307692308 0.10576923076923078 0.08413461538461539
0 0.6772836538461539 0.609375 0.09975961538461539 0.07692307692307693
0 0.6682692307692308 0.6616586538461539 0.10817307692307693 0.06850961538461539
0 0.7145432692307693 0.8509615384615385 0.26322115384615385 0.1201923076923077
0 0.35336538461538464 0.6015625 0.1778846153846154 0.11658653846153846
0 0.25180288461538464 0.5835336538461539 0.037259615384615384 0.04927884615384616
0 0.49278846153846156 0.6400240384615385 0.12980769230769232 0.10216346153846155
