0 0.5096153846153847 0.17307692307692307 0.15625 0.13701923076923078
0 0.4050480769230769 0.2139423076923077 0.10336538461538462 0.10817307692307693
0 0.5504807692307693 0.2566105769230769 0.1514423076923077 0.1310096153846154
0 0.5823317307692308 0.3509615384615385 0.11899038461538462 0.12980769230769232
0 0.6598557692307693 0.3557692307692308 0.11057692307692309 0.11298076923076923
0 0.6905048076923077 0.4254807692307693 0.11658653846153846 0.10576923076923078
0 0.4495192307692308 0.30528846153846156 0.09855769230769232 0.1201923076923077
0 0.4879807692307693 0.39543269230769235 0.09134615384615385 0.11298076923076923
0 0.6057692307692308 0.4477163461538462 0.11057692307692309 0.11418269230769232
0 0.6346153846153847 0.5234375 0.09855769230769232 0.10216346153846155
0 0.6736778846153847 0.6015625 0.09495192307692309 0.09735576923076923
0 0.36117788461538464 0.3076923076923077 0.109375 0.12980769230769232
0 0.3028846153846154 0.33653846153846156 0.07932692307692309 0.12259615384615385
0 0.3371394230769231 0.45012019230769235 0.09735576923076923 0.13341346153846154
0 0.41586538461538464 0.41887019230769235 0.10096153846153846 0.1310096153846154
0 0.5324519230769231 0.4795673076923077 0.09855769230769232 0.10576923076923078
0 0.45432692307692313 0.5132211538461539 0.09375 0.10336538461538462
0 0.5606971153846154 0.5594951923076923 0.08533653846153846 0.10697115384615385
0 0.4885817307692308 0.5829326923076923 0.08533653846153846 0.08653846153846154
0 0.37980769230769235 0.5438701923076923 0.09134615384615385 0.10697115384615385
0 0.2590144230769231 0.4567307692307693 0.09735576923076923 0.08653846153846154
0 0.2746394230769231 0.5078125 0.08774038461538462 0.08293269230769232
0 0.18329326923076925 0.48557692307692313 0.08774038461538462 0.08173076923076923
0 0.20733173076923078 0.545673076923077 0.09014423076923077 0.08173076923076923
0 0.3058894230769231 0.5793269230769231 0.09975961538461539 0.11057692307692309
0 0.23137019230769232 0.6075721153846154 0.09495192307692309 0.10697115384615385
0 0.4104567307692308 0.6280048076923077 0.08533653846153846 0.08293269230769232
0 0.15504807692307693 0.6376201923076923 0.10096153846153846 0.1045673076923077
0 0.5901442307692308 0.6346153846153847 0.08413461538461539 0.09615384615384616
0 0.7061298076923077 0.6760817307692308 0.1045673076923077 0.11418269230769232
0 0.6298076923076923 0.7121394230769231 0.09855769230769232 0.09975961538461539
0 0.5216346153846154 0.6652644230769231 0.08653846153846154 0.09495192307692309
0 0.553485576923077 0.7403846153846154 0.10216346153846155 0.10817307692307693
0 0.584735576923077 0.8227163461538461 0.09254807692307693 0.09254807692307693
0 0.5180288461538461 0.8527644230769231 0.09615384615384616 0.09495192307692309
0 0.4477163461538462 0.6977163461538461 0.09735576923076923 0.09014423076923077
0 0.4801682692307693 0.7692307692307693 0.09495192307692309 0.10336538461538462
0 0.33774038461538464 0.6538461538461539 0.09134615384615385 0.09134615384615385
0 0.37560096153846156 0.7259615384615385 0.08533653846153846 0.09134615384615385
0 0.4092548076923077 0.8046875 0.09735576923076923 0.10697115384615385
0 0.26622596153846156 0.6844951923076923 0.09014423076923077 0.09975961538461539
0 0.29447115384615385 0.7614182692307693 0.08173076923076923 0.09735576923076923
0 0.3347355769230769 0.8407451923076924 0.10216346153846155 0.1045673076923077
0 0.1953125 0.7193509615384616 0.08293269230769232 0.09975961538461539
0 0.078125 0.6724759615384616 0.09855769230769232 0.11418269230769232
0 0.11358173076923078 0.75 0.09254807692307693 0.09855769230769232
0 0.2277644230769231 0.7950721153846154 0.08293269230769232 0.09495192307692309
0 0.25540865384615385 0.8731971153846154 0.10216346153846155 0.109375
0 0.18389423076923078 0.905048076923077 0.10336538461538462 0.11778846153846155
0 0.15204326923076925 0.8299278846153847 0.1045673076923077 0.10697115384615385
0 0.2728365384615385 0.9801682692307693 0.09855769230769232 0.03966346153846154
0 0.22536057692307693 0.9903846153846154 0.09735576923076923 0.019230769230769232
