0 0.09975961538461539 0.3527644230769231 0.15625 0.058894230769230775
0 0.31490384615384615 0.3545673076923077 0.13221153846153846 0.07211538461538462
0 0.9921875 0.703125 0.015625 0.057692307692307696
0 0.9729567307692308 0.5138221153846154 0.054086538461538464 0.0733173076923077
0 0.9338942307692308 0.4795673076923077 0.03605769230769231 0.03365384615384616
0 0.819110576923077 0.8924278846153847 0.056490384615384616 0.058894230769230775
0 0.756610576923077 0.8960336538461539 0.06610576923076923 0.07091346153846154
0 0.2926682692307693 0.5865384615384616 0.04447115384615385 0.04326923076923077
0 0.3010817307692308 0.5330528846153847 0.046875 0.06370192307692309
0 0.25480769230769235 0.5480769230769231 0.05288461538461539 0.09855769230769232
0 0.23377403846153846 0.00841346153846154 0.030048076923076924 0.01682692307692308
0 0.48197115384615385 0.05528846153846154 0.040865384615384616 0.026442307692307696
0 0.7752403846153847 0.6676682692307693 0.11778846153846155 0.06610576923076923
