0 0.19891826923076925 0.2572115384615385 0.17668269230769232 0.14903846153846154
0 0.5877403846153847 0.3623798076923077 0.03125 0.030048076923076924
0 0.4993990384615385 0.3858173076923077 0.07091346153846154 0.06730769230769232
0 0.5288461538461539 0.4020432692307693 0.06490384615384616 0.0733173076923077
0 0.9813701923076924 0.7716346153846154 0.037259615384615384 0.06971153846153846
0 0.9555288461538463 0.8876201923076924 0.0889423076923077 0.07091346153846154
0 0.990985576923077 0.9627403846153847 0.018028846153846156 0.07451923076923077
0 0.8701923076923077 0.9873798076923077 0.06490384615384616 0.025240384615384616
0 0.7980769230769231 0.5823317307692308 0.09615384615384616 0.09254807692307693
0 0.897235576923077 0.48617788461538464 0.1622596153846154 0.15985576923076925
0 0.5408653846153847 0.5516826923076923 0.16105769230769232 0.15384615384615385
