0 0.02764423076923077 0.5324519230769231 0.05528846153846154 0.06971153846153846
0 0.078125 0.5048076923076923 0.07692307692307693 0.06490384615384616
0 0.16947115384615385 0.46274038461538464 0.14903846153846154 0.09855769230769232
0 0.30528846153846156 0.4639423076923077 0.0889423076923077 0.09615384615384616
0 0.3395432692307693 0.5318509615384616 0.08052884615384616 0.09254807692307693
0 0.3737980769230769 0.608173076923077 0.08173076923076923 0.10336538461538462
0 0.36418269230769235 0.4368990384615385 0.08653846153846154 0.10697115384615385
0 0.42668269230769235 0.5673076923076923 0.13461538461538464 0.19951923076923078
0 0.3347355769230769 0.7524038461538461 0.10216346153846155 0.0889423076923077
0 0.2530048076923077 0.7890625 0.11177884615384616 0.09735576923076923
0 0.1670673076923077 0.8317307692307693 0.11298076923076923 0.08653846153846154
