0 0.8239182692307693 0.04807692307692308 0.16947115384615385 0.09615384615384616
0 0.9381009615384616 0.20673076923076925 0.12379807692307693 0.19711538461538464
0 0.8822115384615385 0.2890625 0.19230769230769232 0.1983173076923077
0 0.7794471153846154 0.3713942307692308 0.19591346153846154 0.19230769230769232
0 0.9789663461538463 0.4717548076923077 0.042067307692307696 0.0733173076923077
0 0.061899038461538464 0.912860576923077 0.12379807692307693 0.17427884615384617
0 0.30528846153846156 0.6322115384615385 0.36778846153846156 0.4326923076923077
0 0.39543269230769235 0.9669471153846154 0.25 0.06610576923076923
0 0.36478365384615385 0.5673076923076923 0.3497596153846154 0.41586538461538464
0 0.6838942307692308 0.4519230769230769 0.19711538461538464 0.19951923076923078
0 0.5913461538461539 0.5366586538461539 0.18990384615384617 0.19591346153846154
0 0.9561298076923077 0.4993990384615385 0.08774038461538462 0.09254807692307693
0 0.9513221153846154 0.5204326923076923 0.09735576923076923 0.09134615384615385
0 0.9735576923076924 0.5907451923076923 0.05288461538461539 0.07091346153846154
