0 0.6033653846153847 0.28665865384615385 0.04326923076923077 0.05168269230769231
0 0.5907451923076923 0.2998798076923077 0.046875 0.046875
0 0.5721153846153847 0.31310096153846156 0.05288461538461539 0.04447115384615385
0 0.5606971153846154 0.32512019230769235 0.042067307692307696 0.042067307692307696
0 0.5438701923076923 0.3401442307692308 0.042067307692307696 0.040865384615384616
0 0.6123798076923077 0.795673076923077 0.1045673076923077 0.12980769230769232
0 0.890625 0.7692307692307693 0.10817307692307693 0.10576923076923078
0 0.9489182692307693 0.8215144230769231 0.06610576923076923 0.0733173076923077
0 0.9915865384615385 0.873798076923077 0.01682692307692308 0.125
0 0.16646634615384617 0.21574519230769232 0.08774038461538462 0.078125
0 0.19951923076923078 0.17848557692307693 0.08413461538461539 0.06610576923076923
