0 0.01682692307692308 0.021634615384615384 0.03365384615384616 0.040865384615384616
0 0.051081730769230775 0.22596153846153846 0.04927884615384616 0.05288461538461539
0 0.3545673076923077 0.18629807692307693 0.04807692307692308 0.021634615384615384
0 0.5817307692307693 0.18329326923076925 0.08173076923076923 0.04927884615384616
0 0.6231971153846154 0.21153846153846156 0.03245192307692308 0.06009615384615385
0 0.6604567307692308 0.2121394230769231 0.03245192307692308 0.058894230769230775
0 0.6219951923076923 0.6808894230769231 0.03245192307692308 0.030048076923076924
0 0.6688701923076923 0.6796875 0.03245192307692308 0.03245192307692308
0 0.8810096153846154 0.3371394230769231 0.03125 0.020432692307692308
0 0.9152644230769231 0.5324519230769231 0.11899038461538462 0.0625
