0 0.9747596153846154 0.23978365384615385 0.05048076923076923 0.11658653846153846
0 0.8028846153846154 0.5492788461538461 0.02403846153846154 0.026442307692307696
0 0.7103365384615385 0.717548076923077 0.03365384615384616 0.038461538461538464
0 0.7572115384615385 0.7536057692307693 0.03605769230769231 0.040865384615384616
0 0.8239182692307693 0.7986778846153847 0.08774038461538462 0.09975961538461539
0 0.8629807692307693 0.8527644230769231 0.08653846153846154 0.09014423076923077
0 0.3263221153846154 0.20372596153846154 0.042067307692307696 0.03245192307692308
0 0.43028846153846156 0.29747596153846156 0.04807692307692308 0.03245192307692308
0 0.47776442307692313 0.30528846153846156 0.046875 0.04326923076923077
0 0.515625 0.3263221153846154 0.04567307692307693 0.046875
0 0.32211538461538464 0.4669471153846154 0.0625 0.0733173076923077
0 0.3713942307692308 0.4909855769230769 0.026442307692307696 0.030048076923076924
0 0.47055288461538464 0.5318509615384616 0.06850961538461539 0.07572115384615385
0 0.5084134615384616 0.561298076923077 0.028846153846153848 0.03605769230769231
