0 0.015625 0.5240384615384616 0.03125 0.026442307692307696
0 0.01622596153846154 0.546875 0.03245192307692308 0.026442307692307696
0 0.6057692307692308 0.2698317307692308 0.03605769230769231 0.025240384615384616
0 0.6219951923076923 0.2890625 0.054086538461538464 0.030048076923076924
0 0.6412259615384616 0.30528846153846156 0.09014423076923077 0.03365384615384616
0 0.6538461538461539 0.3239182692307693 0.11057692307692309 0.03966346153846154
0 0.6586538461538461 0.34375 0.10817307692307693 0.03605769230769231
0 0.6616586538461539 0.3623798076923077 0.11177884615384616 0.037259615384615384
0 0.662860576923077 0.38040865384615385 0.11177884615384616 0.03245192307692308
0 0.6658653846153847 0.40024038461538464 0.10817307692307693 0.03605769230769231
0 0.6724759615384616 0.41947115384615385 0.11418269230769232 0.03605769230769231
0 0.6742788461538461 0.4375 0.10817307692307693 0.03605769230769231
0 0.6754807692307693 0.4555288461538462 0.10576923076923078 0.03605769230769231
0 0.6790865384615385 0.4759615384615385 0.11298076923076923 0.03605769230769231
0 0.6838942307692308 0.4963942307692308 0.11057692307692309 0.03365384615384616
0 0.6905048076923077 0.5402644230769231 0.11177884615384616 0.03245192307692308
0 0.6971153846153847 0.5817307692307693 0.10576923076923078 0.03605769230769231
0 0.6899038461538461 0.6243990384615385 0.06971153846153846 0.03245192307692308
