0 0.03125 0.921875 0.05288461538461539 0.04807692307692308
0 0.3557692307692308 0.2878605769230769 0.125 0.10216346153846155
0 0.4296875 0.23076923076923078 0.09735576923076923 0.11778846153846155
0 0.37259615384615385 0.3653846153846154 0.12740384615384617 0.10336538461538462
1 0.4417067307692308 0.32091346153846156 0.058894230769230775 0.05048076923076923
0 0.5276442307692308 0.41165865384615385 0.03125 0.042067307692307696
0 0.4092548076923077 0.4170673076923077 0.15264423076923078 0.12980769230769232
0 0.4326923076923077 0.5072115384615384 0.19951923076923078 0.21634615384615385
0 0.34915865384615385 0.5288461538461539 0.06610576923076923 0.06490384615384616
0 0.5745192307692308 0.4807692307692308 0.09134615384615385 0.12259615384615385
1 0.5330528846153847 0.561298076923077 0.11658653846153846 0.11057692307692309
0 0.6844951923076923 0.8533653846153847 0.23677884615384617 0.21875
0 0.9507211538461539 0.9453125 0.09855769230769232 0.109375
0 0.203125 0.06490384615384616 0.15865384615384617 0.12980769230769232
0 0.3575721153846154 0.06490384615384616 0.15504807692307693 0.12980769230769232
