0 0.013221153846153848 0.25240384615384615 0.026442307692307696 0.13701923076923078
0 0.051081730769230775 0.19471153846153846 0.10216346153846155 0.12980769230769232
0 0.3191105769230769 0.1826923076923077 0.07091346153846154 0.0889423076923077
0 0.29747596153846156 0.1983173076923077 0.07572115384615385 0.09615384615384616
0 0.22596153846153846 0.23858173076923078 0.07451923076923077 0.09975961538461539
0 0.203125 0.2566105769230769 0.08173076923076923 0.08774038461538462
0 0.13521634615384617 0.2956730769230769 0.07091346153846154 0.09855769230769232
0 0.1045673076923077 0.31790865384615385 0.0889423076923077 0.09735576923076923
0 0.07932692307692309 0.33834134615384615 0.07451923076923077 0.09495192307692309
0 0.022836538461538464 0.3774038461538462 0.04567307692307693 0.09855769230769232
0 0.010817307692307692 0.3966346153846154 0.021634615384615384 0.09134615384615385
0 0.022836538461538464 0.5528846153846154 0.04567307692307693 0.13461538461538464
0 0.051081730769230775 0.5150240384615384 0.10216346153846155 0.13341346153846154
0 0.08293269230769232 0.4921875 0.11057692307692309 0.12620192307692307
0 0.14122596153846154 0.4555288461538462 0.11177884615384616 0.13461538461538464
0 0.17848557692307693 0.43509615384615385 0.10697115384615385 0.13461538461538464
0 0.21153846153846156 0.4092548076923077 0.10336538461538462 0.13341346153846154
0 0.2728365384615385 0.3737980769230769 0.10817307692307693 0.13461538461538464
0 0.30528846153846156 0.3503605769230769 0.10817307692307693 0.1310096153846154
0 0.36117788461538464 0.3185096153846154 0.10697115384615385 0.13461538461538464
0 0.390625 0.2956730769230769 0.10096153846153846 0.12740384615384617
0 0.41466346153846156 0.42307692307692313 0.0625 0.08173076923076923
0 0.36899038461538464 0.4495192307692308 0.08173076923076923 0.09375
0 0.33653846153846156 0.4711538461538462 0.08413461538461539 0.09375
0 0.27584134615384615 0.5102163461538461 0.08533653846153846 0.09014423076923077
0 0.2421875 0.5306490384615384 0.08293269230769232 0.09495192307692309
0 0.20673076923076925 0.5516826923076923 0.07932692307692309 0.09134615384615385
0 0.1466346153846154 0.592548076923077 0.07932692307692309 0.0889423076923077
0 0.11298076923076923 0.6135817307692308 0.07692307692307693 0.09735576923076923
0 0.0546875 0.6502403846153847 0.07572115384615385 0.09375
0 0.03125 0.6724759615384616 0.0625 0.08774038461538462
