0 0.8924278846153847 0.8149038461538461 0.04927884615384616 0.040865384615384616
0 0.6430288461538461 0.7307692307692308 0.14182692307692307 0.13942307692307693
0 0.7542067307692308 0.608173076923077 0.08533653846153846 0.10336538461538462
0 0.6748798076923077 0.4645432692307693 0.11177884615384616 0.10216346153846155
0 0.6340144230769231 0.43930288461538464 0.037259615384615384 0.042067307692307696
0 0.6556490384615385 0.4212740384615385 0.037259615384615384 0.03245192307692308
0 0.6778846153846154 0.40685096153846156 0.03365384615384616 0.03485576923076923
0 0.5558894230769231 0.5522836538461539 0.14543269230769232 0.12860576923076925
0 0.47716346153846156 0.5402644230769231 0.04807692307692308 0.04927884615384616
0 0.4981971153846154 0.5240384615384616 0.046875 0.04326923076923077
0 0.5198317307692308 0.506610576923077 0.046875 0.05168269230769231
0 0.5426682692307693 0.4903846153846154 0.04447115384615385 0.04567307692307693
0 0.5625 0.4759615384615385 0.05048076923076923 0.040865384615384616
0 0.34615384615384615 0.4284855769230769 0.07211538461538462 0.06370192307692309
0 0.3852163461538462 0.3828125 0.109375 0.1045673076923077
0 0.4405048076923077 0.3155048076923077 0.1045673076923077 0.09975961538461539
0 0.5 0.25480769230769235 0.10576923076923078 0.10817307692307693
0 0.46574519230769235 0.1748798076923077 0.06850961538461539 0.054086538461538464
0 0.4477163461538462 0.19891826923076925 0.058894230769230775 0.05168269230769231
0 0.42728365384615385 0.21875 0.06850961538461539 0.05288461538461539
0 0.41466346153846156 0.24158653846153846 0.06009615384615385 0.05048076923076923
0 0.39122596153846156 0.2608173076923077 0.056490384615384616 0.05048076923076923
0 0.37560096153846156 0.2824519230769231 0.06850961538461539 0.057692307692307696
0 0.3581730769230769 0.30528846153846156 0.05288461538461539 0.04807692307692308
0 0.34555288461538464 0.3263221153846154 0.058894230769230775 0.042067307692307696
0 0.3293269230769231 0.34615384615384615 0.057692307692307696 0.04807692307692308
0 0.3082932692307693 0.36899038461538464 0.05168269230769231 0.04326923076923077
0 0.29146634615384615 0.3930288461538462 0.05168269230769231 0.04567307692307693
0 0.1436298076923077 0.4122596153846154 0.11899038461538462 0.11057692307692309
0 0.24639423076923078 0.1310096153846154 0.20673076923076925 0.1875
0 0.09615384615384616 0.07692307692307693 0.06009615384615385 0.10096153846153846
0 0.06009615384615385 0.13822115384615385 0.0889423076923077 0.06971153846153846
0 0.028846153846153848 0.2542067307692308 0.057692307692307696 0.07091346153846154
0 0.0703125 0.33293269230769235 0.07091346153846154 0.08173076923076923
