0 0.09074519230769232 0.203125 0.18149038461538464 0.40625
0 0.09915865384615385 0.2433894230769231 0.1983173076923077 0.4867788461538462
0 0.10817307692307693 0.28365384615384615 0.21634615384615385 0.5673076923076923
0 0.12860576923076925 0.3239182692307693 0.2572115384615385 0.6478365384615385
0 0.13521634615384617 0.36478365384615385 0.27043269230769235 0.7295673076923077
0 0.1436298076923077 0.4278846153846154 0.2872596153846154 0.7596153846153847
0 0.1328125 0.5174278846153847 0.265625 0.7391826923076924
0 0.33774038461538464 0.4597355769230769 0.11057692307692309 0.046875
0 0.31490384615384615 0.5270432692307693 0.21153846153846156 0.05168269230769231
0 0.2956730769230769 0.600360576923077 0.3125 0.05168269230769231
0 0.27524038461538464 0.6646634615384616 0.4182692307692308 0.05528846153846154
0 0.2536057692307692 0.7313701923076924 0.5072115384615384 0.054086538461538464
0 0.26802884615384615 0.8004807692307693 0.5360576923076923 0.0625
0 0.28185096153846156 0.8683894230769231 0.5637019230769231 0.07091346153846154
0 0.29146634615384615 0.9320913461538463 0.5829326923076923 0.078125
0 0.29747596153846156 0.9795673076923077 0.5949519230769231 0.040865384615384616
