0 0.27824519230769235 0.5288461538461539 0.025240384615384616 0.026442307692307696
0 0.31009615384615385 0.5306490384615384 0.02403846153846154 0.025240384615384616
0 0.34555288461538464 0.5354567307692308 0.022836538461538464 0.02764423076923077
0 0.2355769230769231 0.5462740384615385 0.028846153846153848 0.018028846153846156
0 0.23497596153846156 0.5709134615384616 0.02764423076923077 0.014423076923076924
0 0.3239182692307693 0.5564903846153847 0.14783653846153846 0.026442307692307696
0 0.32572115384615385 0.5793269230769231 0.1466346153846154 0.026442307692307696
0 0.9723557692307693 0.30228365384615385 0.03605769230769231 0.025240384615384616
0 0.9807692307692308 0.3215144230769231 0.038461538461538464 0.030048076923076924
0 0.9813701923076924 0.33774038461538464 0.037259615384615384 0.03365384615384616
0 0.9825721153846154 0.35637019230769235 0.03485576923076923 0.03966346153846154
0 0.9855769230769231 0.3762019230769231 0.028846153846153848 0.03605769230769231
0 0.9861778846153847 0.3948317307692308 0.02764423076923077 0.037259615384615384
0 0.9867788461538463 0.4128605769230769 0.026442307692307696 0.03245192307692308
0 0.9891826923076924 0.4326923076923077 0.021634615384615384 0.03605769230769231
0 0.990985576923077 0.4519230769230769 0.018028846153846156 0.03605769230769231
0 0.9933894230769231 0.46995192307692313 0.013221153846153848 0.03605769230769231
0 0.9945913461538463 0.4879807692307693 0.010817307692307692 0.03605769230769231
