0 0.15805288461538464 0.5402644230769231 0.03245192307692308 0.02764423076923077
0 0.3359375 0.15204326923076925 0.06129807692307693 0.04447115384615385
0 0.5288461538461539 0.046875 0.1201923076923077 0.04567307692307693
0 0.9891826923076924 0.7277644230769231 0.021634615384615384 0.06129807692307693
0 0.9963942307692308 0.7824519230769231 0.007211538461538462 0.08173076923076923
0 0.9801682692307693 0.9825721153846154 0.03966346153846154 0.03485576923076923
0 0.975360576923077 0.936298076923077 0.04927884615384616 0.07932692307692309
0 0.9741586538461539 0.8743990384615385 0.05168269230769231 0.08774038461538462
0 0.9669471153846154 0.8028846153846154 0.06610576923076923 0.07932692307692309
0 0.9735576923076924 0.7451923076923077 0.026442307692307696 0.04326923076923077
0 0.530048076923077 0.733173076923077 0.08173076923076923 0.07692307692307693
2 0.6057692307692308 0.32872596153846156 0.04326923076923077 0.03245192307692308
