0 0.3293269230769231 0.06911057692307693 0.6586538461538461 0.13822115384615385
0 0.34134615384615385 0.10697115384615385 0.6826923076923077 0.2139423076923077
0 0.3497596153846154 0.14723557692307693 0.6995192307692308 0.29447115384615385
0 0.3587740384615385 0.1875 0.717548076923077 0.375
0 0.3792067307692308 0.2277644230769231 0.7584134615384616 0.4555288461538462
0 0.3858173076923077 0.2686298076923077 0.7716346153846154 0.5372596153846154
0 0.3942307692307693 0.3076923076923077 0.7884615384615385 0.6153846153846154
0 0.38341346153846156 0.3473557692307693 0.7668269230769231 0.6947115384615385
0 0.8389423076923077 0.26742788461538464 0.11057692307692309 0.046875
0 0.8161057692307693 0.3347355769230769 0.21153846153846156 0.05168269230769231
0 0.796875 0.40805288461538464 0.3125 0.05168269230769231
0 0.7764423076923077 0.4723557692307693 0.4182692307692308 0.05528846153846154
0 0.7427884615384616 0.5390625 0.514423076923077 0.054086538461538464
0 0.7037259615384616 0.608173076923077 0.592548076923077 0.0625
0 0.6646634615384616 0.6760817307692308 0.670673076923077 0.07091346153846154
0 0.6256009615384616 0.7397836538461539 0.748798076923077 0.078125
0 0.5799278846153847 0.8088942307692308 0.8401442307692308 0.08413461538461539
0 0.5342548076923077 0.8774038461538463 0.9314903846153847 0.08413461538461539
0 0.5 0.9483173076923077 1.0 0.08413461538461539
0 0.49699519230769235 0.9897836538461539 0.9939903846153847 0.020432692307692308
