0 0.010817307692307692 0.1592548076923077 0.021634615384615384 0.11899038461538462
0 0.012620192307692308 0.21574519230769232 0.025240384615384616 0.05168269230769231
0 0.125 0.09855769230769232 0.05528846153846154 0.05048076923076923
0 0.16526442307692307 0.12980769230769232 0.06129807692307693 0.06009615384615385
0 0.2109375 0.16466346153846154 0.06370192307692309 0.06009615384615385
0 0.2590144230769231 0.19891826923076925 0.06610576923076923 0.056490384615384616
0 0.18629807692307693 0.2061298076923077 0.06009615384615385 0.04927884615384616
0 0.2265625 0.23858173076923078 0.042067307692307696 0.037259615384615384
0 0.1280048076923077 0.234375 0.037259615384615384 0.038461538461538464
0 0.10336538461538462 0.2638221153846154 0.04326923076923077 0.042067307692307696
0 0.1700721153846154 0.2638221153846154 0.05168269230769231 0.05168269230769231
0 0.14002403846153846 0.296875 0.05168269230769231 0.04326923076923077
0 0.5168269230769231 0.4338942307692308 0.05288461538461539 0.05048076923076923
0 0.484375 0.4747596153846154 0.05288461538461539 0.05288461538461539
0 0.4645432692307693 0.4993990384615385 0.042067307692307696 0.03966346153846154
0 0.45012019230769235 0.5649038461538461 0.0733173076923077 0.06009615384615385
0 0.4206730769230769 0.6027644230769231 0.05528846153846154 0.06370192307692309
0 0.4747596153846154 0.6466346153846154 0.08653846153846154 0.07692307692307693
0 0.5228365384615384 0.6280048076923077 0.06490384615384616 0.05168269230769231
0 0.5907451923076923 0.44711538461538464 0.07091346153846154 0.06490384615384616
0 0.6370192307692308 0.4885817307692308 0.040865384615384616 0.037259615384615384
0 0.6177884615384616 0.5138221153846154 0.05048076923076923 0.04927884615384616
0 0.5667067307692308 0.4795673076923077 0.08293269230769232 0.07451923076923077
0 0.5408653846153847 0.5168269230769231 0.08173076923076923 0.06730769230769232
0 0.5150240384615384 0.5432692307692308 0.06850961538461539 0.06009615384615385
0 0.5991586538461539 0.5606971153846154 0.0733173076923077 0.06850961538461539
0 0.5775240384615385 0.5919471153846154 0.06850961538461539 0.054086538461538464
0 0.6598557692307693 0.6075721153846154 0.07451923076923077 0.07091346153846154
0 0.6334134615384616 0.6364182692307693 0.06971153846153846 0.06129807692307693
0 0.7295673076923077 0.5582932692307693 0.03365384615384616 0.03485576923076923
0 0.7506009615384616 0.6213942307692308 0.0733173076923077 0.07451923076923077
0 0.7746394230769231 0.59375 0.06850961538461539 0.05528846153846154
0 0.8209134615384616 0.6280048076923077 0.040865384615384616 0.03966346153846154
0 0.7992788461538461 0.6580528846153847 0.05528846153846154 0.05168269230769231
0 0.7674278846153847 0.6905048076923077 0.054086538461538464 0.046875
0 0.7205528846153847 0.6604567307692308 0.0733173076923077 0.06850961538461539
0 0.7463942307692308 0.7247596153846154 0.04807692307692308 0.038461538461538464
0 0.6947115384615385 0.6868990384615385 0.07211538461538462 0.06129807692307693
0 0.7295673076923077 0.7836538461538461 0.04567307692307693 0.05048076923076923
0 0.686298076923077 0.8293269230769231 0.05288461538461539 0.06490384615384616
0 0.3040865384615385 0.9254807692307693 0.028846153846153848 0.026442307692307696
0 0.033052884615384616 0.17848557692307693 0.04447115384615385 0.042067307692307696
