0 0.8028846153846154 0.01622596153846154 0.3125 0.030048076923076924
0 0.7686298076923077 0.048677884615384616 0.29447115384615385 0.022836538461538464
0 0.7307692307692308 0.0811298076923077 0.2956730769230769 0.022836538461538464
0 0.7133413461538461 0.11418269230769232 0.27043269230769235 0.021634615384615384
0 0.7103365384615385 0.14723557692307693 0.20192307692307693 0.022836538461538464
0 0.709735576923077 0.1796875 0.13341346153846154 0.020432692307692308
0 0.709735576923077 0.2139423076923077 0.07091346153846154 0.02403846153846154
0 0.9813701923076924 0.0390625 0.037259615384615384 0.020432692307692308
0 0.9651442307692308 0.06430288461538462 0.06971153846153846 0.020432692307692308
0 0.9513221153846154 0.09194711538461539 0.09735576923076923 0.022836538461538464
0 0.9435096153846154 0.11838942307692309 0.11298076923076923 0.022836538461538464
0 0.9290865384615385 0.14302884615384617 0.14182692307692307 0.026442307692307696
0 0.912860576923077 0.16526442307692307 0.17427884615384617 0.02764423076923077
0 0.9038461538461539 0.19230769230769232 0.19230769230769232 0.026442307692307696
0 0.8912259615384616 0.21574519230769232 0.21754807692307693 0.022836538461538464
0 0.8876201923076924 0.24459134615384617 0.2247596153846154 0.02764423076923077
0 0.8834134615384616 0.2686298076923077 0.23317307692307693 0.02764423076923077
0 0.8858173076923077 0.2902644230769231 0.22836538461538464 0.025240384615384616
0 0.9008413461538463 0.3197115384615385 0.1935096153846154 0.021634615384615384
0 0.8966346153846154 0.3431490384615385 0.16105769230769232 0.018028846153846156
0 0.8960336538461539 0.3701923076923077 0.08533653846153846 0.019230769230769232
0 0.546875 0.15024038461538464 0.07932692307692309 0.021634615384615384
0 0.5462740384615385 0.1875 0.14783653846153846 0.021634615384615384
0 0.5486778846153847 0.22055288461538464 0.21033653846153846 0.022836538461538464
0 0.5444711538461539 0.25240384615384615 0.28365384615384615 0.026442307692307696
0 0.5150240384615384 0.2872596153846154 0.28966346153846156 0.02403846153846154
0 0.4795673076923077 0.31790865384615385 0.3004807692307693 0.022836538461538464
0 0.7049278846153847 0.3203125 0.10216346153846155 0.022836538461538464
0 0.7001201923076924 0.3527644230769231 0.1358173076923077 0.022836538461538464
0 0.7043269230769231 0.375 0.19230769230769232 0.021634615384615384
0 0.7037259615384616 0.39903846153846156 0.2247596153846154 0.026442307692307696
0 0.6995192307692308 0.4254807692307693 0.2884615384615385 0.028846153846153848
0 0.6875 0.4513221153846154 0.3197115384615385 0.030048076923076924
0 0.6652644230769231 0.4753605769230769 0.32091346153846156 0.022836538461538464
0 0.44290865384615385 0.3479567307692308 0.3040865384615385 0.018028846153846156
0 0.41466346153846156 0.38461538461538464 0.31009615384615385 0.02403846153846154
0 0.3810096153846154 0.4176682692307693 0.2956730769230769 0.02764423076923077
0 0.3509615384615385 0.45012019230769235 0.3028846153846154 0.022836538461538464
0 0.3155048076923077 0.4801682692307693 0.30649038461538464 0.022836538461538464
0 0.28125 0.5132211538461539 0.3028846153846154 0.02403846153846154
0 0.2481971153846154 0.5444711538461539 0.30168269230769235 0.026442307692307696
0 0.2139423076923077 0.5805288461538461 0.3028846153846154 0.02403846153846154
0 0.6592548076923077 0.5030048076923077 0.30168269230769235 0.022836538461538464
0 0.6117788461538461 0.5264423076923077 0.3293269230769231 0.026442307692307696
0 0.5877403846153847 0.5516826923076923 0.32211538461538464 0.02403846153846154
0 0.5570913461538461 0.5751201923076923 0.3353365384615385 0.02764423076923077
0 0.53125 0.6015625 0.34134615384615385 0.02764423076923077
0 0.9344951923076924 0.6358173076923077 0.1310096153846154 0.21634615384615385
0 0.9254807692307693 0.6508413461538461 0.14903846153846154 0.21274038461538464
0 0.9182692307692308 0.6676682692307693 0.16346153846153846 0.21274038461538464
0 0.9068509615384616 0.6832932692307693 0.18629807692307693 0.21033653846153846
0 0.8990384615384616 0.7025240384615385 0.20192307692307693 0.21514423076923078
0 0.7163461538461539 0.9621394230769231 0.5673076923076923 0.07572115384615385
0 0.506610576923077 0.6256009615384616 0.3137019230769231 0.02764423076923077
0 0.4753605769230769 0.6508413461538461 0.3353365384615385 0.02764423076923077
0 0.4555288461538462 0.6742788461538461 0.3317307692307693 0.026442307692307696
0 0.4278846153846154 0.6995192307692308 0.31730769230769235 0.026442307692307696
0 0.4026442307692308 0.7265625 0.3293269230769231 0.02764423076923077
0 0.3786057692307693 0.75 0.3197115384615385 0.03365384615384616
0 0.34555288461538464 0.7758413461538461 0.3137019230769231 0.030048076923076924
0 0.32271634615384615 0.7998798076923077 0.32572115384615385 0.03245192307692308
0 0.29927884615384615 0.8275240384615385 0.3293269230769231 0.030048076923076924
0 0.265625 0.850360576923077 0.3245192307692308 0.025240384615384616
0 0.2433894230769231 0.8756009615384616 0.33052884615384615 0.030048076923076924
0 0.21935096153846156 0.9014423076923077 0.33052884615384615 0.026442307692307696
0 0.1856971153846154 0.9254807692307693 0.328125 0.026442307692307696
0 0.16947115384615385 0.9525240384615385 0.32211538461538464 0.02764423076923077
0 0.15384615384615385 0.9729567307692308 0.3076923076923077 0.025240384615384616
0 0.13701923076923078 0.9921875 0.27403846153846156 0.015625
0 0.17848557692307693 0.6105769230769231 0.296875 0.02403846153846154
0 0.14543269230769232 0.6448317307692308 0.29086538461538464 0.025240384615384616
0 0.13401442307692307 0.6772836538461539 0.26802884615384615 0.025240384615384616
0 0.11298076923076923 0.7103365384615385 0.22596153846153846 0.02403846153846154
0 0.09855769230769232 0.7427884615384616 0.19711538461538464 0.026442307692307696
0 0.07992788461538462 0.7764423076923077 0.15985576923076925 0.026442307692307696
0 0.06610576923076923 0.811298076923077 0.13221153846153846 0.02403846153846154
0 0.046274038461538464 0.842548076923077 0.09254807692307693 0.02403846153846154
0 0.028846153846153848 0.8731971153846154 0.057692307692307696 0.02764423076923077
0 0.013221153846153848 0.9068509615384616 0.026442307692307696 0.020432692307692308
