0 0.3425480769230769 0.2614182692307692 0.13942307692307693 0.020432692307692308
0 0.34435096153846156 0.2770432692307693 0.1358173076923077 0.018028846153846156
0 0.3419471153846154 0.29086538461538464 0.140625 0.01682692307692308
0 0.34134615384615385 0.3076923076923077 0.13461538461538464 0.019230769230769232
0 0.34074519230769235 0.32271634615384615 0.1358173076923077 0.022836538461538464
0 0.296875 0.3419471153846154 0.040865384615384616 0.015625
0 0.3713942307692308 0.3587740384615385 0.07451923076923077 0.013221153846153848
0 0.37199519230769235 0.37199519230769235 0.07572115384615385 0.018028846153846156
0 0.3683894230769231 0.3900240384615385 0.06850961538461539 0.018028846153846156
0 0.3701923076923077 0.4056490384615385 0.07211538461538462 0.018028846153846156
0 0.3707932692307693 0.41887019230769235 0.07572115384615385 0.018028846153846156
0 0.36899038461538464 0.4356971153846154 0.06971153846153846 0.020432692307692308
0 0.36778846153846156 0.4513221153846154 0.06730769230769232 0.018028846153846156
0 0.3653846153846154 0.4669471153846154 0.07451923076923077 0.013221153846153848
0 0.36778846153846156 0.4837740384615385 0.06971153846153846 0.018028846153846156
0 0.3653846153846154 0.5024038461538461 0.06730769230769232 0.019230769230769232
0 0.3653846153846154 0.5162259615384616 0.06730769230769232 0.018028846153846156
0 0.5588942307692308 0.5186298076923077 0.07451923076923077 0.018028846153846156
0 0.5631009615384616 0.7776442307692308 0.04927884615384616 0.07211538461538462
