0 0.44230769230769235 0.3359375 0.8846153846153847 0.671875
0 0.46213942307692313 0.3948317307692308 0.8978365384615385 0.7055288461538461
0 0.4807692307692308 0.4681490384615385 0.9038461538461539 0.6983173076923077
0 0.5042067307692308 0.5318509615384616 0.9242788461538463 0.7199519230769231
0 0.5180288461538461 0.6045673076923077 0.9447115384615385 0.7259615384615385
0 0.5270432692307693 0.6538461538461539 0.9459134615384616 0.6923076923076923
0 0.5390625 0.6947115384615385 0.921875 0.6105769230769231
0 0.5420673076923077 0.7247596153846154 0.9158653846153847 0.5504807692307693
0 0.5504807692307693 0.7650240384615385 0.8990384615384616 0.46995192307692313
0 0.5576923076923077 0.8046875 0.8846153846153847 0.390625
0 0.5637019230769231 0.8545673076923077 0.8725961538461539 0.29086538461538464
