0 0.5757211538461539 0.9266826923076924 0.04807692307692308 0.04326923076923077
0 0.5450721153846154 0.5438701923076923 0.03966346153846154 0.018028846153846156
0 0.2247596153846154 0.9152644230769231 0.03605769230769231 0.015625
0 0.3539663461538462 0.5528846153846154 0.037259615384615384 0.057692307692307696
0 0.2878605769230769 0.5438701923076923 0.042067307692307696 0.05168269230769231
0 0.125 0.4591346153846154 0.05288461538461539 0.04807692307692308
0 0.10817307692307693 0.5246394230769231 0.04807692307692308 0.06850961538461539
0 0.11117788461538462 0.5817307692307693 0.037259615384615384 0.057692307692307696
0 0.09254807692307693 0.7307692307692308 0.03125 0.019230769230769232
0 0.030048076923076924 0.7205528846153847 0.06009615384615385 0.03966346153846154
