0 0.2608173076923077 0.13040865384615385 0.16586538461538464 0.17427884615384617
0 0.10637019230769232 0.5414663461538461 0.14543269230769232 0.140625
0 0.05588942307692308 0.6165865384615385 0.11177884615384616 0.14182692307692307
0 0.5252403846153847 0.033052884615384616 0.36778846153846156 0.06610576923076923
0 0.6153846153846154 0.2644230769230769 0.25 0.22596153846153846
0 0.662860576923077 0.6099759615384616 0.171875 0.1935096153846154
0 0.6105769230769231 0.6346153846153847 0.1514423076923077 0.17548076923076925
0 0.019230769230769232 0.6929086538461539 0.038461538461538464 0.140625
0 0.203125 0.772235576923077 0.40625 0.4555288461538462
0 0.44591346153846156 0.9266826923076924 0.23317307692307693 0.1466346153846154
0 0.5036057692307693 0.9591346153846154 0.21634615384615385 0.08173076923076923
0 0.17908653846153846 0.9459134615384616 0.04807692307692308 0.021634615384615384
0 0.17367788461538464 0.9771634615384616 0.09735576923076923 0.02403846153846154
0 0.15504807692307693 0.9963942307692308 0.1201923076923077 0.007211538461538462
