0 0.9927884615384616 0.43509615384615385 0.014423076923076924 0.07692307692307693
0 0.8834134615384616 0.4104567307692308 0.1778846153846154 0.1670673076923077
0 0.6177884615384616 0.5192307692307693 0.24278846153846156 0.23317307692307693
0 0.4981971153846154 0.5078125 0.11418269230769232 0.11177884615384616
0 0.5625 0.4513221153846154 0.12259615384615385 0.109375
0 0.6286057692307693 0.3966346153846154 0.11538461538461539 0.11057692307692309
0 0.7385817307692308 0.6929086538461539 0.11899038461538462 0.11899038461538462
0 0.5552884615384616 0.6965144230769231 0.07692307692307693 0.08052884615384616
0 0.5072115384615384 0.7451923076923077 0.07692307692307693 0.08173076923076923
0 0.4495192307692308 0.7926682692307693 0.0889423076923077 0.08052884615384616
0 0.3936298076923077 0.8407451923076924 0.08774038461538462 0.08052884615384616
0 0.703125 0.6532451923076923 0.12740384615384617 0.11899038461538462
