0 0.5673076923076923 0.0078125 0.3125 0.015625
0 0.5330528846153847 0.033052884615384616 0.29447115384615385 0.022836538461538464
0 0.4951923076923077 0.0655048076923077 0.2956730769230769 0.022836538461538464
0 0.47776442307692313 0.09855769230769232 0.27043269230769235 0.021634615384615384
0 0.4747596153846154 0.13161057692307693 0.20192307692307693 0.022836538461538464
0 0.47415865384615385 0.1640625 0.13341346153846154 0.020432692307692308
0 0.47415865384615385 0.1983173076923077 0.07091346153846154 0.02403846153846154
0 0.756610576923077 0.0234375 0.058894230769230775 0.020432692307692308
0 0.7475961538461539 0.048677884615384616 0.10576923076923078 0.020432692307692308
0 0.7481971153846154 0.07632211538461539 0.1622596153846154 0.022836538461538464
0 0.7578125 0.10276442307692309 0.21274038461538464 0.022836538461538464
0 0.7433894230769231 0.12740384615384617 0.24158653846153846 0.026442307692307696
0 0.7433894230769231 0.14963942307692307 0.30649038461538464 0.02764423076923077
0 0.7325721153846154 0.17668269230769232 0.32091346153846156 0.026442307692307696
0 0.703125 0.20012019230769232 0.3125 0.022836538461538464
0 0.6887019230769231 0.22896634615384617 0.2980769230769231 0.02764423076923077
0 0.6736778846153847 0.2530048076923077 0.2848557692307693 0.02764423076923077
0 0.6592548076923077 0.2746394230769231 0.24639423076923078 0.025240384615384616
0 0.6652644230769231 0.3040865384615385 0.1935096153846154 0.021634615384615384
0 0.6610576923076923 0.3275240384615385 0.16105769230769232 0.018028846153846156
0 0.6604567307692308 0.3545673076923077 0.08533653846153846 0.019230769230769232
0 0.3112980769230769 0.13461538461538464 0.07932692307692309 0.021634615384615384
0 0.3106971153846154 0.171875 0.14783653846153846 0.021634615384615384
0 0.31310096153846156 0.20492788461538464 0.21033653846153846 0.022836538461538464
0 0.3088942307692308 0.23677884615384617 0.28365384615384615 0.026442307692307696
0 0.2794471153846154 0.2716346153846154 0.28966346153846156 0.02403846153846154
0 0.24399038461538464 0.30228365384615385 0.3004807692307693 0.022836538461538464
0 0.46935096153846156 0.3046875 0.10216346153846155 0.022836538461538464
0 0.4645432692307693 0.3371394230769231 0.1358173076923077 0.022836538461538464
0 0.46875 0.359375 0.19230769230769232 0.021634615384615384
0 0.4681490384615385 0.38341346153846156 0.2247596153846154 0.026442307692307696
0 0.4639423076923077 0.4098557692307693 0.2884615384615385 0.028846153846153848
0 0.4519230769230769 0.4356971153846154 0.3197115384615385 0.030048076923076924
0 0.4296875 0.4597355769230769 0.32091346153846156 0.022836538461538464
0 0.20733173076923078 0.3323317307692308 0.3040865384615385 0.018028846153846156
0 0.17908653846153846 0.36899038461538464 0.31009615384615385 0.02403846153846154
0 0.1466346153846154 0.4020432692307693 0.2932692307692308 0.02764423076923077
0 0.13341346153846154 0.43449519230769235 0.2668269230769231 0.022836538461538464
0 0.11658653846153846 0.4645432692307693 0.23317307692307693 0.022836538461538464
0 0.09855769230769232 0.49759615384615385 0.19711538461538464 0.02403846153846154
0 0.08173076923076923 0.5288461538461539 0.16346153846153846 0.026442307692307696
0 0.06490384615384616 0.5649038461538461 0.12980769230769232 0.02403846153846154
0 0.42367788461538464 0.4873798076923077 0.30168269230769235 0.022836538461538464
0 0.3762019230769231 0.5108173076923077 0.3293269230769231 0.026442307692307696
0 0.35216346153846156 0.5360576923076923 0.32211538461538464 0.02403846153846154
0 0.3215144230769231 0.5594951923076923 0.3353365384615385 0.02764423076923077
0 0.2956730769230769 0.5859375 0.34134615384615385 0.02764423076923077
0 0.7361778846153847 0.6201923076923077 0.20552884615384617 0.21634615384615385
0 0.7169471153846154 0.6352163461538461 0.203125 0.21274038461538464
0 0.7013221153846154 0.6520432692307693 0.20072115384615385 0.21274038461538464
0 0.6838942307692308 0.6676682692307693 0.21153846153846156 0.21033653846153846
0 0.6688701923076923 0.6868990384615385 0.21274038461538464 0.21514423076923078
0 0.5186298076923077 0.9543269230769231 0.6430288461538461 0.09134615384615385
0 0.27103365384615385 0.6099759615384616 0.3137019230769231 0.02764423076923077
0 0.23978365384615385 0.6352163461538461 0.3353365384615385 0.02764423076923077
0 0.2199519230769231 0.6586538461538461 0.3317307692307693 0.026442307692307696
0 0.19230769230769232 0.6838942307692308 0.31730769230769235 0.026442307692307696
0 0.1670673076923077 0.7109375 0.3293269230769231 0.02764423076923077
0 0.1514423076923077 0.734375 0.3028846153846154 0.03365384615384616
0 0.13341346153846154 0.7602163461538461 0.2668269230769231 0.030048076923076924
0 0.125 0.7842548076923077 0.25 0.03245192307692308
0 0.11418269230769232 0.8118990384615385 0.22836538461538464 0.030048076923076924
0 0.09615384615384616 0.834735576923077 0.19230769230769232 0.025240384615384616
0 0.08653846153846154 0.8599759615384616 0.17307692307692307 0.030048076923076924
0 0.07451923076923077 0.8858173076923077 0.14903846153846154 0.026442307692307696
0 0.05709134615384616 0.9098557692307693 0.11418269230769232 0.026442307692307696
0 0.04747596153846154 0.9368990384615385 0.09495192307692309 0.02764423076923077
0 0.03605769230769231 0.9573317307692308 0.07211538461538462 0.025240384615384616
0 0.019230769230769232 0.9837740384615385 0.038461538461538464 0.030048076923076924
0 0.04567307692307693 0.5949519230769231 0.09134615384615385 0.02403846153846154
0 0.02764423076923077 0.6292067307692308 0.05528846153846154 0.025240384615384616
0 0.01622596153846154 0.6616586538461539 0.03245192307692308 0.025240384615384616
