0 0.18629807692307693 0.5396634615384616 0.05288461538461539 0.05048076923076923
0 0.15384615384615385 0.5805288461538461 0.05288461538461539 0.05288461538461539
0 0.13401442307692307 0.6051682692307693 0.042067307692307696 0.03966346153846154
0 0.11959134615384616 0.670673076923077 0.0733173076923077 0.06009615384615385
0 0.09014423076923077 0.7085336538461539 0.05528846153846154 0.06370192307692309
0 0.14423076923076925 0.7524038461538461 0.08653846153846154 0.07692307692307693
0 0.19230769230769232 0.7337740384615385 0.06490384615384616 0.05168269230769231
0 0.26021634615384615 0.5528846153846154 0.07091346153846154 0.06490384615384616
0 0.30649038461538464 0.5943509615384616 0.040865384615384616 0.037259615384615384
0 0.2872596153846154 0.6195913461538461 0.05048076923076923 0.04927884615384616
0 0.23617788461538464 0.5853365384615385 0.08293269230769232 0.07451923076923077
0 0.21033653846153846 0.6225961538461539 0.08173076923076923 0.06730769230769232
0 0.18449519230769232 0.6490384615384616 0.06850961538461539 0.06009615384615385
0 0.2686298076923077 0.6664663461538461 0.0733173076923077 0.06850961538461539
0 0.24699519230769232 0.6977163461538461 0.06850961538461539 0.054086538461538464
0 0.3293269230769231 0.7133413461538461 0.07451923076923077 0.07091346153846154
0 0.3028846153846154 0.7421875 0.06971153846153846 0.06129807692307693
0 0.39903846153846156 0.6640625 0.03365384615384616 0.03485576923076923
0 0.4200721153846154 0.7271634615384616 0.0733173076923077 0.07451923076923077
0 0.4441105769230769 0.6995192307692308 0.06850961538461539 0.05528846153846154
0 0.4903846153846154 0.7337740384615385 0.040865384615384616 0.03966346153846154
0 0.46875 0.7638221153846154 0.05528846153846154 0.05168269230769231
0 0.4368990384615385 0.7962740384615385 0.054086538461538464 0.046875
0 0.3900240384615385 0.7662259615384616 0.0733173076923077 0.06850961538461539
0 0.41586538461538464 0.8305288461538461 0.04807692307692308 0.038461538461538464
0 0.36418269230769235 0.7926682692307693 0.07211538461538462 0.06129807692307693
0 0.39903846153846156 0.889423076923077 0.04567307692307693 0.05048076923076923
0 0.3557692307692308 0.9350961538461539 0.05288461538461539 0.06490384615384616
0 0.7686298076923077 0.17127403846153846 0.056490384615384616 0.08052884615384616
