0 0.02764423076923077 0.5294471153846154 0.05528846153846154 0.11418269230769232
0 0.6742788461538461 0.05829326923076923 0.09375 0.08052884615384616
0 0.8052884615384616 0.6893028846153847 0.08173076923076923 0.030048076923076924
0 0.7235576923076924 0.6646634615384616 0.08413461538461539 0.028846153846153848
0 0.6430288461538461 0.6568509615384616 0.06009615384615385 0.03245192307692308
0 0.6802884615384616 0.6802884615384616 0.14423076923076925 0.05048076923076923
0 0.7193509615384616 0.678485576923077 0.07572115384615385 0.030048076923076924
0 0.8040865384615385 0.7025240384615385 0.08173076923076923 0.030048076923076924
0 0.7992788461538461 0.7157451923076924 0.07932692307692309 0.030048076923076924
0 0.7944711538461539 0.7283653846153847 0.07932692307692309 0.03125
0 0.6760817307692308 0.6977163461538461 0.14783653846153846 0.04927884615384616
0 0.6736778846153847 0.7079326923076924 0.14543269230769232 0.05048076923076923
0 0.6682692307692308 0.7229567307692308 0.1514423076923077 0.054086538461538464
0 0.7890625 0.7397836538461539 0.08052884615384616 0.037259615384615384
0 0.7860576923076924 0.7548076923076924 0.07932692307692309 0.03365384615384616
0 0.7824519230769231 0.7716346153846154 0.07932692307692309 0.03125
0 0.6989182692307693 0.7481971153846154 0.07572115384615385 0.03245192307692308
