0 0.6382211538461539 0.025841346153846156 0.14423076923076925 0.025240384615384616
0 0.6412259615384616 0.06009615384615385 0.203125 0.026442307692307696
0 0.6418269230769231 0.09375 0.2716346153846154 0.02403846153846154
0 0.6177884615384616 0.12560096153846154 0.3125 0.030048076923076924
0 0.5835336538461539 0.15805288461538464 0.29447115384615385 0.022836538461538464
0 0.545673076923077 0.1905048076923077 0.2956730769230769 0.022836538461538464
0 0.5282451923076923 0.22355769230769232 0.27043269230769235 0.021634615384615384
0 0.5252403846153847 0.2566105769230769 0.20192307692307693 0.022836538461538464
0 0.5246394230769231 0.2890625 0.13341346153846154 0.020432692307692308
0 0.5246394230769231 0.3233173076923077 0.07091346153846154 0.02403846153846154
0 0.8070913461538461 0.1484375 0.058894230769230775 0.020432692307692308
0 0.7980769230769231 0.17367788461538464 0.10576923076923078 0.020432692307692308
0 0.7986778846153847 0.2013221153846154 0.1622596153846154 0.022836538461538464
0 0.8082932692307693 0.2277644230769231 0.21274038461538464 0.022836538461538464
0 0.7938701923076924 0.25240384615384615 0.24158653846153846 0.026442307692307696
0 0.7938701923076924 0.2746394230769231 0.30649038461538464 0.02764423076923077
0 0.7830528846153847 0.30168269230769235 0.32091346153846156 0.026442307692307696
0 0.7536057692307693 0.32512019230769235 0.3125 0.022836538461538464
0 0.7391826923076924 0.3539663461538462 0.2980769230769231 0.02764423076923077
0 0.7241586538461539 0.3780048076923077 0.2848557692307693 0.02764423076923077
0 0.709735576923077 0.3996394230769231 0.24639423076923078 0.025240384615384616
0 0.7157451923076924 0.4290865384615385 0.1935096153846154 0.021634615384615384
0 0.7115384615384616 0.4525240384615385 0.16105769230769232 0.018028846153846156
0 0.7109375 0.4795673076923077 0.08533653846153846 0.019230769230769232
0 0.3617788461538462 0.25961538461538464 0.07932692307692309 0.021634615384615384
0 0.36117788461538464 0.296875 0.14783653846153846 0.021634615384615384
0 0.3635817307692308 0.32992788461538464 0.21033653846153846 0.022836538461538464
0 0.359375 0.3617788461538462 0.28365384615384615 0.026442307692307696
0 0.32992788461538464 0.3966346153846154 0.28966346153846156 0.02403846153846154
0 0.29447115384615385 0.42728365384615385 0.3004807692307693 0.022836538461538464
0 0.5198317307692308 0.4296875 0.10216346153846155 0.022836538461538464
0 0.5150240384615384 0.46213942307692313 0.1358173076923077 0.022836538461538464
0 0.5192307692307693 0.484375 0.19230769230769232 0.021634615384615384
0 0.5186298076923077 0.5084134615384616 0.2247596153846154 0.026442307692307696
0 0.514423076923077 0.5348557692307693 0.2884615384615385 0.028846153846153848
0 0.5024038461538461 0.5606971153846154 0.3197115384615385 0.030048076923076924
0 0.4801682692307693 0.584735576923077 0.32091346153846156 0.022836538461538464
0 0.2578125 0.4573317307692308 0.3040865384615385 0.018028846153846156
0 0.2295673076923077 0.49399038461538464 0.31009615384615385 0.02403846153846154
0 0.19591346153846154 0.5270432692307693 0.2956730769230769 0.02764423076923077
0 0.16586538461538464 0.5594951923076923 0.3028846153846154 0.022836538461538464
0 0.14182692307692307 0.5895432692307693 0.28365384615384615 0.022836538461538464
0 0.12379807692307693 0.6225961538461539 0.24759615384615385 0.02403846153846154
0 0.10697115384615385 0.6538461538461539 0.2139423076923077 0.026442307692307696
0 0.09014423076923077 0.6899038461538461 0.18028846153846154 0.02403846153846154
0 0.47415865384615385 0.6123798076923077 0.30168269230769235 0.022836538461538464
0 0.42668269230769235 0.6358173076923077 0.3293269230769231 0.026442307692307696
0 0.4026442307692308 0.6610576923076923 0.32211538461538464 0.02403846153846154
0 0.37199519230769235 0.6844951923076923 0.3353365384615385 0.02764423076923077
0 0.34615384615384615 0.7109375 0.34134615384615385 0.02764423076923077
0 0.7866586538461539 0.7451923076923077 0.20552884615384617 0.21634615384615385
0 0.7674278846153847 0.7602163461538461 0.203125 0.21274038461538464
0 0.7518028846153847 0.7770432692307693 0.20072115384615385 0.21274038461538464
0 0.734375 0.7926682692307693 0.21153846153846156 0.21033653846153846
0 0.7193509615384616 0.8118990384615385 0.21274038461538464 0.21514423076923078
0 0.3215144230769231 0.7349759615384616 0.3137019230769231 0.02764423076923077
0 0.2902644230769231 0.7602163461538461 0.3353365384615385 0.02764423076923077
0 0.27043269230769235 0.7836538461538461 0.3317307692307693 0.026442307692307696
0 0.24278846153846156 0.8088942307692308 0.31730769230769235 0.026442307692307696
0 0.21754807692307693 0.8359375 0.3293269230769231 0.02764423076923077
0 0.1935096153846154 0.859375 0.3197115384615385 0.03365384615384616
0 0.16045673076923078 0.8852163461538463 0.3137019230769231 0.030048076923076924
0 0.15024038461538464 0.9092548076923077 0.3004807692307693 0.03245192307692308
0 0.13942307692307693 0.9368990384615385 0.27884615384615385 0.030048076923076924
0 0.12139423076923078 0.959735576923077 0.24278846153846156 0.025240384615384616
0 0.11177884615384616 0.9849759615384616 0.22355769230769232 0.030048076923076924
0 0.07091346153846154 0.7199519230769231 0.14182692307692307 0.02403846153846154
0 0.05288461538461539 0.7542067307692308 0.10576923076923078 0.025240384615384616
0 0.04146634615384616 0.7866586538461539 0.08293269230769232 0.025240384615384616
0 0.020432692307692308 0.8197115384615385 0.040865384615384616 0.02403846153846154
