0 0.09555288461538462 0.5799278846153847 0.056490384615384616 0.054086538461538464
0 0.17668269230769232 0.5931490384615385 0.09375 0.08293269230769232
0 0.4609375 0.3539663461538462 0.05168269230769231 0.08052884615384616
0 0.4441105769230769 0.31310096153846156 0.09495192307692309 0.14543269230769232
0 0.5048076923076923 0.32872596153846156 0.08653846153846154 0.15504807692307693
0 0.4963942307692308 0.5793269230769231 0.06971153846153846 0.04326923076923077
0 0.36418269230769235 0.8521634615384616 0.09615384615384616 0.06730769230769232
0 0.5625 0.8185096153846154 0.06730769230769232 0.05288461538461539
0 0.6045673076923077 0.9603365384615385 0.05288461538461539 0.028846153846153848
0 0.8311298076923077 0.8275240384615385 0.058894230769230775 0.03245192307692308
0 0.8311298076923077 0.6310096153846154 0.06850961538461539 0.028846153846153848
0 0.9861778846153847 0.2980769230769231 0.02764423076923077 0.021634615384615384
