0 0.2530048076923077 0.24759615384615385 0.12379807692307693 0.13942307692307693
0 0.34435096153846156 0.18509615384615385 0.13341346153846154 0.13461538461538464
0 0.4411057692307693 0.12860576923076925 0.125 0.13701923076923078
0 0.5258413461538461 0.07091346153846154 0.10697115384615385 0.12980769230769232
0 0.7962740384615385 0.058894230769230775 0.07091346153846154 0.0889423076923077
0 0.7746394230769231 0.07451923076923077 0.07572115384615385 0.09615384615384616
0 0.703125 0.11478365384615385 0.07451923076923077 0.09975961538461539
0 0.6802884615384616 0.1328125 0.08173076923076923 0.08774038461538462
0 0.6123798076923077 0.171875 0.07091346153846154 0.09855769230769232
0 0.5817307692307693 0.19411057692307693 0.0889423076923077 0.09735576923076923
0 0.5564903846153847 0.21454326923076925 0.07451923076923077 0.09495192307692309
0 0.4837740384615385 0.2536057692307692 0.078125 0.09855769230769232
0 0.4609375 0.2728365384615385 0.07572115384615385 0.09134615384615385
0 0.3894230769230769 0.3155048076923077 0.07451923076923077 0.09254807692307693
0 0.3659855769230769 0.3323317307692308 0.08293269230769232 0.09735576923076923
0 0.43810096153846156 0.4483173076923077 0.09735576923076923 0.12980769230769232
0 0.46935096153846156 0.4290865384615385 0.10697115384615385 0.13461538461538464
0 0.5246394230769231 0.39122596153846156 0.109375 0.13341346153846154
0 0.5600961538461539 0.3683894230769231 0.11057692307692309 0.12620192307692307
0 0.6183894230769231 0.3317307692307693 0.11177884615384616 0.13461538461538464
0 0.6556490384615385 0.3112980769230769 0.10697115384615385 0.13461538461538464
0 0.6887019230769231 0.2854567307692308 0.10336538461538462 0.13341346153846154
0 0.75 0.25 0.10817307692307693 0.13461538461538464
0 0.7824519230769231 0.2265625 0.10817307692307693 0.1310096153846154
0 0.8383413461538461 0.19471153846153846 0.10697115384615385 0.13461538461538464
0 0.8677884615384616 0.171875 0.10096153846153846 0.12740384615384617
0 0.8918269230769231 0.29927884615384615 0.0625 0.08173076923076923
0 0.8461538461538463 0.32572115384615385 0.08173076923076923 0.09375
0 0.8137019230769231 0.3473557692307693 0.08413461538461539 0.09375
0 0.7530048076923077 0.3864182692307693 0.08533653846153846 0.09014423076923077
0 0.7193509615384616 0.40685096153846156 0.08293269230769232 0.09495192307692309
0 0.6838942307692308 0.4278846153846154 0.07932692307692309 0.09134615384615385
0 0.623798076923077 0.46875 0.07932692307692309 0.0889423076923077
0 0.5901442307692308 0.48978365384615385 0.07692307692307693 0.09735576923076923
0 0.5318509615384616 0.5264423076923077 0.07572115384615385 0.09375
0 0.5018028846153847 0.5486778846153847 0.07572115384615385 0.08774038461538462
0 0.13341346153846154 0.5204326923076923 0.2668269230769231 0.4254807692307693
0 0.07271634615384616 0.6634615384615385 0.14543269230769232 0.31490384615384615
0 0.01983173076923077 0.7415865384615385 0.03966346153846154 0.3293269230769231
0 0.09254807692307693 0.6430288461538461 0.18509615384615385 0.3076923076923077
0 0.20853365384615385 0.4807692307692308 0.33774038461538464 0.4278846153846154
