0 0.7848557692307693 0.015625 0.3028846153846154 0.02403846153846154
0 0.9801682692307693 0.01201923076923077 0.03966346153846154 0.02403846153846154
0 0.9657451923076924 0.03665865384615385 0.06850961538461539 0.02764423076923077
0 0.9603365384615385 0.06069711538461539 0.07932692307692309 0.02764423076923077
0 0.9393028846153847 0.0859375 0.12139423076923078 0.02764423076923077
0 0.9302884615384616 0.109375 0.13942307692307693 0.026442307692307696
0 0.9200721153846154 0.13461538461538464 0.15985576923076925 0.026442307692307696
0 0.9044471153846154 0.16165865384615385 0.19110576923076925 0.02764423076923077
0 0.8948317307692308 0.18509615384615385 0.21033653846153846 0.03365384615384616
0 0.8798076923076924 0.2109375 0.2403846153846154 0.030048076923076924
0 0.8653846153846154 0.23497596153846156 0.2692307692307693 0.03245192307692308
0 0.8527644230769231 0.26262019230769235 0.29447115384615385 0.030048076923076924
0 0.8365384615384616 0.2854567307692308 0.3245192307692308 0.025240384615384616
0 0.8143028846153847 0.3106971153846154 0.33052884615384615 0.030048076923076924
0 0.7902644230769231 0.33653846153846156 0.33052884615384615 0.026442307692307696
0 0.756610576923077 0.3605769230769231 0.328125 0.026442307692307696
0 0.7403846153846154 0.38762019230769235 0.32211538461538464 0.02764423076923077
0 0.7211538461538461 0.40805288461538464 0.31490384615384615 0.025240384615384616
0 0.7025240384615385 0.43449519230769235 0.2848557692307693 0.030048076923076924
0 0.6947115384615385 0.45793269230769235 0.2572115384615385 0.021634615384615384
0 0.7055288461538461 0.4867788461538462 0.19230769230769232 0.026442307692307696
0 0.6953125 0.5096153846153847 0.140625 0.019230769230769232
0 0.6935096153846154 0.537860576923077 0.09855769230769232 0.020432692307692308
0 0.6971153846153847 0.5643028846153847 0.06009615384615385 0.020432692307692308
0 0.7493990384615385 0.04567307692307693 0.296875 0.02403846153846154
0 0.7121394230769231 0.07992788461538462 0.29927884615384615 0.025240384615384616
0 0.6820913461538461 0.1123798076923077 0.3137019230769231 0.025240384615384616
0 0.6448317307692308 0.14543269230769232 0.3040865384615385 0.02403846153846154
0 0.615985576923077 0.1778846153846154 0.3040865384615385 0.026442307692307696
0 0.5793269230769231 0.21153846153846156 0.3028846153846154 0.026442307692307696
0 0.5528846153846154 0.24639423076923078 0.3004807692307693 0.02403846153846154
0 0.5330528846153847 0.2776442307692308 0.2608173076923077 0.02403846153846154
0 0.5258413461538461 0.3082932692307693 0.20552884615384617 0.02764423076923077
0 0.5270432692307693 0.3419471153846154 0.140625 0.020432692307692308
0 0.5276442307692308 0.375 0.07692307692307693 0.021634615384615384
0 0.13401442307692307 0.5270432692307693 0.16947115384615385 0.171875
0 0.28305288461538464 0.7235576923076924 0.1935096153846154 0.19711538461538464
0 0.19230769230769232 0.8058894230769231 0.19230769230769232 0.1983173076923077
0 0.09375 0.8882211538461539 0.1875 0.19230769230769232
0 0.4332932692307693 0.8840144230769231 0.07572115384615385 0.03245192307692308
0 0.4260817307692308 0.9110576923076924 0.1045673076923077 0.04326923076923077
0 0.41947115384615385 0.9356971153846154 0.1514423076923077 0.054086538461538464
0 0.4074519230769231 0.9633413461538463 0.2139423076923077 0.06370192307692309
0 0.40024038461538464 0.9759615384615385 0.2644230769230769 0.04807692307692308
0 0.944110576923077 0.8731971153846154 0.11177884615384616 0.21514423076923078
0 0.046274038461538464 0.9344951923076924 0.09254807692307693 0.1310096153846154
0 0.38461538461538464 0.9849759615384616 0.3245192307692308 0.030048076923076924
