0 0.1808894230769231 0.05168269230769231 0.17427884615384617 0.10336538461538462
0 0.3058894230769231 0.109375 0.16947115384615385 0.15384615384615385
0 0.4254807692307693 0.19290865384615385 0.17067307692307693 0.1622596153846154
0 0.7223557692307693 0.3419471153846154 0.24759615384615385 0.20793269230769232
0 0.5949519230769231 0.6586538461538461 0.17548076923076925 0.1826923076923077
0 0.4879807692307693 0.53125 0.057692307692307696 0.040865384615384616
0 0.5582932692307693 0.5787259615384616 0.037259615384615384 0.02764423076923077
0 0.5096153846153847 0.5679086538461539 0.11538461538461539 0.08052884615384616
0 0.5012019230769231 0.5799278846153847 0.11778846153846155 0.08052884615384616
0 0.49278846153846156 0.5955528846153847 0.11538461538461539 0.08052884615384616
0 0.4831730769230769 0.608173076923077 0.11298076923076923 0.07692307692307693
0 0.5102163461538461 0.6448317307692308 0.04447115384615385 0.030048076923076924
0 0.4963942307692308 0.6556490384615385 0.04326923076923077 0.037259615384615384
0 0.4915865384615385 0.6742788461538461 0.04326923076923077 0.03125
