0 0.328125 0.3888221153846154 0.16586538461538464 0.17427884615384617
0 0.17367788461538464 0.7998798076923077 0.14543269230769232 0.140625
0 0.10697115384615385 0.875 0.14423076923076925 0.14182692307692307
0 0.592548076923077 0.1622596153846154 0.36778846153846156 0.3245192307692308
0 0.6826923076923077 0.5228365384615384 0.25 0.22596153846153846
0 0.6520432692307693 0.12560096153846154 0.3497596153846154 0.2512019230769231
0 0.8786057692307693 0.05528846153846154 0.18990384615384617 0.11057692307692309
0 0.7301682692307693 0.8683894230769231 0.171875 0.1935096153846154
0 0.6778846153846154 0.8930288461538463 0.1514423076923077 0.17548076923076925
0 0.05288461538461539 0.9405048076923077 0.10576923076923078 0.11899038461538462
0 0.23677884615384617 0.9014423076923077 0.47355769230769235 0.19711538461538464
