0 0.6832932692307693 0.24639423076923078 0.078125 0.08413461538461539
0 0.701923076923077 0.3004807692307693 0.07211538461538462 0.07451923076923077
0 0.7235576923076924 0.359375 0.07211538461538462 0.07932692307692309
0 0.6724759615384616 0.38461538461538464 0.07572115384615385 0.08653846153846154
0 0.6484375 0.32512019230769235 0.08052884615384616 0.07572115384615385
0 0.6340144230769231 0.26322115384615385 0.06370192307692309 0.08653846153846154
0 0.43930288461538464 0.2794471153846154 0.04447115384615385 0.037259615384615384
0 0.390625 0.3984375 0.07211538461538462 0.10216346153846155
0 0.4284855769230769 0.4885817307692308 0.06850961538461539 0.09495192307692309
0 0.36418269230769235 0.47055288461538464 0.13942307692307693 0.27524038461538464
0 0.6009615384615385 0.9759615384615385 0.14903846153846154 0.04807692307692308
0 0.7367788461538461 0.9771634615384616 0.0889423076923077 0.04567307692307693
0 0.795673076923077 0.9609375 0.08653846153846154 0.078125
