0 0.6201923076923077 0.38461538461538464 0.07451923076923077 0.021634615384615384
0 0.6129807692307693 0.4200721153846154 0.14423076923076925 0.025240384615384616
0 0.615985576923077 0.45432692307692313 0.203125 0.026442307692307696
0 0.6165865384615385 0.4879807692307693 0.2716346153846154 0.02403846153846154
0 0.592548076923077 0.5198317307692308 0.3125 0.030048076923076924
0 0.5582932692307693 0.5522836538461539 0.29447115384615385 0.022836538461538464
0 0.5204326923076923 0.584735576923077 0.2956730769230769 0.022836538461538464
0 0.5030048076923077 0.6177884615384616 0.27043269230769235 0.021634615384615384
0 0.5 0.6508413461538461 0.20192307692307693 0.022836538461538464
0 0.4993990384615385 0.6832932692307693 0.13341346153846154 0.020432692307692308
0 0.4993990384615385 0.717548076923077 0.07091346153846154 0.02403846153846154
0 0.7818509615384616 0.5426682692307693 0.058894230769230775 0.020432692307692308
0 0.7728365384615385 0.5679086538461539 0.10576923076923078 0.020432692307692308
0 0.7734375 0.5955528846153847 0.1622596153846154 0.022836538461538464
0 0.7830528846153847 0.6219951923076923 0.21274038461538464 0.022836538461538464
0 0.7686298076923077 0.6466346153846154 0.24158653846153846 0.026442307692307696
0 0.7686298076923077 0.6688701923076923 0.30649038461538464 0.02764423076923077
0 0.7578125 0.6959134615384616 0.32091346153846156 0.026442307692307696
0 0.7283653846153847 0.7193509615384616 0.3125 0.022836538461538464
0 0.7139423076923077 0.7481971153846154 0.2980769230769231 0.02764423076923077
0 0.6989182692307693 0.772235576923077 0.2848557692307693 0.02764423076923077
0 0.6844951923076923 0.7938701923076924 0.24639423076923078 0.025240384615384616
0 0.6905048076923077 0.8233173076923077 0.1935096153846154 0.021634615384615384
0 0.686298076923077 0.8467548076923077 0.16105769230769232 0.018028846153846156
0 0.6856971153846154 0.873798076923077 0.08533653846153846 0.019230769230769232
0 0.33653846153846156 0.6538461538461539 0.07932692307692309 0.021634615384615384
0 0.3359375 0.6911057692307693 0.14783653846153846 0.021634615384615384
0 0.33834134615384615 0.7241586538461539 0.21033653846153846 0.022836538461538464
0 0.3341346153846154 0.7560096153846154 0.28365384615384615 0.026442307692307696
0 0.3046875 0.7908653846153847 0.28966346153846156 0.02403846153846154
0 0.2692307692307693 0.8215144230769231 0.3004807692307693 0.022836538461538464
0 0.4945913461538462 0.8239182692307693 0.10216346153846155 0.022836538461538464
0 0.48978365384615385 0.8563701923076924 0.1358173076923077 0.022836538461538464
0 0.49399038461538464 0.8786057692307693 0.19230769230769232 0.021634615384615384
0 0.49338942307692313 0.9026442307692308 0.2247596153846154 0.026442307692307696
0 0.48918269230769235 0.9290865384615385 0.2884615384615385 0.028846153846153848
0 0.47716346153846156 0.9549278846153847 0.3197115384615385 0.030048076923076924
0 0.45492788461538464 0.9789663461538463 0.32091346153846156 0.022836538461538464
0 0.2325721153846154 0.8515625 0.3040865384615385 0.018028846153846156
0 0.2043269230769231 0.8882211538461539 0.31009615384615385 0.02403846153846154
0 0.17067307692307693 0.9212740384615385 0.2956730769230769 0.02764423076923077
0 0.14603365384615385 0.9537259615384616 0.2920673076923077 0.022836538461538464
0 0.12920673076923078 0.9837740384615385 0.25841346153846156 0.022836538461538464
0 0.4489182692307693 0.9975961538461539 0.30168269230769235 0.004807692307692308
