0 0.9314903846153847 0.1592548076923077 0.13701923076923078 0.1670673076923077
0 0.686298076923077 0.26802884615384615 0.24278846153846156 0.23317307692307693
0 0.5667067307692308 0.2566105769230769 0.11418269230769232 0.11177884615384616
0 0.6310096153846154 0.20012019230769232 0.12259615384615385 0.109375
0 0.6971153846153847 0.14543269230769232 0.11538461538461539 0.11057692307692309
0 0.8070913461538461 0.4417067307692308 0.11899038461538462 0.11899038461538462
0 0.623798076923077 0.4453125 0.07692307692307693 0.08052884615384616
0 0.5757211538461539 0.49399038461538464 0.07692307692307693 0.08173076923076923
0 0.5180288461538461 0.5414663461538461 0.0889423076923077 0.08052884615384616
0 0.46213942307692313 0.5895432692307693 0.08774038461538462 0.08052884615384616
0 0.7716346153846154 0.4020432692307693 0.12740384615384617 0.11899038461538462
