0 0.2932692307692308 0.1466346153846154 0.07451923076923077 0.021634615384615384
0 0.28605769230769235 0.18209134615384617 0.14423076923076925 0.025240384615384616
0 0.2890625 0.21634615384615385 0.203125 0.026442307692307696
0 0.28966346153846156 0.25 0.2716346153846154 0.02403846153846154
0 0.265625 0.28185096153846156 0.3125 0.030048076923076924
0 0.23137019230769232 0.31430288461538464 0.29447115384615385 0.022836538461538464
0 0.1935096153846154 0.3467548076923077 0.2956730769230769 0.022836538461538464
0 0.17608173076923078 0.37980769230769235 0.27043269230769235 0.021634615384615384
0 0.17307692307692307 0.4128605769230769 0.20192307692307693 0.022836538461538464
0 0.17247596153846154 0.4453125 0.13341346153846154 0.020432692307692308
0 0.17247596153846154 0.4795673076923077 0.07091346153846154 0.02403846153846154
0 0.45492788461538464 0.3046875 0.058894230769230775 0.020432692307692308
0 0.44591346153846156 0.32992788461538464 0.10576923076923078 0.020432692307692308
0 0.44651442307692313 0.3575721153846154 0.1622596153846154 0.022836538461538464
0 0.4561298076923077 0.3840144230769231 0.21274038461538464 0.022836538461538464
0 0.4417067307692308 0.4086538461538462 0.24158653846153846 0.026442307692307696
0 0.4417067307692308 0.43088942307692313 0.30649038461538464 0.02764423076923077
0 0.43088942307692313 0.45793269230769235 0.32091346153846156 0.026442307692307696
0 0.4014423076923077 0.48137019230769235 0.3125 0.022836538461538464
0 0.3870192307692308 0.5102163461538461 0.2980769230769231 0.02764423076923077
0 0.37199519230769235 0.5342548076923077 0.2848557692307693 0.02764423076923077
0 0.3575721153846154 0.5558894230769231 0.24639423076923078 0.025240384615384616
0 0.3635817307692308 0.5853365384615385 0.1935096153846154 0.021634615384615384
0 0.359375 0.6087740384615385 0.16105769230769232 0.018028846153846156
0 0.3587740384615385 0.6358173076923077 0.08533653846153846 0.019230769230769232
0 0.02463942307692308 0.41586538461538464 0.04927884615384616 0.021634615384615384
0 0.04146634615384616 0.453125 0.08293269230769232 0.021634615384615384
0 0.05829326923076923 0.48617788461538464 0.11658653846153846 0.022836538461538464
0 0.07451923076923077 0.5180288461538461 0.14903846153846154 0.026442307692307696
0 0.06129807692307693 0.5528846153846154 0.12259615384615385 0.02403846153846154
0 0.046274038461538464 0.5835336538461539 0.09254807692307693 0.022836538461538464
0 0.16766826923076925 0.5859375 0.10216346153846155 0.022836538461538464
0 0.16286057692307693 0.6183894230769231 0.1358173076923077 0.022836538461538464
0 0.1670673076923077 0.640625 0.19230769230769232 0.021634615384615384
0 0.16646634615384617 0.6646634615384616 0.2247596153846154 0.026442307692307696
0 0.1622596153846154 0.6911057692307693 0.2884615384615385 0.028846153846153848
0 0.15504807692307693 0.7169471153846154 0.31009615384615385 0.030048076923076924
0 0.14423076923076925 0.740985576923077 0.2884615384615385 0.022836538461538464
0 0.028846153846153848 0.6135817307692308 0.057692307692307696 0.018028846153846156
0 0.01622596153846154 0.6502403846153847 0.03245192307692308 0.02403846153846154
0 0.13641826923076925 0.7686298076923077 0.2728365384615385 0.022836538461538464
0 0.11959134615384616 0.7920673076923077 0.23918269230769232 0.026442307692307696
0 0.10576923076923078 0.8173076923076924 0.21153846153846156 0.02403846153846154
0 0.09375 0.8407451923076924 0.1875 0.02764423076923077
0 0.08233173076923077 0.8671875 0.16466346153846154 0.02764423076923077
0 0.96875 0.9819711538461539 0.0625 0.03605769230769231
0 0.9609375 0.9945913461538463 0.078125 0.010817307692307692
0 0.43449519230769235 0.8966346153846154 0.20552884615384617 0.20673076923076925
0 0.4152644230769231 0.905048076923077 0.203125 0.18990384615384617
0 0.3996394230769231 0.9134615384615385 0.20072115384615385 0.17307692307692307
0 0.3822115384615385 0.921875 0.21153846153846156 0.15625
0 0.3671875 0.9302884615384616 0.21274038461538464 0.13942307692307693
0 0.06310096153846154 0.8912259615384616 0.12620192307692307 0.02764423076923077
0 0.05288461538461539 0.9164663461538463 0.10576923076923078 0.02764423076923077
0 0.042067307692307696 0.9399038461538463 0.08413461538461539 0.026442307692307696
0 0.02463942307692308 0.9651442307692308 0.04927884615384616 0.026442307692307696
