0 0.8960336538461539 0.09555288461538462 0.030048076923076924 0.03485576923076923
0 0.9008413461538463 0.40384615384615385 0.09735576923076923 0.125
0 0.592548076923077 0.4489182692307693 0.06490384615384616 0.05168269230769231
0 0.545673076923077 0.38040865384615385 0.06971153846153846 0.06370192307692309
0 0.7824519230769231 0.5258413461538461 0.028846153846153848 0.022836538461538464
0 0.65625 0.6514423076923077 0.0625 0.057692307692307696
0 0.3203125 0.9423076923076924 0.042067307692307696 0.04807692307692308
0 0.29867788461538464 0.9897836538461539 0.03485576923076923 0.020432692307692308
0 0.2668269230769231 0.9969951923076924 0.05048076923076923 0.006009615384615385
0 0.2722355769230769 0.9783653846153847 0.03245192307692308 0.028846153846153848
0 0.6045673076923077 0.6953125 0.08413461538461539 0.08293269230769232
0 0.7986778846153847 0.9356971153846154 0.030048076923076924 0.03485576923076923
0 0.5829326923076923 0.9915865384615385 0.02403846153846154 0.01682692307692308
