0 0.04927884615384616 0.35637019230769235 0.028846153846153848 0.022836538461538464
0 0.4056490384615385 0.7974759615384616 0.056490384615384616 0.07572115384615385
0 0.4717548076923077 0.7920673076923077 0.02764423076923077 0.04326923076923077
0 0.4591346153846154 0.8359375 0.026442307692307696 0.03485576923076923
0 0.48557692307692313 0.5426682692307693 0.22115384615384617 0.09495192307692309
0 0.6856971153846154 0.6340144230769231 0.054086538461538464 0.078125
0 0.842548076923077 0.42367788461538464 0.038461538461538464 0.037259615384615384
0 0.8599759615384616 0.43810096153846156 0.02764423076923077 0.042067307692307696
0 0.8864182692307693 0.4375 0.02764423076923077 0.04567307692307693
0 0.9224759615384616 0.43930288461538464 0.03485576923076923 0.05168269230769231
0 0.6490384615384616 0.764423076923077 0.04807692307692308 0.06009615384615385
0 0.7139423076923077 0.8605769230769231 0.06730769230769232 0.11538461538461539
