0 0.5552884615384616 0.15324519230769232 0.0625 0.037259615384615384
0 0.6039663461538461 0.06850961538461539 0.030048076923076924 0.057692307692307696
0 0.6346153846153847 0.07512019230769232 0.03125 0.054086538461538464
0 0.6532451923076923 0.021033653846153848 0.1045673076923077 0.042067307692307696
0 0.8323317307692308 0.265625 0.037259615384615384 0.05048076923076923
0 0.8822115384615385 0.265625 0.05048076923076923 0.04326923076923077
0 0.8888221153846154 0.45432692307692313 0.109375 0.05288461538461539
0 0.8521634615384616 0.9969951923076924 0.05048076923076923 0.006009615384615385
0 0.694110576923077 0.4711538461538462 0.05168269230769231 0.0625
0 0.6213942307692308 0.45492788461538464 0.03605769230769231 0.05168269230769231
0 0.5811298076923077 0.6388221153846154 0.11899038461538462 0.09495192307692309
0 0.4122596153846154 0.4837740384615385 0.1201923076923077 0.09254807692307693
0 0.23858173076923078 0.8377403846153847 0.054086538461538464 0.05288461538461539
0 0.19471153846153846 0.8088942307692308 0.057692307692307696 0.08173076923076923
2 0.18930288461538464 0.9447115384615385 0.08052884615384616 0.08173076923076923
0 0.022836538461538464 0.5685096153846154 0.040865384615384616 0.040865384615384616
0 0.0018028846153846155 0.6021634615384616 0.003605769230769231 0.026442307692307696
0 0.06310096153846154 0.9561298076923077 0.09014423076923077 0.08052884615384616
