0 0.9903846153846154 0.23197115384615385 0.019230769230769232 0.04326923076923077
0 0.9453125 0.3431490384615385 0.109375 0.11177884615384616
0 0.5991586538461539 0.32872596153846156 0.15504807692307693 0.12620192307692307
0 0.4573317307692308 0.4044471153846154 0.16466346153846154 0.12379807692307693
0 0.16286057692307693 0.7079326923076924 0.17427884615384617 0.13942307692307693
0 0.2878605769230769 0.6340144230769231 0.15024038461538464 0.12139423076923078
0 0.8257211538461539 0.6057692307692308 0.06490384615384616 0.07451923076923077
0 0.7548076923076924 0.6424278846153847 0.05048076923076923 0.07572115384615385
0 0.6622596153846154 0.7139423076923077 0.20192307692307693 0.14903846153846154
0 0.4837740384615385 0.7518028846153847 0.09735576923076923 0.11899038461538462
0 0.43449519230769235 0.6670673076923077 0.09735576923076923 0.10817307692307693
0 0.39543269230769235 0.584735576923077 0.07211538461538462 0.09495192307692309
0 0.4435096153846154 0.5522836538461539 0.09855769230769232 0.09014423076923077
0 0.5048076923076923 0.6730769230769231 0.11298076923076923 0.21153846153846156
