0 0.8371394230769231 0.03125 0.054086538461538464 0.05288461538461539
0 0.8569711538461539 0.08413461538461539 0.057692307692307696 0.06009615384615385
0 0.9495192307692308 0.14543269230769232 0.028846153846153848 0.03365384615384616
0 0.8227163461538461 0.45012019230769235 0.08774038461538462 0.08293269230769232
0 0.7199519230769231 0.4104567307692308 0.11778846153846155 0.109375
0 0.662860576923077 0.5979567307692308 0.03966346153846154 0.03245192307692308
0 0.5721153846153847 0.553485576923077 0.038461538461538464 0.030048076923076924
0 0.5985576923076923 0.6057692307692308 0.038461538461538464 0.03125
0 0.546875 0.6298076923076923 0.03605769230769231 0.03605769230769231
0 0.5360576923076923 0.615985576923077 0.03605769230769231 0.030048076923076924
0 0.5258413461538461 0.5967548076923077 0.03245192307692308 0.030048076923076924
0 0.5150240384615384 0.5811298076923077 0.03485576923076923 0.030048076923076924
0 0.5649038461538461 0.6219951923076923 0.057692307692307696 0.09495192307692309
0 0.5054086538461539 0.5600961538461539 0.037259615384615384 0.03605769230769231
0 0.33052884615384615 0.265625 0.06730769230769232 0.04807692307692308
0 0.3551682692307693 0.328125 0.06850961538461539 0.05528846153846154
2 0.4981971153846154 0.9080528846153847 0.056490384615384616 0.11658653846153846
0 0.3659855769230769 0.8485576923076924 0.06129807692307693 0.040865384615384616
