0 0.07151442307692309 0.24399038461538464 0.14302884615384617 0.14903846153846154
0 0.951923076923077 0.0546875 0.09615384615384616 0.109375
0 0.9453125 0.08173076923076923 0.109375 0.16346153846153846
0 0.8822115384615385 0.03786057692307693 0.0625 0.07572115384615385
0 0.4435096153846154 0.34915865384615385 0.03125 0.030048076923076924
0 0.3551682692307693 0.37259615384615385 0.07091346153846154 0.06730769230769232
0 0.38461538461538464 0.3888221153846154 0.06490384615384616 0.0733173076923077
0 0.9435096153846154 0.9885817307692308 0.11298076923076923 0.022836538461538464
0 0.9729567307692308 0.7512019230769231 0.054086538461538464 0.1875
0 0.8990384615384616 0.6971153846153847 0.06009615384615385 0.10096153846153846
0 0.8629807692307693 0.7584134615384616 0.0889423076923077 0.06971153846153846
0 0.8137019230769231 0.8743990384615385 0.09375 0.07091346153846154
0 0.8731971153846154 0.953125 0.07091346153846154 0.08173076923076923
0 0.7259615384615385 0.9807692307692308 0.06490384615384616 0.038461538461538464
0 0.6538461538461539 0.569110576923077 0.09615384615384616 0.09254807692307693
0 0.7530048076923077 0.4729567307692308 0.1622596153846154 0.15985576923076925
0 0.3966346153846154 0.5384615384615385 0.16105769230769232 0.15384615384615385
