0 0.30228365384615385 0.007211538461538462 0.07572115384615385 0.014423076923076924
0 0.9495192307692308 0.3467548076923077 0.057692307692307696 0.06129807692307693
0 0.9020432692307693 0.4290865384615385 0.058894230769230775 0.038461538461538464
0 0.859375 0.4368990384615385 0.040865384615384616 0.030048076923076924
0 0.7668269230769231 0.4723557692307693 0.12259615384615385 0.10817307692307693
0 0.6514423076923077 0.7908653846153847 0.06490384615384616 0.12259615384615385
0 0.4248798076923077 0.6544471153846154 0.05168269230769231 0.03966346153846154
0 0.3617788461538462 0.6965144230769231 0.05528846153846154 0.05168269230769231
0 0.8996394230769231 0.9957932692307693 0.037259615384615384 0.00841346153846154
0 0.0889423076923077 0.05829326923076923 0.1778846153846154 0.11658653846153846
0 0.022836538461538464 0.8948317307692308 0.03125 0.02764423076923077
