0 0.25 0.40384615384615385 0.07451923076923077 0.021634615384615384
0 0.24278846153846156 0.43930288461538464 0.14423076923076925 0.025240384615384616
0 0.24579326923076925 0.47355769230769235 0.203125 0.026442307692307696
0 0.24639423076923078 0.5072115384615384 0.2716346153846154 0.02403846153846154
0 0.22235576923076925 0.5390625 0.3125 0.030048076923076924
0 0.18810096153846154 0.5715144230769231 0.29447115384615385 0.022836538461538464
0 0.15024038461538464 0.6039663461538461 0.2956730769230769 0.022836538461538464
0 0.13401442307692307 0.6370192307692308 0.26802884615384615 0.021634615384615384
0 0.12980769230769232 0.6700721153846154 0.20192307692307693 0.022836538461538464
0 0.12920673076923078 0.7025240384615385 0.13341346153846154 0.020432692307692308
0 0.12920673076923078 0.7367788461538461 0.07091346153846154 0.02403846153846154
0 0.41165865384615385 0.5618990384615385 0.058894230769230775 0.020432692307692308
0 0.4026442307692308 0.5871394230769231 0.10576923076923078 0.020432692307692308
0 0.40324519230769235 0.6147836538461539 0.1622596153846154 0.022836538461538464
0 0.4128605769230769 0.6412259615384616 0.21274038461538464 0.022836538461538464
0 0.3984375 0.6658653846153847 0.24158653846153846 0.026442307692307696
0 0.3984375 0.6881009615384616 0.30649038461538464 0.02764423076923077
0 0.38762019230769235 0.7151442307692308 0.32091346153846156 0.026442307692307696
0 0.3581730769230769 0.7385817307692308 0.3125 0.022836538461538464
0 0.34375 0.7674278846153847 0.2980769230769231 0.02764423076923077
0 0.32872596153846156 0.7914663461538461 0.2848557692307693 0.02764423076923077
0 0.31430288461538464 0.8131009615384616 0.24639423076923078 0.025240384615384616
0 0.3203125 0.842548076923077 0.1935096153846154 0.021634615384615384
0 0.3161057692307693 0.865985576923077 0.16105769230769232 0.018028846153846156
0 0.3155048076923077 0.8930288461538463 0.08533653846153846 0.019230769230769232
0 0.01983173076923077 0.7103365384615385 0.03966346153846154 0.021634615384615384
0 0.03665865384615385 0.7433894230769231 0.0733173076923077 0.022836538461538464
0 0.05288461538461539 0.7752403846153847 0.10576923076923078 0.026442307692307696
0 0.03966346153846154 0.8100961538461539 0.07932692307692309 0.02403846153846154
0 0.02463942307692308 0.8407451923076924 0.04927884615384616 0.022836538461538464
0 0.12439903846153846 0.8431490384615385 0.10216346153846155 0.022836538461538464
0 0.11959134615384616 0.8756009615384616 0.1358173076923077 0.022836538461538464
0 0.12379807692307693 0.8978365384615385 0.19230769230769232 0.021634615384615384
0 0.12319711538461539 0.921875 0.2247596153846154 0.026442307692307696
0 0.13161057692307693 0.9483173076923077 0.26322115384615385 0.028846153846153848
0 0.13341346153846154 0.9741586538461539 0.2668269230769231 0.030048076923076924
0 0.12259615384615385 0.9933894230769231 0.2451923076923077 0.013221153846153848
