0 0.2920673076923077 0.17848557692307693 0.11538461538461539 0.14543269230769232
0 0.11899038461538462 0.03966346153846154 0.03125 0.03365384615384616
0 0.3659855769230769 0.25060096153846156 0.07091346153846154 0.020432692307692308
0 0.3731971153846154 0.26262019230769235 0.08774038461538462 0.022836538461538464
0 0.38461538461538464 0.27403846153846156 0.07692307692307693 0.021634615384615384
0 0.3936298076923077 0.29447115384615385 0.054086538461538464 0.019230769230769232
0 0.5685096153846154 0.31310096153846156 0.040865384615384616 0.03485576923076923
0 0.5865384615384616 0.11057692307692309 0.13461538461538464 0.11538461538461539
0 0.7740384615384616 0.18329326923076925 0.026442307692307696 0.03485576923076923
0 0.9453125 0.20793269230769232 0.08533653846153846 0.10096153846153846
0 0.6947115384615385 0.5204326923076923 0.06730769230769232 0.06490384615384616
0 0.6538461538461539 0.4831730769230769 0.06730769230769232 0.06490384615384616
0 0.6724759615384616 0.9188701923076924 0.03485576923076923 0.02764423076923077
0 0.5721153846153847 0.4903846153846154 0.06490384615384616 0.08173076923076923
0 0.27103365384615385 0.5709134615384616 0.06370192307692309 0.05288461538461539
0 0.16947115384615385 0.6484375 0.23317307692307693 0.17668269230769232
0 0.20252403846153846 0.8731971153846154 0.0733173076923077 0.07572115384615385
0 0.0078125 0.7139423076923077 0.015625 0.12980769230769232
0 0.5294471153846154 0.6742788461538461 0.042067307692307696 0.03605769230769231
