0 0.10096153846153846 0.010216346153846154 0.05288461538461539 0.020432692307692308
0 0.04807692307692308 0.057692307692307696 0.09615384615384616 0.11538461538461539
0 0.015625 0.140625 0.03125 0.125
0 0.16586538461538464 0.17127403846153846 0.14903846153846154 0.12860576923076925
0 0.6033653846153847 0.0811298076923077 0.12259615384615385 0.11177884615384616
0 0.027043269230769232 0.8149038461538461 0.054086538461538464 0.14903846153846154
0 0.9104567307692308 0.4753605769230769 0.09735576923076923 0.09735576923076923
0 0.9074519230769231 0.5727163461538461 0.18509615384615385 0.21514423076923078
0 0.9008413461538463 0.623798076923077 0.1983173076923077 0.22115384615384617
0 0.7932692307692308 0.608173076923077 0.0625 0.07692307692307693
0 0.3545673076923077 0.9200721153846154 0.03125 0.030048076923076924
0 0.26622596153846156 0.9435096153846154 0.07091346153846154 0.06730769230769232
0 0.2956730769230769 0.959735576923077 0.06490384615384616 0.0733173076923077
0 0.6640625 0.9819711538461539 0.1622596153846154 0.03605769230769231
0 0.5264423076923077 0.43509615384615385 0.08173076923076923 0.09134615384615385
0 0.4795673076923077 0.45793269230769235 0.04326923076923077 0.040865384615384616
