0 0.8731971153846154 0.054086538461538464 0.056490384615384616 0.057692307692307696
0 0.6201923076923077 0.03605769230769231 0.04326923076923077 0.040865384615384616
0 0.7235576923076924 0.10697115384615385 0.05288461538461539 0.05288461538461539
0 0.8756009615384616 0.2890625 0.02764423076923077 0.030048076923076924
0 0.9158653846153847 0.3125 0.04326923076923077 0.03365384615384616
0 0.9627403846153847 0.3713942307692308 0.040865384615384616 0.05288461538461539
0 0.9212740384615385 0.5252403846153847 0.06370192307692309 0.06730769230769232
0 0.865985576923077 0.4747596153846154 0.02764423076923077 0.03125
0 0.8215144230769231 0.4356971153846154 0.02764423076923077 0.022836538461538464
0 0.7079326923076924 0.5462740384615385 0.08653846153846154 0.08293269230769232
2 0.3822115384615385 0.4026442307692308 0.04326923076923077 0.05288461538461539
0 0.3245192307692308 0.3191105769230769 0.057692307692307696 0.06129807692307693
0 0.8461538461538463 0.9350961538461539 0.05048076923076923 0.04567307692307693
0 0.028846153846153848 0.6712740384615385 0.05528846153846154 0.058894230769230775
0 0.028245192307692308 0.7782451923076924 0.05168269230769231 0.06850961538461539
0 0.3653846153846154 0.959735576923077 0.09615384615384616 0.078125
0 0.46995192307692313 0.9621394230769231 0.06009615384615385 0.06850961538461539
0 0.6592548076923077 0.07451923076923077 0.037259615384615384 0.03125
