0 0.04146634615384616 0.5895432692307693 0.08293269230769232 0.11418269230769232
0 0.3371394230769231 0.057692307692307696 0.02764423076923077 0.02403846153846154
0 0.5330528846153847 0.2932692307692308 0.10697115384615385 0.11057692307692309
0 0.39122596153846156 0.8822115384615385 0.06610576923076923 0.0625
0 0.4597355769230769 0.8930288461538463 0.05168269230769231 0.057692307692307696
0 0.6021634615384616 0.5216346153846154 0.038461538461538464 0.038461538461538464
0 0.6466346153846154 0.171875 0.07211538461538462 0.07932692307692309
0 0.7259615384615385 0.1778846153846154 0.07451923076923077 0.0625
0 0.834735576923077 0.694110576923077 0.03485576923076923 0.03245192307692308
0 0.8924278846153847 0.7325721153846154 0.030048076923076924 0.02764423076923077
0 0.8521634615384616 0.26622596153846156 0.04326923076923077 0.046875
