0 0.6057692307692308 0.5955528846153847 0.7884615384615385 0.6983173076923077
0 0.6129807692307693 0.6574519230769231 0.7740384615384616 0.6850961538461539
0 0.6207932692307693 0.6959134615384616 0.7584134615384616 0.608173076923077
0 0.6274038461538461 0.7223557692307693 0.7451923076923077 0.5552884615384616
0 0.6292067307692308 0.7572115384615385 0.7415865384615385 0.48557692307692313
0 0.6334134615384616 0.7902644230769231 0.733173076923077 0.41947115384615385
0 0.6454326923076923 0.8311298076923077 0.7091346153846154 0.33774038461538464
0 0.6484375 0.8611778846153847 0.703125 0.2776442307692308
0 0.6568509615384616 0.9014423076923077 0.686298076923077 0.19711538461538464
0 0.6640625 0.9411057692307693 0.671875 0.11778846153846155
