0 0.5721153846153847 0.4789663461538462 0.08173076923076923 0.030048076923076924
0 0.4903846153846154 0.45432692307692313 0.08413461538461539 0.028846153846153848
0 0.4098557692307693 0.44651442307692313 0.06009615384615385 0.03245192307692308
0 0.44711538461538464 0.46995192307692313 0.14423076923076925 0.05048076923076923
0 0.48617788461538464 0.4681490384615385 0.07572115384615385 0.030048076923076924
0 0.5709134615384616 0.4921875 0.08173076923076923 0.030048076923076924
0 0.5661057692307693 0.5054086538461539 0.07932692307692309 0.030048076923076924
0 0.561298076923077 0.5180288461538461 0.07932692307692309 0.03125
0 0.44290865384615385 0.4873798076923077 0.14783653846153846 0.04927884615384616
0 0.4405048076923077 0.49759615384615385 0.14543269230769232 0.05048076923076923
0 0.43509615384615385 0.5126201923076923 0.1514423076923077 0.054086538461538464
0 0.5558894230769231 0.5294471153846154 0.08052884615384616 0.037259615384615384
0 0.5528846153846154 0.5444711538461539 0.07932692307692309 0.03365384615384616
0 0.5492788461538461 0.561298076923077 0.07932692307692309 0.03125
0 0.46574519230769235 0.537860576923077 0.07572115384615385 0.03245192307692308
