0 0.03245192307692308 0.5288461538461539 0.06490384615384616 0.13942307692307693
0 0.09435096153846155 0.46634615384615385 0.13341346153846154 0.13461538461538464
0 0.19110576923076925 0.4098557692307693 0.125 0.13701923076923078
0 0.27584134615384615 0.35216346153846156 0.10697115384615385 0.12980769230769232
0 0.5462740384615385 0.3401442307692308 0.07091346153846154 0.0889423076923077
0 0.5246394230769231 0.3557692307692308 0.07572115384615385 0.09615384615384616
0 0.453125 0.39603365384615385 0.07451923076923077 0.09975961538461539
0 0.43028846153846156 0.4140625 0.08173076923076923 0.08774038461538462
0 0.3623798076923077 0.453125 0.07091346153846154 0.09855769230769232
0 0.3317307692307693 0.4753605769230769 0.0889423076923077 0.09735576923076923
0 0.30649038461538464 0.4957932692307693 0.07451923076923077 0.09495192307692309
0 0.23377403846153846 0.5348557692307693 0.078125 0.09855769230769232
0 0.2109375 0.5540865384615385 0.07572115384615385 0.09134615384615385
0 0.13942307692307693 0.5967548076923077 0.07451923076923077 0.09254807692307693
0 0.11598557692307693 0.6135817307692308 0.08293269230769232 0.09735576923076923
0 0.18810096153846154 0.7295673076923077 0.09735576923076923 0.12980769230769232
0 0.21935096153846156 0.7103365384615385 0.10697115384615385 0.13461538461538464
0 0.2746394230769231 0.6724759615384616 0.109375 0.13341346153846154
0 0.31009615384615385 0.6496394230769231 0.11057692307692309 0.12620192307692307
0 0.3683894230769231 0.6129807692307693 0.11177884615384616 0.13461538461538464
0 0.4056490384615385 0.592548076923077 0.10697115384615385 0.13461538461538464
0 0.43870192307692313 0.5667067307692308 0.10336538461538462 0.13341346153846154
0 0.5 0.53125 0.10817307692307693 0.13461538461538464
0 0.5324519230769231 0.5078125 0.10817307692307693 0.1310096153846154
0 0.5883413461538461 0.4759615384615385 0.10697115384615385 0.13461538461538464
0 0.6177884615384616 0.453125 0.10096153846153846 0.12740384615384617
0 0.6418269230769231 0.5805288461538461 0.0625 0.08173076923076923
0 0.5961538461538461 0.6069711538461539 0.08173076923076923 0.09375
0 0.5637019230769231 0.6286057692307693 0.08413461538461539 0.09375
0 0.5030048076923077 0.6676682692307693 0.08533653846153846 0.09014423076923077
0 0.46935096153846156 0.6881009615384616 0.08293269230769232 0.09495192307692309
0 0.4338942307692308 0.7091346153846154 0.07932692307692309 0.09134615384615385
0 0.3737980769230769 0.75 0.07932692307692309 0.0889423076923077
0 0.3401442307692308 0.7710336538461539 0.07692307692307693 0.09735576923076923
0 0.28185096153846156 0.8076923076923077 0.07572115384615385 0.09375
0 0.25180288461538464 0.8299278846153847 0.07572115384615385 0.08774038461538462
0 0.06370192307692309 0.7620192307692308 0.12740384615384617 0.4278846153846154
