0 0.5168269230769231 0.4050480769230769 0.15625 0.13701923076923078
0 0.4122596153846154 0.44591346153846156 0.10336538461538462 0.10817307692307693
0 0.5576923076923077 0.4885817307692308 0.1514423076923077 0.1310096153846154
0 0.5895432692307693 0.5829326923076923 0.11899038461538462 0.12980769230769232
0 0.6670673076923077 0.5877403846153847 0.11057692307692309 0.11298076923076923
0 0.6977163461538461 0.6574519230769231 0.11658653846153846 0.10576923076923078
0 0.4567307692307693 0.5372596153846154 0.09855769230769232 0.1201923076923077
0 0.4951923076923077 0.6274038461538461 0.09134615384615385 0.11298076923076923
0 0.6129807692307693 0.6796875 0.11057692307692309 0.11418269230769232
0 0.6418269230769231 0.7554086538461539 0.09855769230769232 0.10216346153846155
0 0.6808894230769231 0.8335336538461539 0.09495192307692309 0.09735576923076923
0 0.3683894230769231 0.5396634615384616 0.109375 0.12980769230769232
0 0.31009615384615385 0.5685096153846154 0.07932692307692309 0.12259615384615385
0 0.34435096153846156 0.6820913461538461 0.09735576923076923 0.13341346153846154
0 0.42307692307692313 0.6508413461538461 0.10096153846153846 0.1310096153846154
0 0.5396634615384616 0.7115384615384616 0.09855769230769232 0.10576923076923078
0 0.46153846153846156 0.7451923076923077 0.09375 0.10336538461538462
0 0.5679086538461539 0.7914663461538461 0.08533653846153846 0.10697115384615385
0 0.4957932692307693 0.8149038461538461 0.08533653846153846 0.08653846153846154
0 0.3870192307692308 0.7758413461538461 0.09134615384615385 0.10697115384615385
0 0.26622596153846156 0.6887019230769231 0.09735576923076923 0.08653846153846154
0 0.28185096153846156 0.7397836538461539 0.08774038461538462 0.08293269230769232
0 0.1905048076923077 0.717548076923077 0.08774038461538462 0.08173076923076923
0 0.21454326923076925 0.7776442307692308 0.09014423076923077 0.08173076923076923
0 0.31310096153846156 0.811298076923077 0.09975961538461539 0.11057692307692309
0 0.23858173076923078 0.8395432692307693 0.09495192307692309 0.10697115384615385
0 0.4176682692307693 0.8599759615384616 0.08533653846153846 0.08293269230769232
0 0.1622596153846154 0.8695913461538463 0.10096153846153846 0.1045673076923077
0 0.5973557692307693 0.8665865384615385 0.08413461538461539 0.09615384615384616
0 0.7133413461538461 0.9080528846153847 0.1045673076923077 0.11418269230769232
0 0.6370192307692308 0.944110576923077 0.09855769230769232 0.09975961538461539
0 0.5288461538461539 0.897235576923077 0.08653846153846154 0.09495192307692309
0 0.5606971153846154 0.9591346153846154 0.10216346153846155 0.08173076923076923
0 0.45492788461538464 0.9296875 0.09735576923076923 0.09014423076923077
0 0.4873798076923077 0.9747596153846154 0.09495192307692309 0.05048076923076923
0 0.3449519230769231 0.8858173076923077 0.09134615384615385 0.09134615384615385
0 0.3828125 0.9561298076923077 0.08533653846153846 0.08774038461538462
0 0.4164663461538462 0.9915865384615385 0.09735576923076923 0.01682692307692308
0 0.2734375 0.9164663461538463 0.09014423076923077 0.09975961538461539
0 0.30168269230769235 0.9723557692307693 0.08173076923076923 0.05528846153846154
0 0.20252403846153846 0.9507211538461539 0.08293269230769232 0.09855769230769232
0 0.08533653846153846 0.9044471153846154 0.09855769230769232 0.11418269230769232
0 0.12079326923076923 0.9663461538461539 0.09254807692307693 0.06730769230769232
0 0.23497596153846156 0.9897836538461539 0.08293269230769232 0.020432692307692308
