0 0.983173076923077 0.30228365384615385 0.019230769230769232 0.03245192307692308
0 0.944110576923077 0.2872596153846154 0.037259615384615384 0.04807692307692308
0 0.37680288461538464 0.19951923076923078 0.02764423076923077 0.03125
0 0.34615384615384615 0.1965144230769231 0.026442307692307696 0.02764423076923077
0 0.3197115384615385 0.3028846153846154 0.08173076923076923 0.11778846153846155
0 0.25961538461538464 0.2872596153846154 0.08413461538461539 0.10817307692307693
0 0.17367788461538464 0.3317307692307693 0.02764423076923077 0.028846153846153848
0 0.12319711538461539 0.29387019230769235 0.08293269230769232 0.05168269230769231
0 0.2013221153846154 0.7614182692307693 0.06370192307692309 0.056490384615384616
0 0.020432692307692308 0.2433894230769231 0.040865384615384616 0.08052884615384616
