0 0.8004807692307693 0.0234375 0.057692307692307696 0.046875
0 0.8930288461538463 0.078125 0.028846153846153848 0.03365384615384616
0 0.7662259615384616 0.3828125 0.08774038461538462 0.08293269230769232
0 0.6634615384615385 0.3431490384615385 0.11778846153846155 0.109375
0 0.6063701923076923 0.5306490384615384 0.03966346153846154 0.03245192307692308
0 0.515625 0.48617788461538464 0.038461538461538464 0.030048076923076924
0 0.5420673076923077 0.5384615384615385 0.038461538461538464 0.03125
0 0.4903846153846154 0.5625 0.03605769230769231 0.03605769230769231
0 0.4795673076923077 0.5486778846153847 0.03605769230769231 0.030048076923076924
0 0.46935096153846156 0.5294471153846154 0.03245192307692308 0.030048076923076924
0 0.45853365384615385 0.5138221153846154 0.03485576923076923 0.030048076923076924
0 0.5084134615384616 0.5546875 0.057692307692307696 0.09495192307692309
0 0.4489182692307693 0.49278846153846156 0.037259615384615384 0.03605769230769231
0 0.27403846153846156 0.1983173076923077 0.06730769230769232 0.04807692307692308
0 0.29867788461538464 0.2608173076923077 0.06850961538461539 0.05528846153846154
2 0.4417067307692308 0.8407451923076924 0.056490384615384616 0.11658653846153846
0 0.30949519230769235 0.78125 0.06129807692307693 0.040865384615384616
