0 0.34375 0.3058894230769231 0.12740384615384617 0.15024038461538464
0 0.7145432692307693 0.09375 0.12379807692307693 0.13942307692307693
0 0.8058894230769231 0.04927884615384616 0.13341346153846154 0.09855769230769232
0 0.9026442307692308 0.021634615384615384 0.125 0.04326923076923077
0 0.9903846153846154 0.06069711538461539 0.019230769230769232 0.09495192307692309
0 0.9453125 0.09975961538461539 0.078125 0.09855769230769232
0 0.9224759615384616 0.11899038461538462 0.07572115384615385 0.09134615384615385
0 0.8509615384615385 0.16165865384615385 0.07451923076923077 0.09254807692307693
0 0.8275240384615385 0.17848557692307693 0.08293269230769232 0.09735576923076923
0 0.8996394230769231 0.29447115384615385 0.09735576923076923 0.12980769230769232
0 0.9308894230769231 0.27524038461538464 0.10697115384615385 0.13461538461538464
0 0.9657451923076924 0.2373798076923077 0.06850961538461539 0.13341346153846154
0 0.983173076923077 0.21454326923076925 0.03365384615384616 0.12620192307692307
0 0.9777644230769231 0.37259615384615385 0.04447115384615385 0.09375
0 0.9627403846153847 0.3948317307692308 0.07451923076923077 0.08774038461538462
0 0.576923076923077 0.3665865384615385 0.3028846153846154 0.4254807692307693
0 0.5 0.5096153846153847 0.2139423076923077 0.31490384615384615
0 0.3852163461538462 0.5877403846153847 0.23197115384615385 0.3293269230769231
0 0.24699519230769232 0.5943509615384616 0.15264423076923078 0.20552884615384617
0 0.32872596153846156 0.6262019230769231 0.2247596153846154 0.3076923076923077
0 0.5384615384615385 0.48918269230769235 0.21634615384615385 0.3076923076923077
0 0.6700721153846154 0.3269230769230769 0.33774038461538464 0.4278846153846154
