0 0.203125 0.1484375 0.04326923076923077 0.037259615384615384
0 0.0234375 0.5162259615384616 0.030048076923076924 0.037259615384615384
0 0.08713942307692309 0.7758413461538461 0.02764423076923077 0.037259615384615384
0 0.29867788461538464 0.4074519230769231 0.037259615384615384 0.03605769230769231
0 0.3467548076923077 0.44711538461538464 0.03966346153846154 0.03605769230769231
0 0.25240384615384615 0.6424278846153847 0.09855769230769232 0.054086538461538464
0 0.7055288461538461 0.30228365384615385 0.038461538461538464 0.056490384615384616
0 0.7265625 0.38762019230769235 0.08052884615384616 0.11418269230769232
0 0.819110576923077 0.1466346153846154 0.11658653846153846 0.06490384615384616
0 0.5751201923076923 0.8954326923076924 0.09735576923076923 0.057692307692307696
0 0.22596153846153846 0.8389423076923077 0.040865384615384616 0.04326923076923077
0 0.2956730769230769 0.873798076923077 0.04567307692307693 0.07211538461538462
