0 0.03665865384615385 0.5054086538461539 0.0733173076923077 0.08293269230769232
0 0.3106971153846154 0.26622596153846156 0.05168269230769231 0.08052884615384616
0 0.29387019230769235 0.22536057692307693 0.09495192307692309 0.14543269230769232
0 0.3545673076923077 0.24098557692307693 0.08653846153846154 0.15504807692307693
0 0.34615384615384615 0.4915865384615385 0.06971153846153846 0.04326923076923077
0 0.2139423076923077 0.764423076923077 0.09615384615384616 0.06730769230769232
0 0.4122596153846154 0.7307692307692308 0.06730769230769232 0.05288461538461539
0 0.45432692307692313 0.8725961538461539 0.05288461538461539 0.028846153846153848
0 0.6808894230769231 0.7397836538461539 0.058894230769230775 0.03245192307692308
0 0.6808894230769231 0.5432692307692308 0.06850961538461539 0.028846153846153848
0 0.8383413461538461 0.21033653846153846 0.03245192307692308 0.021634615384615384
0 0.9356971153846154 0.5336538461538461 0.12860576923076925 0.09134615384615385
0 0.9945913461538463 0.8040865384615385 0.010817307692307692 0.0625
