0 0.9110576923076924 0.2824519230769231 0.04807692307692308 0.06490384615384616
0 0.8762019230769231 0.30528846153846156 0.05528846153846154 0.08653846153846154
0 0.20853365384615385 0.3605769230769231 0.03966346153846154 0.04326923076923077
0 0.1875 0.32512019230769235 0.04326923076923077 0.058894230769230775
0 0.15985576923076925 0.29146634615384615 0.038461538461538464 0.037259615384615384
0 0.2800480769230769 0.5174278846153847 0.08173076923076923 0.10216346153846155
0 0.3317307692307693 0.5186298076923077 0.05048076923076923 0.056490384615384616
0 0.6436298076923077 0.8707932692307693 0.04447115384615385 0.037259615384615384
0 0.6820913461538461 0.8575721153846154 0.042067307692307696 0.04447115384615385
0 0.6760817307692308 0.9290865384615385 0.04447115384615385 0.04567307692307693
