0 0.4254807692307693 0.02764423076923077 0.13942307692307693 0.05528846153846154
0 0.5078125 0.5180288461538461 0.08052884615384616 0.06971153846153846
0 0.5709134615384616 0.4903846153846154 0.07692307692307693 0.06490384615384616
0 0.6622596153846154 0.4483173076923077 0.14903846153846154 0.09855769230769232
0 0.7980769230769231 0.4495192307692308 0.0889423076923077 0.09615384615384616
0 0.8323317307692308 0.5174278846153847 0.08052884615384616 0.09254807692307693
0 0.8665865384615385 0.59375 0.08173076923076923 0.10336538461538462
0 0.8569711538461539 0.42247596153846156 0.08653846153846154 0.10697115384615385
0 0.9194711538461539 0.5528846153846154 0.13461538461538464 0.19951923076923078
0 0.8275240384615385 0.7379807692307693 0.10216346153846155 0.0889423076923077
0 0.7457932692307693 0.7746394230769231 0.11177884615384616 0.09735576923076923
0 0.6598557692307693 0.8173076923076924 0.11298076923076923 0.08653846153846154
