0 0.9705528846153847 0.6370192307692308 0.058894230769230775 0.07692307692307693
0 0.8389423076923077 0.6123798076923077 0.1778846153846154 0.1670673076923077
0 0.5733173076923077 0.7211538461538461 0.24278846153846156 0.23317307692307693
0 0.45372596153846156 0.709735576923077 0.11418269230769232 0.11177884615384616
0 0.5180288461538461 0.6532451923076923 0.12259615384615385 0.109375
0 0.5841346153846154 0.5985576923076923 0.11538461538461539 0.11057692307692309
0 0.694110576923077 0.8948317307692308 0.11899038461538462 0.11899038461538462
0 0.5108173076923077 0.8984375 0.07692307692307693 0.08052884615384616
0 0.46274038461538464 0.9471153846153847 0.07692307692307693 0.08173076923076923
0 0.4050480769230769 0.9771634615384616 0.0889423076923077 0.04567307692307693
0 0.6586538461538461 0.8551682692307693 0.12740384615384617 0.11899038461538462
