0 0.26742788461538464 0.609375 0.12379807692307693 0.13942307692307693
0 0.3587740384615385 0.546875 0.13341346153846154 0.13461538461538464
0 0.4555288461538462 0.4903846153846154 0.125 0.13701923076923078
0 0.5402644230769231 0.4326923076923077 0.10697115384615385 0.12980769230769232
0 0.8106971153846154 0.4206730769230769 0.07091346153846154 0.0889423076923077
0 0.7890625 0.4362980769230769 0.07572115384615385 0.09615384615384616
0 0.717548076923077 0.4765625 0.07451923076923077 0.09975961538461539
0 0.6947115384615385 0.4945913461538462 0.08173076923076923 0.08774038461538462
0 0.6268028846153847 0.5336538461538461 0.07091346153846154 0.09855769230769232
0 0.5961538461538461 0.5558894230769231 0.0889423076923077 0.09735576923076923
0 0.5709134615384616 0.5763221153846154 0.07451923076923077 0.09495192307692309
0 0.4981971153846154 0.6153846153846154 0.078125 0.09855769230769232
0 0.4753605769230769 0.6346153846153847 0.07572115384615385 0.09134615384615385
0 0.40384615384615385 0.6772836538461539 0.07451923076923077 0.09254807692307693
0 0.38040865384615385 0.694110576923077 0.08293269230769232 0.09735576923076923
0 0.4525240384615385 0.8100961538461539 0.09735576923076923 0.12980769230769232
0 0.4837740384615385 0.7908653846153847 0.10697115384615385 0.13461538461538464
0 0.5390625 0.7530048076923077 0.109375 0.13341346153846154
0 0.5745192307692308 0.7301682692307693 0.11057692307692309 0.12620192307692307
0 0.6328125 0.6935096153846154 0.11177884615384616 0.13461538461538464
0 0.6700721153846154 0.6730769230769231 0.10697115384615385 0.13461538461538464
0 0.703125 0.647235576923077 0.10336538461538462 0.13341346153846154
0 0.764423076923077 0.6117788461538461 0.10817307692307693 0.13461538461538464
0 0.796875 0.5883413461538461 0.10817307692307693 0.1310096153846154
0 0.8527644230769231 0.5564903846153847 0.10697115384615385 0.13461538461538464
0 0.8822115384615385 0.5336538461538461 0.10096153846153846 0.12740384615384617
0 0.90625 0.6610576923076923 0.0625 0.08173076923076923
0 0.8605769230769231 0.6875 0.08173076923076923 0.09375
0 0.828125 0.7091346153846154 0.08413461538461539 0.09375
0 0.7674278846153847 0.7481971153846154 0.08533653846153846 0.09014423076923077
0 0.7337740384615385 0.7686298076923077 0.08293269230769232 0.09495192307692309
0 0.6983173076923077 0.7896634615384616 0.07932692307692309 0.09134615384615385
0 0.6382211538461539 0.8305288461538461 0.07932692307692309 0.0889423076923077
0 0.6045673076923077 0.8515625 0.07692307692307693 0.09735576923076923
0 0.5462740384615385 0.8882211538461539 0.07572115384615385 0.09375
0 0.5162259615384616 0.9104567307692308 0.07572115384615385 0.08774038461538462
0 0.140625 0.834735576923077 0.28125 0.33052884615384615
0 0.07992788461538462 0.9338942307692308 0.15985576923076925 0.13221153846153846
0 0.09975961538461539 0.9254807692307693 0.19951923076923078 0.14903846153846154
0 0.22295673076923078 0.8143028846153847 0.33774038461538464 0.3713942307692308
