0 0.022836538461538464 0.006009615384615385 0.04567307692307693 0.01201923076923077
0 0.025240384615384616 0.029447115384615388 0.05048076923076923 0.054086538461538464
0 0.4176682692307693 0.1310096153846154 0.07572115384615385 0.06490384615384616
0 0.3058894230769231 0.30228365384615385 0.13822115384615385 0.058894230769230775
0 0.7049278846153847 0.39543269230769235 0.04447115384615385 0.021634615384615384
0 0.4489182692307693 0.4951923076923077 0.06129807692307693 0.03605769230769231
0 0.5042067307692308 0.49278846153846156 0.037259615384615384 0.019230769230769232
0 0.4519230769230769 0.936298076923077 0.04326923076923077 0.028846153846153848
0 0.3948317307692308 0.9314903846153847 0.030048076923076924 0.019230769230769232
0 0.546875 0.9555288461538463 0.10096153846153846 0.04807692307692308
