0 0.09915865384615385 0.3623798076923077 0.058894230769230775 0.03245192307692308
0 0.09915865384615385 0.16586538461538464 0.06850961538461539 0.028846153846153848
0 0.3762019230769231 0.15625 0.17307692307692307 0.09134615384615385
0 0.4567307692307693 0.42668269230769235 0.09855769230769232 0.0625
0 0.5757211538461539 0.375 0.03125 0.057692307692307696
0 0.5895432692307693 0.36899038461538464 0.02764423076923077 0.05288461538461539
0 0.6027644230769231 0.3653846153846154 0.03245192307692308 0.057692307692307696
0 0.6201923076923077 0.36418269230769235 0.03365384615384616 0.057692307692307696
0 0.6346153846153847 0.359375 0.03365384615384616 0.057692307692307696
0 0.6520432692307693 0.3515625 0.030048076923076924 0.056490384615384616
0 0.6682692307692308 0.34435096153846156 0.021634615384615384 0.058894230769230775
0 0.686298076923077 0.35336538461538464 0.021634615384615384 0.03125
0 0.4753605769230769 0.6965144230769231 0.08293269230769232 0.04447115384615385
0 0.2043269230769231 0.8611778846153847 0.05288461538461539 0.054086538461538464
0 0.16586538461538464 0.8311298076923077 0.03125 0.037259615384615384
