0 0.01983173076923077 0.3653846153846154 0.03966346153846154 0.05288461538461539
0 0.04807692307692308 0.5072115384615384 0.05288461538461539 0.028846153846153848
0 0.2746394230769231 0.3743990384615385 0.058894230769230775 0.03245192307692308
0 0.2746394230769231 0.1778846153846154 0.06850961538461539 0.028846153846153848
0 0.5516826923076923 0.16826923076923078 0.17307692307692307 0.09134615384615385
0 0.6322115384615385 0.43870192307692313 0.09855769230769232 0.0625
0 0.7512019230769231 0.3870192307692308 0.03125 0.057692307692307696
0 0.7650240384615385 0.3810096153846154 0.02764423076923077 0.05288461538461539
0 0.7782451923076924 0.3774038461538462 0.03245192307692308 0.057692307692307696
0 0.795673076923077 0.3762019230769231 0.03365384615384616 0.057692307692307696
0 0.8100961538461539 0.3713942307692308 0.03365384615384616 0.057692307692307696
0 0.8275240384615385 0.3635817307692308 0.030048076923076924 0.056490384615384616
0 0.84375 0.35637019230769235 0.021634615384615384 0.058894230769230775
0 0.8617788461538463 0.3653846153846154 0.021634615384615384 0.03125
0 0.6508413461538461 0.7085336538461539 0.08293269230769232 0.04447115384615385
0 0.37980769230769235 0.8731971153846154 0.05288461538461539 0.054086538461538464
0 0.34134615384615385 0.8431490384615385 0.03125 0.037259615384615384
