0 0.4573317307692308 0.3161057692307693 0.8858173076923077 0.6322115384615385
0 0.47776442307692313 0.3551682692307693 0.8978365384615385 0.7055288461538461
0 0.4963942307692308 0.4284855769230769 0.9038461538461539 0.6983173076923077
0 0.5198317307692308 0.4921875 0.9242788461538463 0.7199519230769231
0 0.5306490384615384 0.5649038461538461 0.9387019230769231 0.7259615384615385
0 0.5348557692307693 0.6340144230769231 0.9302884615384616 0.7319711538461539
0 0.546875 0.6748798076923077 0.90625 0.6502403846153847
0 0.5498798076923077 0.7049278846153847 0.9002403846153847 0.5901442307692308
0 0.5582932692307693 0.7451923076923077 0.8834134615384616 0.5096153846153847
0 0.5655048076923077 0.7848557692307693 0.8689903846153847 0.43028846153846156
0 0.5715144230769231 0.834735576923077 0.8569711538461539 0.33052884615384615
