0 0.8695913461538463 0.009014423076923078 0.2608173076923077 0.018028846153846156
0 0.8725961538461539 0.026442307692307696 0.25480769230769235 0.021634615384615384
0 0.8846153846153847 0.05528846153846154 0.19230769230769232 0.026442307692307696
0 0.8743990384615385 0.078125 0.140625 0.019230769230769232
0 0.8725961538461539 0.10637019230769232 0.09855769230769232 0.020432692307692308
0 0.8762019230769231 0.1328125 0.06009615384615385 0.020432692307692308
0 0.31310096153846156 0.09555288461538462 0.16947115384615385 0.171875
0 0.46213942307692313 0.2920673076923077 0.1935096153846154 0.19711538461538464
0 0.3713942307692308 0.3743990384615385 0.19230769230769232 0.1983173076923077
0 0.2686298076923077 0.4567307692307693 0.19591346153846154 0.19230769230769232
0 0.6123798076923077 0.4525240384615385 0.07572115384615385 0.03245192307692308
0 0.6051682692307693 0.4795673076923077 0.1045673076923077 0.04326923076923077
0 0.5985576923076923 0.5042067307692308 0.1514423076923077 0.054086538461538464
0 0.5865384615384616 0.5318509615384616 0.2139423076923077 0.06370192307692309
0 0.5793269230769231 0.5570913461538461 0.2644230769230769 0.0733173076923077
0 0.17307692307692307 0.5372596153846154 0.19711538461538464 0.19951923076923078
0 0.08774038461538462 0.6219951923076923 0.17548076923076925 0.19591346153846154
0 0.5637019230769231 0.584735576923077 0.3245192307692308 0.09254807692307693
0 0.5673076923076923 0.6057692307692308 0.3509615384615385 0.09134615384615385
0 0.623798076923077 0.6195913461538461 0.2692307692307693 0.07572115384615385
0 0.6292067307692308 0.6400240384615385 0.28966346153846156 0.08533653846153846
0 0.5618990384615385 0.6760817307692308 0.2512019230769231 0.07091346153846154
0 0.6358173076923077 0.7073317307692308 0.2932692307692308 0.08052884615384616
0 0.6117788461538461 0.7349759615384616 0.2451923076923077 0.0733173076923077
0 0.6027644230769231 0.7590144230769231 0.18149038461538464 0.054086538461538464
0 0.5877403846153847 0.7836538461538461 0.12740384615384617 0.040865384615384616
0 0.7632211538461539 0.8143028846153847 0.3269230769230769 0.08533653846153846
0 0.7704326923076924 0.8389423076923077 0.35336538461538464 0.09375
0 0.7848557692307693 0.8587740384615385 0.34855769230769235 0.09014423076923077
0 0.8040865384615385 0.8786057692307693 0.3509615384615385 0.0889423076923077
0 0.8227163461538461 0.8966346153846154 0.3545673076923077 0.09134615384615385
0 0.8293269230769231 0.9140625 0.34134615384615385 0.09254807692307693
0 0.8341346153846154 0.9399038461538463 0.2932692307692308 0.08173076923076923
0 0.8125 0.9795673076923077 0.18509615384615385 0.040865384615384616
0 0.8239182692307693 0.9621394230769231 0.24639423076923078 0.0733173076923077
0 0.803485576923077 0.9951923076923077 0.14302884615384617 0.009615384615384616
