0 0.36418269230769235 0.9032451923076924 0.08413461538461539 0.054086538461538464
0 0.7373798076923077 0.662860576923077 0.058894230769230775 0.03966346153846154
0 0.6712740384615385 0.6736778846153847 0.04927884615384616 0.06129807692307693
0 0.7277644230769231 0.5709134615384616 0.020432692307692308 0.04807692307692308
0 0.7746394230769231 0.881610576923077 0.046875 0.056490384615384616
0 0.890625 0.842548076923077 0.05528846153846154 0.04807692307692308
0 0.9302884615384616 0.9807692307692308 0.038461538461538464 0.019230769230769232
0 0.2698317307692308 0.9741586538461539 0.06370192307692309 0.05168269230769231
0 0.23317307692307693 0.9873798076923077 0.026442307692307696 0.025240384615384616
0 0.819110576923077 0.8335336538461539 0.03485576923076923 0.018028846153846156
