0 0.9945913461538463 0.7043269230769231 0.010817307692307692 0.040865384615384616
0 0.764423076923077 0.6201923076923077 0.14182692307692307 0.13942307692307693
0 0.8756009615384616 0.49759615384615385 0.08533653846153846 0.10336538461538462
0 0.7962740384615385 0.3539663461538462 0.11177884615384616 0.10216346153846155
0 0.7554086538461539 0.32872596153846156 0.037259615384615384 0.042067307692307696
0 0.7770432692307693 0.3106971153846154 0.037259615384615384 0.03245192307692308
0 0.7992788461538461 0.2962740384615385 0.03365384615384616 0.03485576923076923
0 0.6772836538461539 0.4417067307692308 0.14543269230769232 0.12860576923076925
0 0.5985576923076923 0.4296875 0.04807692307692308 0.04927884615384616
0 0.6195913461538461 0.4134615384615385 0.046875 0.04326923076923077
0 0.6412259615384616 0.39603365384615385 0.046875 0.05168269230769231
0 0.6640625 0.37980769230769235 0.04447115384615385 0.04567307692307693
0 0.6838942307692308 0.3653846153846154 0.05048076923076923 0.040865384615384616
0 0.4675480769230769 0.31790865384615385 0.07211538461538462 0.06370192307692309
0 0.506610576923077 0.2722355769230769 0.109375 0.1045673076923077
0 0.5618990384615385 0.20492788461538464 0.1045673076923077 0.09975961538461539
0 0.6213942307692308 0.14423076923076925 0.10576923076923078 0.10817307692307693
0 0.5871394230769231 0.06430288461538462 0.06850961538461539 0.054086538461538464
0 0.569110576923077 0.08834134615384616 0.058894230769230775 0.05168269230769231
0 0.5486778846153847 0.10817307692307693 0.06850961538461539 0.05288461538461539
0 0.5360576923076923 0.1310096153846154 0.06009615384615385 0.05048076923076923
0 0.5126201923076923 0.15024038461538464 0.056490384615384616 0.05048076923076923
0 0.49699519230769235 0.171875 0.06850961538461539 0.057692307692307696
0 0.4795673076923077 0.19471153846153846 0.05288461538461539 0.04807692307692308
0 0.4669471153846154 0.21574519230769232 0.058894230769230775 0.042067307692307696
0 0.45072115384615385 0.2355769230769231 0.057692307692307696 0.04807692307692308
0 0.4296875 0.25841346153846156 0.05168269230769231 0.04326923076923077
0 0.4128605769230769 0.2824519230769231 0.05168269230769231 0.04567307692307693
0 0.2650240384615385 0.30168269230769235 0.11899038461538462 0.11057692307692309
0 0.36778846153846156 0.05709134615384616 0.20673076923076925 0.11418269230769232
0 0.21754807692307693 0.00841346153846154 0.06009615384615385 0.01682692307692308
0 0.18149038461538464 0.03125 0.0889423076923077 0.0625
0 0.13221153846153846 0.1436298076923077 0.09375 0.07091346153846154
0 0.19170673076923078 0.22235576923076925 0.07091346153846154 0.08173076923076923
0 0.013822115384615386 0.3425480769230769 0.02764423076923077 0.06490384615384616
0 0.029447115384615388 0.3040865384615385 0.058894230769230775 0.07932692307692309
0 0.04447115384615385 0.26021634615384615 0.06490384615384616 0.058894230769230775
