0 0.03185096153846154 0.12920673076923078 0.058894230769230775 0.03966346153846154
0 0.022235576923076924 0.037259615384615384 0.020432692307692308 0.04807692307692308
0 0.06911057692307693 0.3479567307692308 0.046875 0.056490384615384616
0 0.18509615384615385 0.3088942307692308 0.05528846153846154 0.04807692307692308
0 0.6334134615384616 0.3389423076923077 0.11057692307692309 0.038461538461538464
0 0.701923076923077 0.5132211538461539 0.05048076923076923 0.038461538461538464
0 0.5799278846153847 0.5018028846153847 0.078125 0.06850961538461539
0 0.6111778846153847 0.5751201923076923 0.0733173076923077 0.078125
0 0.2247596153846154 0.44711538461538464 0.038461538461538464 0.019230769230769232
0 0.11358173076923078 0.2998798076923077 0.03485576923076923 0.018028846153846156
