0 0.08954326923076923 0.6911057692307693 0.12379807692307693 0.13942307692307693
0 0.1808894230769231 0.6286057692307693 0.13341346153846154 0.13461538461538464
0 0.2776442307692308 0.5721153846153847 0.125 0.13701923076923078
0 0.3623798076923077 0.514423076923077 0.10697115384615385 0.12980769230769232
0 0.6328125 0.5024038461538461 0.07091346153846154 0.0889423076923077
0 0.6111778846153847 0.5180288461538461 0.07572115384615385 0.09615384615384616
0 0.5396634615384616 0.5582932692307693 0.07451923076923077 0.09975961538461539
0 0.5168269230769231 0.5763221153846154 0.08173076923076923 0.08774038461538462
0 0.4489182692307693 0.6153846153846154 0.07091346153846154 0.09855769230769232
0 0.4182692307692308 0.6376201923076923 0.0889423076923077 0.09735576923076923
0 0.3930288461538462 0.6580528846153847 0.07451923076923077 0.09495192307692309
0 0.3203125 0.6971153846153847 0.078125 0.09855769230769232
0 0.29747596153846156 0.7163461538461539 0.07572115384615385 0.09134615384615385
0 0.22596153846153846 0.7590144230769231 0.07451923076923077 0.09254807692307693
0 0.20252403846153846 0.7758413461538461 0.08293269230769232 0.09735576923076923
0 0.2746394230769231 0.8918269230769231 0.09735576923076923 0.12980769230769232
0 0.3058894230769231 0.8725961538461539 0.10697115384615385 0.13461538461538464
0 0.36117788461538464 0.834735576923077 0.109375 0.13341346153846154
0 0.3966346153846154 0.8118990384615385 0.11057692307692309 0.12620192307692307
0 0.45492788461538464 0.7752403846153847 0.11177884615384616 0.13461538461538464
0 0.4921875 0.7548076923076924 0.10697115384615385 0.13461538461538464
0 0.5252403846153847 0.7289663461538461 0.10336538461538462 0.13341346153846154
0 0.5865384615384616 0.6935096153846154 0.10817307692307693 0.13461538461538464
0 0.6189903846153847 0.6700721153846154 0.10817307692307693 0.1310096153846154
0 0.6748798076923077 0.6382211538461539 0.10697115384615385 0.13461538461538464
0 0.7043269230769231 0.6153846153846154 0.10096153846153846 0.12740384615384617
0 0.7283653846153847 0.7427884615384616 0.0625 0.08173076923076923
0 0.6826923076923077 0.7692307692307693 0.08173076923076923 0.09375
0 0.6502403846153847 0.7908653846153847 0.08413461538461539 0.09375
0 0.5895432692307693 0.8299278846153847 0.08533653846153846 0.09014423076923077
0 0.5558894230769231 0.850360576923077 0.08293269230769232 0.09495192307692309
0 0.5204326923076923 0.8713942307692308 0.07932692307692309 0.09134615384615385
0 0.4603365384615385 0.9122596153846154 0.07932692307692309 0.0889423076923077
0 0.42668269230769235 0.9332932692307693 0.07692307692307693 0.09735576923076923
0 0.3683894230769231 0.9615384615384616 0.07572115384615385 0.07692307692307693
0 0.33834134615384615 0.9741586538461539 0.07572115384615385 0.05168269230769231
0 0.05168269230769231 0.8756009615384616 0.10336538461538462 0.24879807692307693
0 0.10697115384615385 0.8551682692307693 0.2139423076923077 0.28966346153846156
