0 0.15745192307692307 0.2560096153846154 0.09375 0.09615384615384616
0 0.025841346153846156 0.48197115384615385 0.05168269230769231 0.09134615384615385
0 0.2355769230769231 0.38822115384615385 0.05288461538461539 0.038461538461538464
0 0.3082932692307693 0.4441105769230769 0.09014423076923077 0.078125
0 0.009014423076923078 0.6766826923076923 0.018028846153846156 0.05048076923076923
0 0.6832932692307693 0.7085336538461539 0.037259615384615384 0.03966346153846154
0 0.9933894230769231 0.3671875 0.013221153846153848 0.046875
0 0.6917067307692308 0.8545673076923077 0.08293269230769232 0.07932692307692309
0 0.6424278846153847 0.7662259615384616 0.054086538461538464 0.058894230769230775
0 0.5763221153846154 0.7355769230769231 0.11658653846153846 0.12259615384615385
0 0.29086538461538464 0.9717548076923077 0.06730769230769232 0.056490384615384616
