0 0.9849759615384616 0.009014423076923078 0.030048076923076924 0.018028846153846156
0 0.8731971153846154 0.015625 0.14783653846153846 0.021634615384615384
0 0.8756009615384616 0.048677884615384616 0.21033653846153846 0.022836538461538464
0 0.8647836538461539 0.08052884615384616 0.27043269230769235 0.026442307692307696
0 0.8419471153846154 0.11538461538461539 0.28966346153846156 0.02403846153846154
0 0.8064903846153847 0.14603365384615385 0.3004807692307693 0.022836538461538464
0 0.9903846153846154 0.1484375 0.019230769230769232 0.022836538461538464
0 0.9795673076923077 0.1808894230769231 0.040865384615384616 0.022836538461538464
0 0.967548076923077 0.203125 0.06490384615384616 0.021634615384615384
0 0.9591346153846154 0.22716346153846156 0.08173076923076923 0.026442307692307696
0 0.9411057692307693 0.2536057692307692 0.11778846153846155 0.028846153846153848
0 0.9272836538461539 0.2794471153846154 0.14543269230769232 0.030048076923076924
0 0.9158653846153847 0.3034855769230769 0.16826923076923078 0.022836538461538464
0 0.7698317307692308 0.17608173076923078 0.3040865384615385 0.018028846153846156
0 0.7415865384615385 0.21274038461538464 0.31009615384615385 0.02403846153846154
0 0.7079326923076924 0.24579326923076925 0.2956730769230769 0.02764423076923077
0 0.6778846153846154 0.27824519230769235 0.3028846153846154 0.022836538461538464
0 0.6424278846153847 0.3082932692307693 0.30649038461538464 0.022836538461538464
0 0.608173076923077 0.34134615384615385 0.3028846153846154 0.02403846153846154
0 0.5751201923076923 0.37259615384615385 0.30168269230769235 0.026442307692307696
0 0.5408653846153847 0.4086538461538462 0.3028846153846154 0.02403846153846154
0 0.9176682692307693 0.3311298076923077 0.16466346153846154 0.022836538461538464
0 0.8870192307692308 0.3545673076923077 0.22596153846153846 0.026442307692307696
0 0.8768028846153847 0.37980769230769235 0.24639423076923078 0.02403846153846154
0 0.858173076923077 0.40324519230769235 0.28365384615384615 0.02764423076923077
0 0.84375 0.4296875 0.3125 0.02764423076923077
0 0.8798076923076924 0.8762019230769231 0.2403846153846154 0.24759615384615385
0 0.8335336538461539 0.45372596153846156 0.3137019230769231 0.02764423076923077
0 0.8022836538461539 0.4789663461538462 0.3353365384615385 0.02764423076923077
0 0.7824519230769231 0.5024038461538461 0.3317307692307693 0.026442307692307696
0 0.7548076923076924 0.5276442307692308 0.31730769230769235 0.026442307692307696
0 0.7295673076923077 0.5546875 0.3293269230769231 0.02764423076923077
0 0.7055288461538461 0.578125 0.3197115384615385 0.03365384615384616
0 0.6724759615384616 0.6039663461538461 0.3137019230769231 0.030048076923076924
0 0.6496394230769231 0.6280048076923077 0.32572115384615385 0.03245192307692308
0 0.6262019230769231 0.6556490384615385 0.3293269230769231 0.030048076923076924
0 0.592548076923077 0.678485576923077 0.3245192307692308 0.025240384615384616
0 0.5703125 0.7037259615384616 0.33052884615384615 0.030048076923076924
0 0.5462740384615385 0.7295673076923077 0.33052884615384615 0.026442307692307696
0 0.5126201923076923 0.7536057692307693 0.328125 0.026442307692307696
0 0.4963942307692308 0.7806490384615385 0.32211538461538464 0.02764423076923077
0 0.47716346153846156 0.8010817307692308 0.31490384615384615 0.025240384615384616
0 0.45853365384615385 0.8275240384615385 0.2848557692307693 0.030048076923076924
0 0.45072115384615385 0.8509615384615385 0.2572115384615385 0.021634615384615384
0 0.46153846153846156 0.8798076923076924 0.19230769230769232 0.026442307692307696
0 0.4513221153846154 0.9026442307692308 0.140625 0.019230769230769232
0 0.4495192307692308 0.9308894230769231 0.09855769230769232 0.020432692307692308
0 0.453125 0.9573317307692308 0.06009615384615385 0.020432692307692308
0 0.5054086538461539 0.43870192307692313 0.296875 0.02403846153846154
0 0.4681490384615385 0.4729567307692308 0.29927884615384615 0.025240384615384616
0 0.43810096153846156 0.5054086538461539 0.3137019230769231 0.025240384615384616
0 0.4008413461538462 0.5384615384615385 0.3040865384615385 0.02403846153846154
0 0.37199519230769235 0.5709134615384616 0.3040865384615385 0.026442307692307696
0 0.3353365384615385 0.6045673076923077 0.3028846153846154 0.026442307692307696
0 0.3088942307692308 0.639423076923077 0.3004807692307693 0.02403846153846154
0 0.2890625 0.670673076923077 0.2608173076923077 0.02403846153846154
0 0.28185096153846156 0.7013221153846154 0.20552884615384617 0.02764423076923077
0 0.28305288461538464 0.7349759615384616 0.140625 0.020432692307692308
0 0.28365384615384615 0.7680288461538461 0.07692307692307693 0.021634615384615384
