0 0.6544471153846154 0.8185096153846154 0.04927884615384616 0.040865384615384616
0 0.4050480769230769 0.734375 0.14182692307692307 0.13942307692307693
0 0.5162259615384616 0.6117788461538461 0.08533653846153846 0.10336538461538462
0 0.4368990384615385 0.4681490384615385 0.11177884615384616 0.10216346153846155
0 0.39603365384615385 0.44290865384615385 0.037259615384615384 0.042067307692307696
0 0.4176682692307693 0.4248798076923077 0.037259615384615384 0.03245192307692308
0 0.4399038461538462 0.4104567307692308 0.03365384615384616 0.03485576923076923
0 0.31790865384615385 0.5558894230769231 0.14543269230769232 0.12860576923076925
0 0.23918269230769232 0.5438701923076923 0.04807692307692308 0.04927884615384616
0 0.26021634615384615 0.5276442307692308 0.046875 0.04326923076923077
0 0.28185096153846156 0.5102163461538461 0.046875 0.05168269230769231
0 0.3046875 0.49399038461538464 0.04447115384615385 0.04567307692307693
0 0.3245192307692308 0.4795673076923077 0.05048076923076923 0.040865384615384616
0 0.10817307692307693 0.4320913461538462 0.07211538461538462 0.06370192307692309
0 0.14723557692307693 0.3864182692307693 0.109375 0.1045673076923077
0 0.20252403846153846 0.3191105769230769 0.1045673076923077 0.09975961538461539
0 0.2620192307692308 0.25841346153846156 0.10576923076923078 0.10817307692307693
0 0.2277644230769231 0.17848557692307693 0.06850961538461539 0.054086538461538464
0 0.20973557692307693 0.20252403846153846 0.058894230769230775 0.05168269230769231
0 0.18930288461538464 0.22235576923076925 0.06850961538461539 0.05288461538461539
0 0.17668269230769232 0.2451923076923077 0.06009615384615385 0.05048076923076923
0 0.15324519230769232 0.2644230769230769 0.056490384615384616 0.05048076923076923
0 0.13762019230769232 0.28605769230769235 0.06850961538461539 0.057692307692307696
0 0.1201923076923077 0.3088942307692308 0.05288461538461539 0.04807692307692308
0 0.10757211538461539 0.32992788461538464 0.058894230769230775 0.042067307692307696
0 0.09134615384615385 0.3497596153846154 0.057692307692307696 0.04807692307692308
0 0.0703125 0.37259615384615385 0.05168269230769231 0.04326923076923077
0 0.05348557692307693 0.3966346153846154 0.05168269230769231 0.04567307692307693
0 0.05588942307692308 0.13461538461538464 0.11177884615384616 0.1875
