0 0.9771634615384616 0.6586538461538461 0.02403846153846154 0.026442307692307696
0 0.8846153846153847 0.826923076923077 0.03365384615384616 0.038461538461538464
0 0.9314903846153847 0.8629807692307693 0.03605769230769231 0.040865384615384616
0 0.9771634615384616 0.9080528846153847 0.04567307692307693 0.09975961538461539
0 0.5006009615384616 0.31310096153846156 0.042067307692307696 0.03245192307692308
0 0.6045673076923077 0.40685096153846156 0.04807692307692308 0.03245192307692308
0 0.6520432692307693 0.41466346153846156 0.046875 0.04326923076923077
0 0.6899038461538461 0.4356971153846154 0.04567307692307693 0.046875
0 0.4963942307692308 0.5763221153846154 0.0625 0.0733173076923077
0 0.545673076923077 0.600360576923077 0.026442307692307696 0.030048076923076924
0 0.6448317307692308 0.6412259615384616 0.06850961538461539 0.07572115384615385
0 0.6826923076923077 0.670673076923077 0.028846153846153848 0.03605769230769231
