0 0.6268028846153847 0.34555288461538464 0.03245192307692308 0.030048076923076924
0 0.6736778846153847 0.34435096153846156 0.03245192307692308 0.03245192307692308
0 0.8858173076923077 0.006009615384615385 0.03125 0.01201923076923077
0 0.9200721153846154 0.19711538461538464 0.11899038461538462 0.0625
0 0.6712740384615385 0.7055288461538461 0.02764423076923077 0.03125
0 0.640625 0.7025240384615385 0.026442307692307696 0.02764423076923077
0 0.6141826923076923 0.8088942307692308 0.08173076923076923 0.11778846153846155
0 0.5540865384615385 0.7932692307692308 0.08413461538461539 0.10817307692307693
0 0.4681490384615385 0.8377403846153847 0.02764423076923077 0.028846153846153848
0 0.4176682692307693 0.7998798076923077 0.08293269230769232 0.05168269230769231
0 0.27824519230769235 0.7493990384615385 0.11418269230769232 0.08052884615384616
