0 0.32091346153846156 0.01201923076923077 0.15625 0.02403846153846154
0 0.21634615384615385 0.025240384615384616 0.10336538461538462 0.05048076923076923
0 0.3617788461538462 0.05228365384615385 0.1514423076923077 0.1045673076923077
0 0.3936298076923077 0.13341346153846154 0.11899038461538462 0.12980769230769232
0 0.4711538461538462 0.13822115384615385 0.11057692307692309 0.11298076923076923
0 0.5018028846153847 0.20793269230769232 0.11658653846153846 0.10576923076923078
0 0.2608173076923077 0.08774038461538462 0.09855769230769232 0.1201923076923077
0 0.29927884615384615 0.1778846153846154 0.09134615384615385 0.11298076923076923
0 0.4170673076923077 0.23016826923076925 0.11057692307692309 0.11418269230769232
0 0.44591346153846156 0.3058894230769231 0.09855769230769232 0.10216346153846155
0 0.48497596153846156 0.3840144230769231 0.09495192307692309 0.09735576923076923
0 0.17247596153846154 0.09014423076923077 0.109375 0.12980769230769232
0 0.11418269230769232 0.11899038461538462 0.07932692307692309 0.12259615384615385
0 0.1484375 0.2325721153846154 0.09735576923076923 0.13341346153846154
0 0.22716346153846156 0.2013221153846154 0.10096153846153846 0.1310096153846154
0 0.34375 0.2620192307692308 0.09855769230769232 0.10576923076923078
0 0.265625 0.2956730769230769 0.09375 0.10336538461538462
0 0.37199519230769235 0.3419471153846154 0.08533653846153846 0.10697115384615385
0 0.2998798076923077 0.3653846153846154 0.08533653846153846 0.08653846153846154
0 0.19110576923076925 0.3263221153846154 0.09134615384615385 0.10697115384615385
0 0.0703125 0.23918269230769232 0.09735576923076923 0.08653846153846154
0 0.0859375 0.2902644230769231 0.08774038461538462 0.08293269230769232
0 0.019230769230769232 0.26802884615384615 0.038461538461538464 0.08173076923076923
0 0.03185096153846154 0.328125 0.06370192307692309 0.08173076923076923
0 0.1171875 0.3617788461538462 0.09975961538461539 0.11057692307692309
0 0.045072115384615384 0.3900240384615385 0.09014423076923077 0.10697115384615385
0 0.2217548076923077 0.4104567307692308 0.08533653846153846 0.08293269230769232
0 0.00841346153846154 0.4200721153846154 0.01682692307692308 0.1045673076923077
0 0.4014423076923077 0.4170673076923077 0.08413461538461539 0.09615384615384616
0 0.5174278846153847 0.45853365384615385 0.1045673076923077 0.11418269230769232
0 0.4411057692307693 0.4945913461538462 0.09855769230769232 0.09975961538461539
0 0.33293269230769235 0.4477163461538462 0.08653846153846154 0.09495192307692309
0 0.36478365384615385 0.5228365384615384 0.10216346153846155 0.10817307692307693
0 0.39603365384615385 0.6051682692307693 0.09254807692307693 0.09254807692307693
0 0.3293269230769231 0.6352163461538461 0.09615384615384616 0.09495192307692309
0 0.2590144230769231 0.4801682692307693 0.09735576923076923 0.09014423076923077
0 0.29146634615384615 0.5516826923076923 0.09495192307692309 0.10336538461538462
0 0.14903846153846154 0.4362980769230769 0.09134615384615385 0.09134615384615385
0 0.18689903846153846 0.5084134615384616 0.08533653846153846 0.09134615384615385
0 0.22055288461538464 0.5871394230769231 0.09735576923076923 0.10697115384615385
0 0.07752403846153846 0.4669471153846154 0.09014423076923077 0.09975961538461539
0 0.10576923076923078 0.5438701923076923 0.08173076923076923 0.09735576923076923
0 0.14603365384615385 0.6231971153846154 0.10216346153846155 0.1045673076923077
0 0.02403846153846154 0.5018028846153847 0.04807692307692308 0.09975961538461539
0 0.04026442307692308 0.5775240384615385 0.08052884615384616 0.09495192307692309
0 0.06670673076923077 0.6556490384615385 0.10216346153846155 0.109375
0 0.0234375 0.6875 0.046875 0.11778846153846155
0 0.0078125 0.6123798076923077 0.015625 0.10697115384615385
0 0.08413461538461539 0.8100961538461539 0.09855769230769232 0.13461538461538464
0 0.04266826923076923 0.8311298076923077 0.08533653846153846 0.1358173076923077
