0 0.4242788461538462 0.07451923076923077 0.8485576923076924 0.14903846153846154
0 0.4326923076923077 0.11358173076923078 0.8653846153846154 0.22716346153846156
0 0.421875 0.15324519230769232 0.84375 0.30649038461538464
0 0.8587740384615385 0.022836538461538464 0.2824519230769231 0.04567307692307693
0 0.8221153846153847 0.08413461538461539 0.3557692307692308 0.05528846153846154
0 0.78125 0.15084134615384617 0.4375 0.054086538461538464
0 0.7421875 0.2199519230769231 0.515625 0.0625
0 0.703125 0.2878605769230769 0.59375 0.07091346153846154
0 0.6640625 0.3515625 0.671875 0.078125
0 0.6183894230769231 0.4206730769230769 0.7632211538461539 0.08413461538461539
0 0.5727163461538461 0.48918269230769235 0.8545673076923077 0.08413461538461539
0 0.5264423076923077 0.5600961538461539 0.9471153846153847 0.08413461538461539
0 0.5138221153846154 0.6304086538461539 0.9723557692307693 0.078125
0 0.522235576923077 0.701923076923077 0.9555288461538463 0.08173076923076923
0 0.506610576923077 0.7776442307692308 0.890625 0.07692307692307693
0 0.4669471153846154 0.8401442307692308 0.7920673076923077 0.07692307692307693
0 0.4326923076923077 0.9110576923076924 0.6826923076923077 0.07211538461538462
0 0.3978365384615385 0.9699519230769231 0.576923076923077 0.06009615384615385
