0 0.5853365384615385 0.2722355769230769 0.13942307692307693 0.020432692307692308
0 0.5871394230769231 0.2878605769230769 0.1358173076923077 0.018028846153846156
0 0.584735576923077 0.30168269230769235 0.140625 0.01682692307692308
0 0.5841346153846154 0.3185096153846154 0.13461538461538464 0.019230769230769232
0 0.5835336538461539 0.33353365384615385 0.1358173076923077 0.022836538461538464
0 0.5396634615384616 0.3527644230769231 0.040865384615384616 0.015625
0 0.6141826923076923 0.3695913461538462 0.07451923076923077 0.013221153846153848
0 0.6147836538461539 0.3828125 0.07572115384615385 0.018028846153846156
0 0.6111778846153847 0.4008413461538462 0.06850961538461539 0.018028846153846156
0 0.6129807692307693 0.4164663461538462 0.07211538461538462 0.018028846153846156
0 0.6135817307692308 0.4296875 0.07572115384615385 0.018028846153846156
0 0.6117788461538461 0.44651442307692313 0.06971153846153846 0.020432692307692308
0 0.6105769230769231 0.46213942307692313 0.06730769230769232 0.018028846153846156
0 0.608173076923077 0.47776442307692313 0.07451923076923077 0.013221153846153848
0 0.6105769230769231 0.4945913461538462 0.06971153846153846 0.018028846153846156
0 0.608173076923077 0.5132211538461539 0.06730769230769232 0.019230769230769232
0 0.608173076923077 0.5270432692307693 0.06730769230769232 0.018028846153846156
0 0.8016826923076924 0.5294471153846154 0.07451923076923077 0.018028846153846156
0 0.8058894230769231 0.7884615384615385 0.04927884615384616 0.07211538461538462
