0 0.006009615384615385 0.10516826923076923 0.01201923076923077 0.05168269230769231
0 0.11177884615384616 0.006610576923076924 0.05528846153846154 0.013221153846153848
0 0.15204326923076925 0.02463942307692308 0.06129807692307693 0.04927884615384616
0 0.19771634615384617 0.054086538461538464 0.06370192307692309 0.06009615384615385
0 0.24579326923076925 0.08834134615384616 0.06610576923076923 0.056490384615384616
0 0.17307692307692307 0.09555288461538462 0.06009615384615385 0.04927884615384616
0 0.21334134615384617 0.1280048076923077 0.042067307692307696 0.037259615384615384
0 0.11478365384615385 0.12379807692307693 0.037259615384615384 0.038461538461538464
0 0.09014423076923077 0.15324519230769232 0.04326923076923077 0.042067307692307696
0 0.15685096153846154 0.15324519230769232 0.05168269230769231 0.05168269230769231
0 0.1268028846153846 0.18629807692307693 0.05168269230769231 0.04326923076923077
0 0.5036057692307693 0.3233173076923077 0.05288461538461539 0.05048076923076923
0 0.4711538461538462 0.36418269230769235 0.05288461538461539 0.05288461538461539
0 0.4513221153846154 0.3888221153846154 0.042067307692307696 0.03966346153846154
0 0.4368990384615385 0.45432692307692313 0.0733173076923077 0.06009615384615385
0 0.4074519230769231 0.4921875 0.05528846153846154 0.06370192307692309
0 0.46153846153846156 0.5360576923076923 0.08653846153846154 0.07692307692307693
0 0.5096153846153847 0.5174278846153847 0.06490384615384616 0.05168269230769231
0 0.5775240384615385 0.33653846153846156 0.07091346153846154 0.06490384615384616
0 0.623798076923077 0.3780048076923077 0.040865384615384616 0.037259615384615384
0 0.6045673076923077 0.40324519230769235 0.05048076923076923 0.04927884615384616
0 0.553485576923077 0.36899038461538464 0.08293269230769232 0.07451923076923077
0 0.5276442307692308 0.40625 0.08173076923076923 0.06730769230769232
0 0.5018028846153847 0.4326923076923077 0.06850961538461539 0.06009615384615385
0 0.5859375 0.45012019230769235 0.0733173076923077 0.06850961538461539
0 0.5643028846153847 0.48137019230769235 0.06850961538461539 0.054086538461538464
0 0.6466346153846154 0.49699519230769235 0.07451923076923077 0.07091346153846154
0 0.6201923076923077 0.5258413461538461 0.06971153846153846 0.06129807692307693
0 0.7163461538461539 0.4477163461538462 0.03365384615384616 0.03485576923076923
0 0.7373798076923077 0.5108173076923077 0.0733173076923077 0.07451923076923077
0 0.7614182692307693 0.4831730769230769 0.06850961538461539 0.05528846153846154
0 0.8076923076923077 0.5174278846153847 0.040865384615384616 0.03966346153846154
0 0.7860576923076924 0.5474759615384616 0.05528846153846154 0.05168269230769231
0 0.7542067307692308 0.5799278846153847 0.054086538461538464 0.046875
0 0.7073317307692308 0.5498798076923077 0.0733173076923077 0.06850961538461539
0 0.733173076923077 0.6141826923076923 0.04807692307692308 0.038461538461538464
0 0.6814903846153847 0.5763221153846154 0.07211538461538462 0.06129807692307693
0 0.7163461538461539 0.6730769230769231 0.04567307692307693 0.05048076923076923
0 0.6730769230769231 0.71875 0.05288461538461539 0.06490384615384616
0 0.29086538461538464 0.8149038461538461 0.028846153846153848 0.026442307692307696
0 0.0390625 0.9711538461538463 0.078125 0.057692307692307696
0 0.021033653846153848 0.06790865384615385 0.042067307692307696 0.042067307692307696
