0 0.056490384615384616 0.631610576923077 0.08413461538461539 0.054086538461538464
0 0.4296875 0.39122596153846156 0.058894230769230775 0.03966346153846154
0 0.3635817307692308 0.4020432692307693 0.04927884615384616 0.06129807692307693
0 0.4200721153846154 0.29927884615384615 0.020432692307692308 0.04807692307692308
0 0.4669471153846154 0.6099759615384616 0.046875 0.056490384615384616
0 0.5829326923076923 0.5709134615384616 0.05528846153846154 0.04807692307692308
0 0.8978365384615385 0.06971153846153846 0.03605769230769231 0.04567307692307693
0 0.9735576923076924 0.058894230769230775 0.05048076923076923 0.04326923076923077
0 0.9963942307692308 0.09975961538461539 0.007211538461538462 0.0625
0 0.9879807692307693 0.6009615384615385 0.02403846153846154 0.038461538461538464
0 0.9693509615384616 0.7638221153846154 0.06129807692307693 0.06850961538461539
0 0.9861778846153847 0.8371394230769231 0.02764423076923077 0.078125
0 0.6225961538461539 0.7091346153846154 0.038461538461538464 0.019230769230769232
0 0.005408653846153846 0.7620192307692308 0.010817307692307692 0.08173076923076923
0 0.01622596153846154 0.8323317307692308 0.03245192307692308 0.07572115384615385
0 0.026442307692307696 0.8978365384615385 0.05288461538461539 0.07932692307692309
0 0.033052884615384616 0.9651442307692308 0.06370192307692309 0.06971153846153846
0 0.5114182692307693 0.5618990384615385 0.03485576923076923 0.018028846153846156
