0 0.8016826923076924 0.4765625 0.10096153846153846 0.11418269230769232
0 0.7289663461538461 0.4561298076923077 0.08774038461538462 0.10697115384615385
0 0.6604567307692308 0.42668269230769235 0.09254807692307693 0.10817307692307693
0 0.5871394230769231 0.4074519230769231 0.09735576923076923 0.11298076923076923
0 0.5072115384615384 0.37980769230769235 0.09855769230769232 0.09375
0 0.7373798076923077 0.8118990384615385 0.10216346153846155 0.11177884615384616
0 0.6616586538461539 0.7938701923076924 0.09254807692307693 0.1045673076923077
0 0.5931490384615385 0.7710336538461539 0.09735576923076923 0.109375
0 0.5180288461538461 0.7457932692307693 0.10096153846153846 0.11177884615384616
0 0.4441105769230769 0.725360576923077 0.10216346153846155 0.11418269230769232
