0 0.07992788461538462 0.32992788461538464 0.05168269230769231 0.03966346153846154
0 0.08954326923076923 0.3629807692307693 0.04447115384615385 0.03605769230769231
0 0.1045673076923077 0.38762019230769235 0.04567307692307693 0.030048076923076924
0 0.11899038461538462 0.4152644230769231 0.04326923076923077 0.03245192307692308
0 0.12920673076923078 0.4417067307692308 0.046875 0.025240384615384616
0 0.14302884615384617 0.46935096153846156 0.04567307692307693 0.030048076923076924
0 0.15504807692307693 0.49699519230769235 0.04326923076923077 0.03245192307692308
0 0.19290865384615385 0.7133413461538461 0.09254807692307693 0.1358173076923077
0 0.2884615384615385 0.6989182692307693 0.09615384615384616 0.09254807692307693
0 0.3467548076923077 0.928485576923077 0.05168269230769231 0.04447115384615385
0 0.7848557692307693 0.09014423076923077 0.12740384615384617 0.15384615384615385
0 0.5432692307692308 0.4915865384615385 0.08173076923076923 0.10817307692307693
0 0.5907451923076923 0.6039663461538461 0.08293269230769232 0.11177884615384616
0 0.46274038461538464 0.5889423076923077 0.1466346153846154 0.23798076923076925
0 0.5174278846153847 0.7397836538461539 0.06850961538461539 0.08533653846153846
0 0.5474759615384616 0.8076923076923077 0.06610576923076923 0.08653846153846154
0 0.5564903846153847 0.7229567307692308 0.06490384615384616 0.08774038461538462
0 0.5817307692307693 0.7896634615384616 0.06971153846153846 0.0889423076923077
