0 0.9242788461538463 0.569110576923077 0.1514423076923077 0.5733173076923077
0 0.8617788461538463 0.011418269230769232 0.2764423076923077 0.022836538461538464
0 0.8527644230769231 0.03245192307692308 0.29447115384615385 0.026442307692307696
0 0.842548076923077 0.057692307692307696 0.31490384615384615 0.026442307692307696
0 0.8185096153846154 0.08473557692307693 0.3293269230769231 0.02764423076923077
0 0.7944711538461539 0.10817307692307693 0.3197115384615385 0.03365384615384616
0 0.7614182692307693 0.13401442307692307 0.3137019230769231 0.030048076923076924
0 0.7385817307692308 0.15805288461538464 0.32572115384615385 0.03245192307692308
0 0.7151442307692308 0.1856971153846154 0.3293269230769231 0.030048076923076924
0 0.6814903846153847 0.20853365384615385 0.3245192307692308 0.025240384615384616
0 0.6592548076923077 0.23377403846153846 0.33052884615384615 0.030048076923076924
0 0.6352163461538461 0.25961538461538464 0.33052884615384615 0.026442307692307696
0 0.6015625 0.28365384615384615 0.328125 0.026442307692307696
0 0.5853365384615385 0.3106971153846154 0.32211538461538464 0.02764423076923077
0 0.5661057692307693 0.3311298076923077 0.31490384615384615 0.025240384615384616
0 0.5474759615384616 0.3575721153846154 0.2848557692307693 0.030048076923076924
0 0.5396634615384616 0.3810096153846154 0.2572115384615385 0.021634615384615384
0 0.5504807692307693 0.4098557692307693 0.19230769230769232 0.026442307692307696
0 0.5402644230769231 0.4326923076923077 0.140625 0.019230769230769232
0 0.5384615384615385 0.4609375 0.09855769230769232 0.020432692307692308
0 0.5420673076923077 0.4873798076923077 0.06009615384615385 0.020432692307692308
0 0.5570913461538461 0.0078125 0.29927884615384615 0.015625
0 0.5270432692307693 0.03545673076923077 0.3137019230769231 0.025240384615384616
0 0.48978365384615385 0.06850961538461539 0.3040865384615385 0.02403846153846154
0 0.4609375 0.10096153846153846 0.3040865384615385 0.026442307692307696
0 0.4242788461538462 0.13461538461538464 0.3028846153846154 0.026442307692307696
0 0.3978365384615385 0.16947115384615385 0.3004807692307693 0.02403846153846154
0 0.3780048076923077 0.20072115384615385 0.2608173076923077 0.02403846153846154
0 0.3707932692307693 0.23137019230769232 0.20552884615384617 0.02764423076923077
0 0.37199519230769235 0.2650240384615385 0.140625 0.020432692307692308
0 0.37259615384615385 0.2980769230769231 0.07692307692307693 0.021634615384615384
0 0.03185096153846154 0.45012019230769235 0.06370192307692309 0.171875
0 0.1280048076923077 0.6466346153846154 0.1935096153846154 0.19711538461538464
0 0.06670673076923077 0.7289663461538461 0.13341346153846154 0.1983173076923077
0 0.01622596153846154 0.811298076923077 0.03245192307692308 0.19230769230769232
0 0.27824519230769235 0.8070913461538461 0.07572115384615385 0.03245192307692308
0 0.27103365384615385 0.8341346153846154 0.1045673076923077 0.04326923076923077
0 0.2644230769230769 0.8587740384615385 0.1514423076923077 0.054086538461538464
0 0.25240384615384615 0.8864182692307693 0.2139423076923077 0.06370192307692309
0 0.2451923076923077 0.9116586538461539 0.2644230769230769 0.0733173076923077
0 0.8359375 0.7962740384615385 0.20552884615384617 0.21514423076923078
0 0.2295673076923077 0.9393028846153847 0.3245192307692308 0.09254807692307693
0 0.23317307692307693 0.9573317307692308 0.3509615384615385 0.08533653846153846
0 0.28966346153846156 0.9681490384615385 0.2692307692307693 0.06370192307692309
0 0.2950721153846154 0.9759615384615385 0.28966346153846156 0.04807692307692308
