0 0.740985576923077 0.33774038461538464 0.05168269230769231 0.04326923076923077
0 0.6820913461538461 0.4489182692307693 0.11418269230769232 0.11177884615384616
0 0.33353365384615385 0.43449519230769235 0.15504807692307693 0.12620192307692307
0 0.19170673076923078 0.5102163461538461 0.16466346153846154 0.12379807692307693
0 0.048677884615384616 0.7397836538461539 0.09735576923076923 0.12139423076923078
0 0.9332932692307693 0.5336538461538461 0.13341346153846154 0.19471153846153846
0 0.5600961538461539 0.7115384615384616 0.06490384615384616 0.07451923076923077
0 0.48918269230769235 0.7481971153846154 0.05048076923076923 0.07572115384615385
0 0.3966346153846154 0.8197115384615385 0.20192307692307693 0.14903846153846154
0 0.21814903846153846 0.8575721153846154 0.09735576923076923 0.11899038461538462
0 0.16887019230769232 0.7728365384615385 0.09735576923076923 0.10817307692307693
0 0.12980769230769232 0.6905048076923077 0.07211538461538462 0.09495192307692309
0 0.1778846153846154 0.6580528846153847 0.09855769230769232 0.09014423076923077
0 0.23918269230769232 0.7788461538461539 0.11298076923076923 0.21153846153846156
