0 0.3840144230769231 0.058894230769230775 0.1935096153846154 0.11778846153846155
0 0.2932692307692308 0.1015625 0.19230769230769232 0.1983173076923077
0 0.1905048076923077 0.18389423076923078 0.19591346153846154 0.19230769230769232
0 0.5342548076923077 0.1796875 0.07572115384615385 0.03245192307692308
0 0.5270432692307693 0.20673076923076925 0.1045673076923077 0.04326923076923077
0 0.5204326923076923 0.23137019230769232 0.1514423076923077 0.054086538461538464
0 0.5084134615384616 0.2590144230769231 0.2139423076923077 0.06370192307692309
0 0.5012019230769231 0.2842548076923077 0.2644230769230769 0.0733173076923077
0 0.0967548076923077 0.2644230769230769 0.1935096153846154 0.19951923076923078
0 0.048677884615384616 0.34915865384615385 0.09735576923076923 0.19591346153846154
0 0.48557692307692313 0.3118990384615385 0.3245192307692308 0.09254807692307693
0 0.48918269230769235 0.33293269230769235 0.3509615384615385 0.09134615384615385
0 0.545673076923077 0.3467548076923077 0.2692307692307693 0.07572115384615385
0 0.5510817307692308 0.3671875 0.28966346153846156 0.08533653846153846
0 0.4837740384615385 0.40324519230769235 0.2512019230769231 0.07091346153846154
0 0.5576923076923077 0.43449519230769235 0.2932692307692308 0.08052884615384616
0 0.5336538461538461 0.46213942307692313 0.2451923076923077 0.0733173076923077
0 0.5246394230769231 0.48617788461538464 0.18149038461538464 0.054086538461538464
0 0.5096153846153847 0.5108173076923077 0.12740384615384617 0.040865384615384616
0 0.6850961538461539 0.5414663461538461 0.3269230769230769 0.08533653846153846
0 0.6923076923076923 0.5661057692307693 0.35336538461538464 0.09375
0 0.7067307692307693 0.5859375 0.34855769230769235 0.09014423076923077
0 0.7259615384615385 0.6057692307692308 0.3509615384615385 0.0889423076923077
0 0.7451923076923077 0.623798076923077 0.3557692307692308 0.09134615384615385
0 0.7530048076923077 0.6412259615384616 0.3449519230769231 0.09254807692307693
0 0.7560096153846154 0.6670673076923077 0.2932692307692308 0.08173076923076923
0 0.734375 0.7169471153846154 0.18509615384615385 0.06129807692307693
0 0.7457932692307693 0.6893028846153847 0.24639423076923078 0.0733173076923077
0 0.725360576923077 0.740985576923077 0.14302884615384617 0.046875
