0 0.795673076923077 0.11538461538461539 0.08653846153846154 0.07692307692307693
0 0.7319711538461539 0.058894230769230775 0.0889423076923077 0.08413461538461539
0 0.6670673076923077 0.022836538461538464 0.0889423076923077 0.04567307692307693
0 0.6538461538461539 0.14423076923076925 0.22115384615384617 0.20673076923076925
0 0.6322115384615385 0.46875 0.08173076923076923 0.07211538461538462
0 0.6646634615384616 0.5048076923076923 0.07932692307692309 0.07692307692307693
0 0.6995192307692308 0.545673076923077 0.07692307692307693 0.07211538461538462
0 0.734375 0.5829326923076923 0.07932692307692309 0.06971153846153846
0 0.7716346153846154 0.623798076923077 0.08653846153846154 0.07451923076923077
0 0.9735576923076924 0.09134615384615385 0.05288461538461539 0.125
