0 0.5901442307692308 0.47716346153846156 0.06971153846153846 0.040865384615384616
0 0.6634615384615385 0.5048076923076923 0.07692307692307693 0.04807692307692308
0 0.9627403846153847 0.7548076923076924 0.07451923076923077 0.08653846153846154
0 0.90625 0.7367788461538461 0.06730769230769232 0.08413461538461539
0 0.9411057692307693 0.8317307692307693 0.06971153846153846 0.08173076923076923
0 0.8822115384615385 0.8149038461538461 0.06730769230769232 0.07692307692307693
0 0.7584134615384616 0.7848557692307693 0.10336538461538462 0.0889423076923077
0 0.6670673076923077 0.7524038461538461 0.10817307692307693 0.08173076923076923
0 0.44230769230769235 0.6802884615384616 0.19711538461538464 0.1201923076923077
0 0.24399038461538464 0.6213942307692308 0.08413461538461539 0.07932692307692309
0 0.15504807692307693 0.5901442307692308 0.08413461538461539 0.07932692307692309
