0 0.17067307692307693 0.028846153846153848 0.06730769230769232 0.057692307692307696
0 0.22716346153846156 0.022836538461538464 0.05048076923076923 0.04567307692307693
0 0.3185096153846154 0.021634615384615384 0.0889423076923077 0.04326923076923077
0 0.06850961538461539 0.6454326923076923 0.13701923076923078 0.13221153846153846
0 0.1875 0.5661057692307693 0.08653846153846154 0.06009615384615385
0 0.26322115384615385 0.53125 0.0889423076923077 0.057692307692307696
0 0.3425480769230769 0.576923076923077 0.06490384615384616 0.14903846153846154
0 0.3509615384615385 0.5192307692307693 0.05288461538461539 0.07211538461538462
0 0.3737980769230769 0.5973557692307693 0.06490384615384616 0.08413461538461539
0 0.671875 0.5853365384615385 0.11298076923076923 0.07932692307692309
0 0.7944711538461539 0.19110576923076925 0.13701923076923078 0.0889423076923077
0 0.890625 0.19951923076923078 0.08413461538461539 0.0625
0 0.8449519230769231 0.5060096153846154 0.040865384615384616 0.03125
