0 0.12379807692307693 0.31730769230769235 0.03605769230769231 0.028846153846153848
0 0.2920673076923077 0.4411057692307693 0.06490384615384616 0.06009615384615385
0 0.9951923076923077 0.021634615384615384 0.009615384615384616 0.04326923076923077
0 0.9783653846153847 0.06009615384615385 0.04326923076923077 0.05288461538461539
0 0.9651442307692308 0.08293269230769232 0.040865384615384616 0.040865384615384616
0 0.9507211538461539 0.15024038461538464 0.07451923076923077 0.06009615384615385
0 0.920673076923077 0.18629807692307693 0.057692307692307696 0.06490384615384616
0 0.9651442307692308 0.23076923076923078 0.06971153846153846 0.07692307692307693
0 0.9951923076923077 0.21153846153846156 0.009615384615384616 0.05288461538461539
0 0.9903846153846154 0.12860576923076925 0.019230769230769232 0.06009615384615385
0 0.967548076923077 0.9146634615384616 0.06490384615384616 0.10817307692307693
0 0.8040865384615385 0.5096153846153847 0.03125 0.02403846153846154
0 0.5288461538461539 0.6838942307692308 0.125 0.09375
0 0.2644230769230769 0.7536057692307693 0.04326923076923077 0.026442307692307696
0 0.3497596153846154 0.5841346153846154 0.16105769230769232 0.11057692307692309
