0 0.45072115384615385 0.20673076923076925 0.19471153846153846 0.08173076923076923
0 0.3076923076923077 0.2247596153846154 0.09134615384615385 0.06490384615384616
0 0.4807692307692308 0.46875 0.09134615384615385 0.07692307692307693
0 0.4807692307692308 0.905048076923077 0.10576923076923078 0.1466346153846154
0 0.5516826923076923 0.8413461538461539 0.07451923076923077 0.05288461538461539
0 0.5649038461538461 0.9122596153846154 0.09134615384615385 0.09855769230769232
0 0.6622596153846154 0.8665865384615385 0.10336538461538462 0.14182692307692307
0 0.7091346153846154 0.984375 0.057692307692307696 0.03125
0 0.8701923076923077 0.967548076923077 0.03365384615384616 0.026442307692307696
0 0.8774038461538463 0.9879807692307693 0.03365384615384616 0.02403846153846154
