0 0.6899038461538461 0.41947115384615385 0.04326923076923077 0.06009615384615385
0 0.6346153846153847 0.359375 0.05288461538461539 0.04567307692307693
0 0.1983173076923077 0.140625 0.040865384615384616 0.040865384615384616
0 0.14182692307692307 0.14543269230769232 0.04326923076923077 0.040865384615384616
0 0.23076923076923078 0.27884615384615385 0.04807692307692308 0.04807692307692308
0 0.2091346153846154 0.30168269230769235 0.057692307692307696 0.06009615384615385
0 0.028846153846153848 0.39903846153846156 0.057692307692307696 0.11538461538461539
0 0.15985576923076925 0.5673076923076923 0.12259615384615385 0.12980769230769232
2 0.592548076923077 0.9699519230769231 0.0889423076923077 0.06009615384615385
0 0.8677884615384616 0.9423076923076924 0.04326923076923077 0.02403846153846154
