0 0.8028846153846154 0.08413461538461539 0.05288461538461539 0.05288461538461539
0 0.8233173076923077 0.13822115384615385 0.05528846153846154 0.06009615384615385
0 0.9158653846153847 0.19951923076923078 0.028846153846153848 0.03365384615384616
0 0.7896634615384616 0.5036057692307693 0.0889423076923077 0.08413461538461539
0 0.686298076923077 0.4639423076923077 0.11778846153846155 0.11057692307692309
0 0.6286057692307693 0.6514423076923077 0.040865384615384616 0.03365384615384616
0 0.5384615384615385 0.6069711538461539 0.038461538461538464 0.03125
0 0.5649038461538461 0.6598557692307693 0.038461538461538464 0.03125
0 0.5132211538461539 0.6838942307692308 0.03605769230769231 0.03605769230769231
0 0.5024038461538461 0.670673076923077 0.038461538461538464 0.028846153846153848
0 0.49278846153846156 0.6502403846153847 0.03365384615384616 0.03125
0 0.48197115384615385 0.6358173076923077 0.03605769230769231 0.03125
0 0.53125 0.6766826923076923 0.057692307692307696 0.09375
0 0.4711538461538462 0.6141826923076923 0.038461538461538464 0.03605769230769231
0 0.296875 0.3197115384615385 0.06971153846153846 0.04807692307692308
0 0.32211538461538464 0.3810096153846154 0.06730769230769232 0.05528846153846154
2 0.4639423076923077 0.951923076923077 0.057692307692307696 0.09615384615384616
0 0.3317307692307693 0.9026442307692308 0.0625 0.040865384615384616
