0 0.5817307692307693 0.5072115384615384 0.08173076923076923 0.028846153846153848
0 0.5 0.48197115384615385 0.08653846153846154 0.03125
0 0.41947115384615385 0.47355769230769235 0.06009615384615385 0.03365384615384616
0 0.4567307692307693 0.49759615384615385 0.14423076923076925 0.05288461538461539
0 0.4951923076923077 0.4951923076923077 0.07692307692307693 0.028846153846153848
0 0.5793269230769231 0.5204326923076923 0.08173076923076923 0.03125
0 0.5757211538461539 0.5336538461538461 0.07932692307692309 0.028846153846153848
0 0.5709134615384616 0.546875 0.07932692307692309 0.03125
0 0.4519230769230769 0.515625 0.14903846153846154 0.05048076923076923
0 0.4495192307692308 0.5252403846153847 0.14423076923076925 0.05048076923076923
0 0.44591346153846156 0.5408653846153847 0.1514423076923077 0.05288461538461539
0 0.5661057692307693 0.5564903846153847 0.07932692307692309 0.03605769230769231
0 0.5625 0.5721153846153847 0.08173076923076923 0.03365384615384616
0 0.5588942307692308 0.5901442307692308 0.07932692307692309 0.03125
0 0.4747596153846154 0.5649038461538461 0.07451923076923077 0.03365384615384616
