0 0.9074519230769231 0.2247596153846154 0.05528846153846154 0.05528846153846154
0 0.8774038461538463 0.03605769230769231 0.07211538461538462 0.07211538461538462
0 0.8305288461538461 0.009615384615384616 0.03605769230769231 0.019230769230769232
0 0.7151442307692308 0.41466346153846156 0.05528846153846154 0.06009615384615385
0 0.6514423076923077 0.4170673076923077 0.06730769230769232 0.06971153846153846
0 0.1887019230769231 0.10817307692307693 0.04567307692307693 0.04326923076923077
0 0.19591346153846154 0.05528846153846154 0.04567307692307693 0.0625
0 0.15024038461538464 0.06971153846153846 0.05048076923076923 0.10096153846153846
0 0.078125 0.9158653846153847 0.05528846153846154 0.02403846153846154
0 0.13341346153846154 0.9507211538461539 0.05048076923076923 0.09855769230769232
0 0.16826923076923078 0.9867788461538463 0.04326923076923077 0.026442307692307696
0 0.9459134615384616 0.983173076923077 0.05048076923076923 0.03365384615384616
0 0.9290865384615385 0.9471153846153847 0.09375 0.10576923076923078
0 0.9735576923076924 0.951923076923077 0.05288461538461539 0.09615384615384616
0 0.671875 0.1887019230769231 0.11778846153846155 0.06490384615384616
