0 0.514423076923077 0.06129807692307693 0.19230769230769232 0.12259615384615385
0 0.4242788461538462 0.10817307692307693 0.18990384615384617 0.19711538461538464
0 0.32211538461538464 0.18990384615384617 0.19711538461538464 0.19230769230769232
0 0.6646634615384616 0.18629807692307693 0.07451923076923077 0.03125
0 0.6586538461538461 0.2139423076923077 0.10576923076923078 0.04326923076923077
0 0.6526442307692308 0.23677884615384617 0.1514423076923077 0.05528846153846154
0 0.639423076923077 0.2644230769230769 0.21153846153846156 0.0625
0 0.6322115384615385 0.28966346153846156 0.2644230769230769 0.07451923076923077
0 0.03125 0.8653846153846154 0.0625 0.22596153846153846
0 0.040865384615384616 0.3858173076923077 0.08173076923076923 0.41586538461538464
0 0.22596153846153846 0.27043269230769235 0.19711538461538464 0.19951923076923078
0 0.13341346153846154 0.3545673076923077 0.18990384615384617 0.19471153846153846
0 0.6165865384615385 0.3185096153846154 0.3245192307692308 0.09375
0 0.6201923076923077 0.3389423076923077 0.3509615384615385 0.09134615384615385
0 0.6754807692307693 0.35336538461538464 0.2692307692307693 0.07692307692307693
0 0.6826923076923077 0.37259615384615385 0.2884615384615385 0.08653846153846154
0 0.6153846153846154 0.4086538461538462 0.25 0.07211538461538462
0 0.6887019230769231 0.4399038461538462 0.2956730769230769 0.08173076923076923
0 0.6646634615384616 0.4675480769230769 0.24759615384615385 0.07451923076923077
0 0.655048076923077 0.4915865384615385 0.18028846153846154 0.05528846153846154
0 0.640625 0.5168269230769231 0.12740384615384617 0.04326923076923077
0 0.8161057692307693 0.5480769230769231 0.3245192307692308 0.08653846153846154
0 0.8233173076923077 0.5721153846153847 0.35336538461538464 0.09615384615384616
0 0.8317307692307693 0.5913461538461539 0.33653846153846156 0.09134615384615385
0 0.8401442307692308 0.6117788461538461 0.3197115384615385 0.0889423076923077
0 0.8485576923076924 0.6298076923076923 0.3028846153846154 0.09134615384615385
0 0.8557692307692308 0.6478365384615385 0.2884615384615385 0.09375
0 0.8701923076923077 0.6730769230769231 0.25961538461538464 0.08173076923076923
0 0.8641826923076924 0.7235576923076924 0.18509615384615385 0.0625
0 0.8774038461538463 0.6959134615384616 0.2451923076923077 0.07451923076923077
0 0.8557692307692308 0.7475961538461539 0.14423076923076925 0.04807692307692308
