0 0.18028846153846154 0.18509615384615385 0.11538461538461539 0.14423076923076925
0 0.010817307692307692 0.04567307692307693 0.021634615384615384 0.03365384615384616
0 0.25480769230769235 0.2560096153846154 0.07211538461538462 0.021634615384615384
0 0.2608173076923077 0.2692307692307693 0.0889423076923077 0.02403846153846154
0 0.2728365384615385 0.2800480769230769 0.07932692307692309 0.021634615384615384
0 0.28125 0.3004807692307693 0.05288461538461539 0.019230769230769232
0 0.4567307692307693 0.3197115384615385 0.038461538461538464 0.03365384615384616
0 0.4747596153846154 0.11658653846153846 0.13221153846153846 0.11298076923076923
0 0.6622596153846154 0.18990384615384617 0.026442307692307696 0.03365384615384616
0 0.8329326923076924 0.2139423076923077 0.08413461538461539 0.10096153846153846
0 0.5829326923076923 0.5252403846153847 0.06490384615384616 0.06490384615384616
0 0.5420673076923077 0.48918269230769235 0.06971153846153846 0.06490384615384616
0 0.5600961538461539 0.9254807692307693 0.03365384615384616 0.028846153846153848
0 0.4603365384615385 0.4951923076923077 0.06490384615384616 0.08173076923076923
0 0.15865384615384617 0.576923076923077 0.0625 0.05288461538461539
0 0.08653846153846154 0.655048076923077 0.17307692307692307 0.17548076923076925
0 0.09014423076923077 0.8798076923076924 0.07451923076923077 0.07692307692307693
0 0.4170673076923077 0.6790865384615385 0.040865384615384616 0.03605769230769231
