0 0.054086538461538464 0.6490384615384616 0.05528846153846154 0.05288461538461539
0 0.13461538461538464 0.6622596153846154 0.09615384615384616 0.08413461538461539
0 0.41947115384615385 0.421875 0.05048076923076923 0.07932692307692309
0 0.4026442307692308 0.3822115384615385 0.09375 0.14423076923076925
0 0.4639423076923077 0.3966346153846154 0.08653846153846154 0.15384615384615385
0 0.4555288461538462 0.6490384615384616 0.06971153846153846 0.04326923076923077
0 0.32211538461538464 0.920673076923077 0.09615384615384616 0.06730769230769232
0 0.5204326923076923 0.8870192307692308 0.06971153846153846 0.05288461538461539
0 0.7896634615384616 0.8954326923076924 0.06009615384615385 0.03125
0 0.7896634615384616 0.6995192307692308 0.06971153846153846 0.028846153846153848
0 0.9459134615384616 0.3665865384615385 0.03125 0.021634615384615384
0 0.9891826923076924 0.6899038461538461 0.021634615384615384 0.09134615384615385
