0 0.7860576923076924 0.009615384615384616 0.07211538461538462 0.019230769230769232
0 0.7355769230769231 0.02403846153846154 0.07692307692307693 0.04807692307692308
0 0.453125 0.03485576923076923 0.06971153846153846 0.06971153846153846
0 0.4915865384615385 0.109375 0.06971153846153846 0.09375
0 0.42668269230769235 0.11418269230769232 0.13701923076923078 0.22836538461538464
0 0.5084134615384616 0.6911057692307693 0.07932692307692309 0.06971153846153846
0 0.5721153846153847 0.6622596153846154 0.07692307692307693 0.06490384615384616
0 0.6634615384615385 0.6213942307692308 0.14903846153846154 0.09855769230769232
0 0.7992788461538461 0.6225961538461539 0.0889423076923077 0.09615384615384616
0 0.8329326923076924 0.6911057692307693 0.07932692307692309 0.09375
0 0.8677884615384616 0.7680288461538461 0.08173076923076923 0.10336538461538462
0 0.858173076923077 0.5961538461538461 0.08653846153846154 0.10576923076923078
0 0.920673076923077 0.7247596153846154 0.13461538461538464 0.19951923076923078
0 0.8293269230769231 0.9110576923076924 0.10096153846153846 0.08653846153846154
0 0.7475961538461539 0.9483173076923077 0.11057692307692309 0.09855769230769232
0 0.6598557692307693 0.9735576923076924 0.11298076923076923 0.05288461538461539
