0 0.7680288461538461 0.41947115384615385 0.15625 0.13701923076923078
0 0.6622596153846154 0.4603365384615385 0.10336538461538462 0.10817307692307693
0 0.8088942307692308 0.5024038461538461 0.1514423076923077 0.12980769230769232
0 0.8401442307692308 0.5985576923076923 0.11778846153846155 0.12980769230769232
0 0.9170673076923077 0.6021634615384616 0.10817307692307693 0.11298076923076923
0 0.9447115384615385 0.671875 0.11057692307692309 0.10336538461538462
0 0.7067307692307693 0.5504807692307693 0.09615384615384616 0.1201923076923077
0 0.7451923076923077 0.6418269230769231 0.09134615384615385 0.11057692307692309
0 0.8629807692307693 0.6935096153846154 0.11057692307692309 0.11298076923076923
0 0.890625 0.7692307692307693 0.09855769230769232 0.10096153846153846
0 0.9314903846153847 0.8473557692307693 0.09375 0.09855769230769232
0 0.6189903846153847 0.5552884615384616 0.10817307692307693 0.12980769230769232
0 0.5600961538461539 0.5829326923076923 0.07692307692307693 0.12259615384615385
0 0.59375 0.6959134615384616 0.09615384615384616 0.13221153846153846
0 0.6730769230769231 0.6646634615384616 0.10096153846153846 0.13221153846153846
0 0.7896634615384616 0.7259615384615385 0.09855769230769232 0.10576923076923078
0 0.7115384615384616 0.7584134615384616 0.09615384615384616 0.10336538461538462
0 0.8185096153846154 0.8052884615384616 0.08413461538461539 0.10576923076923078
0 0.7451923076923077 0.8293269230769231 0.08653846153846154 0.08653846153846154
0 0.6370192307692308 0.7908653846153847 0.09134615384615385 0.10576923076923078
0 0.5168269230769231 0.701923076923077 0.09615384615384616 0.08653846153846154
0 0.5324519230769231 0.7536057692307693 0.0889423076923077 0.08413461538461539
0 0.4411057692307693 0.7307692307692308 0.0889423076923077 0.08173076923076923
0 0.4651442307692308 0.7908653846153847 0.0889423076923077 0.08173076923076923
0 0.5625 0.8257211538461539 0.10096153846153846 0.10817307692307693
0 0.48918269230769235 0.8533653846153847 0.09375 0.10576923076923078
0 0.6682692307692308 0.873798076923077 0.08653846153846154 0.08413461538461539
0 0.4122596153846154 0.8846153846153847 0.10336538461538462 0.10576923076923078
0 0.8473557692307693 0.8798076923076924 0.08413461538461539 0.09615384615384616
0 0.9555288461538463 0.9230769230769231 0.0889423076923077 0.11538461538461539
0 0.8858173076923077 0.9543269230769231 0.09855769230769232 0.09134615384615385
0 0.7788461538461539 0.9110576923076924 0.08653846153846154 0.09615384615384616
0 0.811298076923077 0.9663461538461539 0.10336538461538462 0.06730769230769232
0 0.7055288461538461 0.9435096153846154 0.09855769230769232 0.0889423076923077
0 0.7367788461538461 0.9819711538461539 0.09375 0.03605769230769231
0 0.5961538461538461 0.8990384615384616 0.09134615384615385 0.09134615384615385
0 0.6322115384615385 0.9639423076923077 0.08653846153846154 0.07211538461538462
0 0.5228365384615384 0.9302884615384616 0.0889423076923077 0.10096153846153846
0 0.5528846153846154 0.9795673076923077 0.08173076923076923 0.040865384615384616
0 0.453125 0.9579326923076924 0.08413461538461539 0.08413461538461539
0 0.3353365384615385 0.9194711538461539 0.09855769230769232 0.11298076923076923
0 0.3701923076923077 0.9735576923076924 0.09134615384615385 0.05288461538461539
