0 0.45072115384615385 0.5829326923076923 0.15625 0.13701923076923078
0 0.3449519230769231 0.623798076923077 0.10336538461538462 0.10817307692307693
0 0.4915865384615385 0.6658653846153847 0.1514423076923077 0.12980769230769232
0 0.5228365384615384 0.7620192307692308 0.11778846153846155 0.12980769230769232
0 0.5997596153846154 0.765625 0.10817307692307693 0.11298076923076923
0 0.6298076923076923 0.8353365384615385 0.11538461538461539 0.10336538461538462
0 0.3894230769230769 0.7139423076923077 0.09615384615384616 0.1201923076923077
0 0.4278846153846154 0.8052884615384616 0.09134615384615385 0.11057692307692309
0 0.545673076923077 0.8569711538461539 0.11057692307692309 0.11298076923076923
0 0.5733173076923077 0.9326923076923077 0.09855769230769232 0.10096153846153846
0 0.6141826923076923 0.9807692307692308 0.09375 0.038461538461538464
0 0.30168269230769235 0.71875 0.10817307692307693 0.12980769230769232
0 0.24278846153846156 0.7463942307692308 0.07692307692307693 0.12259615384615385
0 0.2764423076923077 0.859375 0.09615384615384616 0.13221153846153846
0 0.3557692307692308 0.828125 0.10096153846153846 0.13221153846153846
0 0.4723557692307693 0.889423076923077 0.09855769230769232 0.10576923076923078
0 0.3942307692307693 0.921875 0.09615384615384616 0.10336538461538462
0 0.5012019230769231 0.9579326923076924 0.08413461538461539 0.08413461538461539
0 0.4278846153846154 0.9747596153846154 0.08653846153846154 0.05048076923076923
0 0.3197115384615385 0.9507211538461539 0.09134615384615385 0.09855769230769232
0 0.19951923076923078 0.8653846153846154 0.09615384615384616 0.08653846153846154
0 0.21514423076923078 0.9170673076923077 0.0889423076923077 0.08413461538461539
0 0.12379807692307693 0.8942307692307693 0.0889423076923077 0.08173076923076923
0 0.14783653846153846 0.9543269230769231 0.0889423076923077 0.08173076923076923
0 0.2451923076923077 0.967548076923077 0.10096153846153846 0.06490384615384616
0 0.171875 0.9819711538461539 0.09375 0.03605769230769231
