0 0.9567307692307693 0.09014423076923077 0.08653846153846154 0.10817307692307693
0 0.9182692307692308 0.14182692307692307 0.12980769230769232 0.17307692307692307
0 0.9711538461538463 0.26322115384615385 0.057692307692307696 0.05528846153846154
0 0.2872596153846154 0.515625 0.07932692307692309 0.08413461538461539
0 0.30528846153846156 0.5709134615384616 0.07211538461538462 0.07451923076923077
0 0.3269230769230769 0.6286057692307693 0.07211538461538462 0.07932692307692309
0 0.2764423076923077 0.6538461538461539 0.07692307692307693 0.08653846153846154
0 0.25240384615384615 0.59375 0.08173076923076923 0.07692307692307693
0 0.23798076923076925 0.5336538461538461 0.0625 0.08653846153846154
0 0.042067307692307696 0.5480769230769231 0.04567307692307693 0.038461538461538464
0 0.014423076923076924 0.6670673076923077 0.028846153846153848 0.10336538461538462
0 0.03365384615384616 0.7584134615384616 0.06730769230769232 0.09375
0 0.018028846153846156 0.7403846153846154 0.03605769230769231 0.27403846153846156
