0 0.3858173076923077 0.47355769230769235 0.03605769230769231 0.02403846153846154
0 0.4014423076923077 0.49278846153846156 0.05288461538461539 0.028846153846153848
0 0.421875 0.5096153846153847 0.0889423076923077 0.03365384615384616
0 0.4338942307692308 0.5276442307692308 0.11298076923076923 0.040865384615384616
0 0.43870192307692313 0.5480769230769231 0.10817307692307693 0.038461538461538464
0 0.4411057692307693 0.5661057692307693 0.11298076923076923 0.03605769230769231
0 0.44230769230769235 0.5841346153846154 0.11057692307692309 0.03365384615384616
0 0.44591346153846156 0.6045673076923077 0.10817307692307693 0.03605769230769231
0 0.4519230769230769 0.623798076923077 0.11538461538461539 0.03605769230769231
0 0.453125 0.640625 0.10817307692307693 0.03605769230769231
0 0.4555288461538462 0.6598557692307693 0.10336538461538462 0.03605769230769231
0 0.4603365384615385 0.6802884615384616 0.11298076923076923 0.03365384615384616
0 0.4639423076923077 0.701923076923077 0.11057692307692309 0.03365384615384616
0 0.4711538461538462 0.7451923076923077 0.11057692307692309 0.03365384615384616
0 0.47716346153846156 0.7860576923076924 0.10336538461538462 0.038461538461538464
0 0.46995192307692313 0.828125 0.06971153846153846 0.03125
