0 0.8088942307692308 0.14783653846153846 0.15625 0.13701923076923078
0 0.703125 0.1887019230769231 0.10336538461538462 0.10817307692307693
0 0.8497596153846154 0.23076923076923078 0.1514423076923077 0.12980769230769232
0 0.8810096153846154 0.3269230769230769 0.11778846153846155 0.12980769230769232
0 0.951923076923077 0.33052884615384615 0.09615384615384616 0.11298076923076923
0 0.9651442307692308 0.40024038461538464 0.06971153846153846 0.10336538461538462
0 0.7475961538461539 0.27884615384615385 0.09615384615384616 0.1201923076923077
0 0.7860576923076924 0.3701923076923077 0.09134615384615385 0.11057692307692309
0 0.9038461538461539 0.421875 0.11057692307692309 0.11298076923076923
0 0.9314903846153847 0.49759615384615385 0.09855769230769232 0.10096153846153846
0 0.9627403846153847 0.5757211538461539 0.07451923076923077 0.09855769230769232
0 0.6598557692307693 0.28365384615384615 0.10817307692307693 0.12980769230769232
0 0.6009615384615385 0.3112980769230769 0.07692307692307693 0.12259615384615385
0 0.6346153846153847 0.4242788461538462 0.09615384615384616 0.13221153846153846
0 0.7139423076923077 0.3930288461538462 0.10096153846153846 0.13221153846153846
0 0.8305288461538461 0.45432692307692313 0.09855769230769232 0.10576923076923078
0 0.7524038461538461 0.4867788461538462 0.09615384615384616 0.10336538461538462
0 0.859375 0.5336538461538461 0.08413461538461539 0.10576923076923078
0 0.7860576923076924 0.5576923076923077 0.08653846153846154 0.08653846153846154
0 0.6778846153846154 0.5192307692307693 0.09134615384615385 0.10576923076923078
0 0.5576923076923077 0.43028846153846156 0.09615384615384616 0.08653846153846154
0 0.5733173076923077 0.48197115384615385 0.0889423076923077 0.08413461538461539
0 0.48197115384615385 0.4591346153846154 0.0889423076923077 0.08173076923076923
0 0.5060096153846154 0.5192307692307693 0.0889423076923077 0.08173076923076923
0 0.6033653846153847 0.5540865384615385 0.10096153846153846 0.10817307692307693
0 0.530048076923077 0.5817307692307693 0.09375 0.10576923076923078
0 0.7091346153846154 0.6021634615384616 0.08653846153846154 0.08413461538461539
0 0.453125 0.6129807692307693 0.10336538461538462 0.10576923076923078
0 0.8882211538461539 0.608173076923077 0.08413461538461539 0.09615384615384616
0 0.9759615384615385 0.6514423076923077 0.04807692307692308 0.11538461538461539
0 0.9266826923076924 0.6875 0.09855769230769232 0.10096153846153846
0 0.8197115384615385 0.639423076923077 0.08653846153846154 0.09615384615384616
0 0.8521634615384616 0.7151442307692308 0.10336538461538462 0.10817307692307693
0 0.8834134615384616 0.7980769230769231 0.09375 0.09134615384615385
0 0.8173076923076924 0.828125 0.09615384615384616 0.09375
0 0.7463942307692308 0.671875 0.09855769230769232 0.0889423076923077
0 0.7776442307692308 0.7439903846153847 0.09375 0.10336538461538462
0 0.6370192307692308 0.6274038461538461 0.09134615384615385 0.09134615384615385
0 0.6730769230769231 0.701923076923077 0.08653846153846154 0.09134615384615385
0 0.7079326923076924 0.780048076923077 0.09855769230769232 0.10817307692307693
0 0.5637019230769231 0.6586538461538461 0.0889423076923077 0.10096153846153846
0 0.59375 0.7367788461538461 0.08173076923076923 0.09855769230769232
0 0.6322115384615385 0.8161057692307693 0.10096153846153846 0.10336538461538462
0 0.49399038461538464 0.6935096153846154 0.08413461538461539 0.09855769230769232
0 0.3762019230769231 0.6478365384615385 0.09855769230769232 0.11298076923076923
0 0.41105769230769235 0.7247596153846154 0.09134615384615385 0.09855769230769232
0 0.5252403846153847 0.7692307692307693 0.08413461538461539 0.09615384615384616
0 0.5540865384615385 0.8485576923076924 0.10336538461538462 0.11057692307692309
0 0.48197115384615385 0.8786057692307693 0.10336538461538462 0.11778846153846155
0 0.4495192307692308 0.8052884615384616 0.10576923076923078 0.10576923076923078
0 0.5709134615384616 0.967548076923077 0.09855769230769232 0.06490384615384616
0 0.5240384615384616 0.9771634615384616 0.09615384615384616 0.04567307692307693
