0 0.5288461538461539 0.15504807692307693 0.038461538461538464 0.021634615384615384
0 0.5336538461538461 0.3389423076923077 0.09134615384615385 0.06730769230769232
0 0.36418269230769235 0.39903846153846156 0.11778846153846155 0.09134615384615385
0 0.020432692307692308 0.4795673076923077 0.040865384615384616 0.06971153846153846
0 0.06490384615384616 0.780048076923077 0.125 0.0889423076923077
0 0.34134615384615385 0.9591346153846154 0.10576923076923078 0.0625
0 0.5072115384615384 0.920673076923077 0.057692307692307696 0.05288461538461539
0 0.59375 0.8990384615384616 0.04807692307692308 0.04326923076923077
0 0.7788461538461539 0.8389423076923077 0.08653846153846154 0.0625
0 0.9711538461538463 0.8161057692307693 0.057692307692307696 0.05048076923076923
