0 0.20192307692307693 0.20192307692307693 0.10576923076923078 0.11057692307692309
0 0.06009615384615385 0.7908653846153847 0.06730769230769232 0.0625
0 0.12980769230769232 0.8016826923076924 0.05288461538461539 0.05528846153846154
0 0.2716346153846154 0.43028846153846156 0.038461538461538464 0.038461538461538464
0 0.3161057692307693 0.08052884615384616 0.06971153846153846 0.07932692307692309
0 0.39543269230769235 0.08653846153846154 0.07451923076923077 0.0625
0 0.8701923076923077 0.1358173076923077 0.04326923076923077 0.03605769230769231
0 0.5036057692307693 0.6021634615384616 0.03605769230769231 0.03125
0 0.561298076923077 0.6418269230769231 0.03125 0.028846153846153848
0 0.6911057692307693 0.5036057692307693 0.03125 0.03605769230769231
0 0.7548076923076924 0.7632211538461539 0.028846153846153848 0.03605769230769231
0 0.5216346153846154 0.17427884615384617 0.04326923076923077 0.04567307692307693
0 0.967548076923077 0.39543269230769235 0.03605769230769231 0.03605769230769231
0 0.9975961538461539 0.4362980769230769 0.004807692307692308 0.03605769230769231
0 0.920673076923077 0.6298076923076923 0.10096153846153846 0.05288461538461539
0 0.8942307692307693 0.826923076923077 0.038461538461538464 0.04326923076923077
0 0.9639423076923077 0.8617788461538463 0.04807692307692308 0.07451923076923077
