0 0.04927884615384616 0.9399038461538463 0.03605769230769231 0.028846153846153848
0 0.3810096153846154 0.3653846153846154 0.13221153846153846 0.1201923076923077
0 0.4254807692307693 0.421875 0.04807692307692308 0.05048076923076923
0 0.5516826923076923 0.30528846153846156 0.05528846153846154 0.05288461538461539
0 0.5913461538461539 0.3353365384615385 0.0625 0.06009615384615385
0 0.6370192307692308 0.3713942307692308 0.0625 0.06009615384615385
0 0.6850961538461539 0.40625 0.06730769230769232 0.057692307692307696
0 0.6117788461538461 0.4122596153846154 0.06009615384615385 0.05048076923076923
0 0.6526442307692308 0.4447115384615385 0.040865384615384616 0.038461538461538464
0 0.5540865384615385 0.44230769230769235 0.03605769230769231 0.038461538461538464
0 0.5288461538461539 0.46995192307692313 0.04326923076923077 0.040865384615384616
0 0.5961538461538461 0.46995192307692313 0.05288461538461539 0.05048076923076923
0 0.5661057692307693 0.5048076923076923 0.05048076923076923 0.04326923076923077
0 0.9423076923076924 0.640625 0.05288461538461539 0.05048076923076923
0 0.9086538461538463 0.6826923076923077 0.05288461538461539 0.05288461538461539
0 0.890625 0.7055288461538461 0.040865384615384616 0.040865384615384616
0 0.8762019230769231 0.7728365384615385 0.07451923076923077 0.06009615384615385
0 0.8461538461538463 0.8088942307692308 0.057692307692307696 0.06490384615384616
0 0.8990384615384616 0.8533653846153847 0.08653846153846154 0.07692307692307693
0 0.9483173076923077 0.8341346153846154 0.06490384615384616 0.05288461538461539
0 0.9903846153846154 0.6526442307692308 0.019230769230769232 0.06490384615384616
0 0.9759615384615385 0.686298076923077 0.04807692307692308 0.07451923076923077
0 0.9627403846153847 0.7235576923076924 0.07451923076923077 0.06730769230769232
0 0.9399038461538463 0.7512019230769231 0.06730769230769232 0.06009615384615385
0 0.9939903846153847 0.7680288461538461 0.01201923076923077 0.06971153846153846
0 0.984375 0.7980769230769231 0.03125 0.05288461538461539
0 0.45793269230769235 0.3858173076923077 0.04567307692307693 0.040865384615384616
