0 0.12740384615384617 0.09254807692307693 0.04326923076923077 0.05048076923076923
0 0.11418269230769232 0.1045673076923077 0.04567307692307693 0.04567307692307693
0 0.09615384615384616 0.11899038461538462 0.05288461538461539 0.04567307692307693
0 0.08533653846153846 0.1310096153846154 0.040865384615384616 0.040865384615384616
0 0.06730769230769232 0.14543269230769232 0.04326923076923077 0.040865384615384616
0 0.13701923076923078 0.6009615384615385 0.10576923076923078 0.12980769230769232
0 0.41466346153846156 0.5745192307692308 0.10817307692307693 0.10576923076923078
0 0.4723557692307693 0.6274038461538461 0.06490384615384616 0.07211538461538462
0 0.5625 0.6802884615384616 0.11057692307692309 0.125
0 0.7896634615384616 0.7283653846153847 0.03605769230769231 0.028846153846153848
0 0.9579326923076924 0.8521634615384616 0.06490384615384616 0.06009615384615385
0 0.967548076923077 0.9699519230769231 0.06490384615384616 0.06009615384615385
