0 0.07692307692307693 0.17307692307692307 0.038461538461538464 0.038461538461538464
0 0.3088942307692308 0.3449519230769231 0.03605769230769231 0.03125
0 0.3665865384615385 0.38461538461538464 0.03125 0.028846153846153848
0 0.4963942307692308 0.24639423076923078 0.03125 0.03605769230769231
0 0.5600961538461539 0.5060096153846154 0.028846153846153848 0.03605769230769231
0 0.7728365384615385 0.13822115384615385 0.03605769230769231 0.03605769230769231
0 0.8209134615384616 0.17908653846153846 0.040865384615384616 0.03605769230769231
0 0.7259615384615385 0.37259615384615385 0.10096153846153846 0.05288461538461539
0 0.9819711538461539 0.8725961538461539 0.03605769230769231 0.07692307692307693
0 0.967548076923077 0.8653846153846154 0.05048076923076923 0.08173076923076923
0 0.6995192307692308 0.5697115384615385 0.038461538461538464 0.04326923076923077
0 0.7692307692307693 0.6045673076923077 0.04807692307692308 0.07451923076923077
0 0.7151442307692308 0.8064903846153847 0.03605769230769231 0.026442307692307696
