0 0.8137019230769231 0.30168269230769235 0.07932692307692309 0.08413461538461539
0 0.8317307692307693 0.35697115384615385 0.07211538461538462 0.07451923076923077
0 0.8533653846153847 0.41466346153846156 0.07211538461538462 0.07932692307692309
0 0.8028846153846154 0.4399038461538462 0.07692307692307693 0.08653846153846154
0 0.7788461538461539 0.37980769230769235 0.08173076923076923 0.07692307692307693
0 0.764423076923077 0.3197115384615385 0.0625 0.08653846153846154
0 0.5685096153846154 0.3341346153846154 0.04567307692307693 0.038461538461538464
0 0.5204326923076923 0.453125 0.06971153846153846 0.10336538461538462
0 0.5588942307692308 0.5444711538461539 0.06971153846153846 0.09375
0 0.49399038461538464 0.5264423076923077 0.13701923076923078 0.27403846153846156
0 0.9254807692307693 0.9891826923076924 0.08653846153846154 0.021634615384615384
