0 0.8221153846153847 0.03125 0.04326923076923077 0.028846153846153848
0 0.7439903846153847 0.038461538461538464 0.05528846153846154 0.0625
0 0.6971153846153847 0.12259615384615385 0.057692307692307696 0.038461538461538464
0 0.6538461538461539 0.12980769230769232 0.038461538461538464 0.028846153846153848
0 0.561298076923077 0.16466346153846154 0.12259615384615385 0.10817307692307693
0 0.44591346153846156 0.4831730769230769 0.06490384615384616 0.1201923076923077
0 0.21875 0.3473557692307693 0.05288461538461539 0.040865384615384616
0 0.15504807692307693 0.38822115384615385 0.05528846153846154 0.05048076923076923
0 0.038461538461538464 0.9447115384615385 0.04807692307692308 0.04807692307692308
0 0.6935096153846154 0.6983173076923077 0.03605769230769231 0.03125
0 0.7572115384615385 0.7235576923076924 0.06730769230769232 0.057692307692307696
0 0.6730769230769231 0.9471153846153847 0.11538461538461539 0.057692307692307696
0 0.780048076923077 0.967548076923077 0.05048076923076923 0.026442307692307696
