0 0.24639423076923078 0.41466346153846156 0.10336538461538462 0.11298076923076923
0 0.33774038461538464 0.3894230769230769 0.06971153846153846 0.08653846153846154
0 0.4014423076923077 0.6466346153846154 0.05288461538461539 0.04807692307692308
0 0.7235576923076924 0.03125 0.125 0.0625
0 0.7992788461538461 0.006009615384615385 0.09855769230769232 0.01201923076923077
0 0.7415865384615385 0.09014423076923077 0.12740384615384617 0.10336538461538462
1 0.8100961538461539 0.04447115384615385 0.057692307692307696 0.05048076923076923
0 0.8978365384615385 0.1358173076923077 0.03125 0.040865384615384616
0 0.7788461538461539 0.14182692307692307 0.15384615384615385 0.12980769230769232
0 0.8016826923076924 0.23076923076923078 0.19951923076923078 0.21634615384615385
0 0.71875 0.2512019230769231 0.06730769230769232 0.06490384615384616
0 0.9447115384615385 0.2043269230769231 0.09134615384615385 0.125
1 0.9014423076923077 0.2848557692307693 0.11538461538461539 0.11298076923076923
0 0.967548076923077 0.576923076923077 0.06490384615384616 0.22115384615384617
0 0.9711538461538463 0.8798076923076924 0.057692307692307696 0.08653846153846154
