0 0.16105769230769232 0.04567307692307693 0.10576923076923078 0.09134615384615385
0 0.026442307692307696 0.625 0.05288461538461539 0.0625
0 0.0889423076923077 0.6358173076923077 0.05288461538461539 0.05528846153846154
0 0.23076923076923078 0.2644230769230769 0.038461538461538464 0.038461538461538464
0 0.46274038461538464 0.4362980769230769 0.03605769230769231 0.03125
0 0.5204326923076923 0.4759615384615385 0.03125 0.028846153846153848
0 0.6502403846153847 0.33774038461538464 0.03125 0.03605769230769231
0 0.7139423076923077 0.5973557692307693 0.028846153846153848 0.03605769230769231
0 0.4807692307692308 0.015625 0.04326923076923077 0.03125
0 0.9266826923076924 0.2295673076923077 0.03605769230769231 0.03605769230769231
0 0.9747596153846154 0.27043269230769235 0.040865384615384616 0.03605769230769231
0 0.8798076923076924 0.4639423076923077 0.10096153846153846 0.05288461538461539
0 0.8533653846153847 0.6610576923076923 0.038461538461538464 0.04326923076923077
0 0.9230769230769231 0.6959134615384616 0.04807692307692308 0.07451923076923077
0 0.8689903846153847 0.8978365384615385 0.03605769230769231 0.026442307692307696
0 0.11778846153846155 0.9230769230769231 0.08173076923076923 0.08173076923076923
0 0.06850961538461539 0.9471153846153847 0.13701923076923078 0.10576923076923078
