0 0.670673076923077 0.004807692307692308 0.07211538461538462 0.009615384615384616
0 0.8725961538461539 0.006009615384615385 0.25480769230769235 0.01201923076923077
0 0.8677884615384616 0.028846153846153848 0.2644230769230769 0.028846153846153848
0 0.8641826923076924 0.054086538461538464 0.2716346153846154 0.026442307692307696
0 0.8557692307692308 0.07572115384615385 0.2451923076923077 0.026442307692307696
0 0.8629807692307693 0.1045673076923077 0.19230769230769232 0.021634615384615384
0 0.859375 0.12740384615384617 0.16105769230769232 0.019230769230769232
0 0.8569711538461539 0.15504807692307693 0.08413461538461539 0.021634615384615384
0 0.5108173076923077 0.00841346153846154 0.2091346153846154 0.01682692307692308
0 0.5060096153846154 0.037259615384615384 0.28605769230769235 0.026442307692307696
0 0.47716346153846156 0.07211538461538462 0.29086538461538464 0.02403846153846154
0 0.4411057692307693 0.10216346153846155 0.3004807692307693 0.021634615384615384
0 0.6670673076923077 0.10576923076923078 0.10336538461538462 0.02403846153846154
0 0.6622596153846154 0.13822115384615385 0.13701923076923078 0.021634615384615384
0 0.6658653846153847 0.15985576923076925 0.19230769230769232 0.021634615384615384
0 0.6658653846153847 0.18389423076923078 0.22596153846153846 0.026442307692307696
0 0.6610576923076923 0.21153846153846156 0.2884615384615385 0.028846153846153848
0 0.6490384615384616 0.23677884615384617 0.32211538461538464 0.03125
0 0.6274038461538461 0.25961538461538464 0.32211538461538464 0.02403846153846154
0 0.4050480769230769 0.13221153846153846 0.30528846153846156 0.019230769230769232
0 0.3762019230769231 0.16947115384615385 0.31009615384615385 0.026442307692307696
0 0.3425480769230769 0.20192307692307693 0.2956730769230769 0.028846153846153848
0 0.3125 0.2355769230769231 0.3028846153846154 0.02403846153846154
0 0.2776442307692308 0.2644230769230769 0.30528846153846156 0.02403846153846154
0 0.24278846153846156 0.2980769230769231 0.3028846153846154 0.02403846153846154
0 0.21033653846153846 0.33052884615384615 0.3004807692307693 0.026442307692307696
0 0.17548076923076925 0.3653846153846154 0.3028846153846154 0.02403846153846154
0 0.6213942307692308 0.2884615384615385 0.3004807692307693 0.02403846153846154
0 0.5733173076923077 0.3112980769230769 0.3293269230769231 0.026442307692307696
0 0.5492788461538461 0.33653846153846156 0.3197115384615385 0.02403846153846154
0 0.5192307692307693 0.359375 0.33653846153846156 0.026442307692307696
0 0.49278846153846156 0.3858173076923077 0.34134615384615385 0.026442307692307696
0 0.9158653846153847 0.4206730769230769 0.16826923076923078 0.21634615384615385
0 0.90625 0.4362980769230769 0.1875 0.2139423076923077
0 0.8990384615384616 0.453125 0.20192307692307693 0.2139423076923077
0 0.8798076923076924 0.4675480769230769 0.21153846153846156 0.2091346153846154
0 0.8665865384615385 0.4867788461538462 0.2139423076923077 0.2139423076923077
0 0.6971153846153847 0.8545673076923077 0.6057692307692308 0.29086538461538464
0 0.4675480769230769 0.41105769230769235 0.31490384615384615 0.028846153846153848
0 0.4375 0.43509615384615385 0.33653846153846156 0.028846153846153848
0 0.4170673076923077 0.4603365384615385 0.3341346153846154 0.026442307692307696
0 0.3894230769230769 0.484375 0.31730769230769235 0.026442307692307696
0 0.36418269230769235 0.5108173076923077 0.3293269230769231 0.026442307692307696
0 0.3401442307692308 0.5336538461538461 0.3197115384615385 0.03365384615384616
0 0.3076923076923077 0.561298076923077 0.3125 0.03125
0 0.28365384615384615 0.5853365384615385 0.3269230769230769 0.03125
0 0.2608173076923077 0.6129807692307693 0.3293269230769231 0.028846153846153848
0 0.22716346153846156 0.6346153846153847 0.3245192307692308 0.02403846153846154
0 0.2043269230769231 0.6610576923076923 0.3317307692307693 0.028846153846153848
0 0.18149038461538464 0.686298076923077 0.3293269230769231 0.026442307692307696
0 0.15504807692307693 0.7103365384615385 0.31009615384615385 0.026442307692307696
0 0.1466346153846154 0.7367788461538461 0.2932692307692308 0.026442307692307696
0 0.13461538461538464 0.7584134615384616 0.2692307692307693 0.026442307692307696
0 0.11778846153846155 0.7836538461538461 0.2355769230769231 0.028846153846153848
0 0.10697115384615385 0.8088942307692308 0.2139423076923077 0.021634615384615384
0 0.09615384615384616 0.8377403846153847 0.19230769230769232 0.026442307692307696
0 0.08653846153846154 0.859375 0.13942307692307693 0.01682692307692308
0 0.08293269230769232 0.8870192307692308 0.09855769230769232 0.019230769230769232
0 0.08774038461538462 0.9134615384615385 0.06009615384615385 0.019230769230769232
0 0.14423076923076925 0.39543269230769235 0.2884615384615385 0.026442307692307696
0 0.12620192307692307 0.4290865384615385 0.25240384615384615 0.026442307692307696
0 0.11418269230769232 0.46153846153846156 0.22836538461538464 0.02403846153846154
0 0.09375 0.4951923076923077 0.1875 0.02403846153846154
0 0.07932692307692309 0.5276442307692308 0.15865384615384617 0.026442307692307696
0 0.06009615384615385 0.561298076923077 0.1201923076923077 0.026442307692307696
0 0.046875 0.5961538461538461 0.09375 0.02403846153846154
0 0.02764423076923077 0.6274038461538461 0.05528846153846154 0.02403846153846154
