0 0.4326923076923077 0.43870192307692313 0.13942307692307693 0.021634615384615384
0 0.43509615384615385 0.4555288461538462 0.13461538461538464 0.01682692307692308
0 0.4326923076923077 0.4675480769230769 0.13942307692307693 0.01682692307692308
0 0.4326923076923077 0.48557692307692313 0.13461538461538464 0.019230769230769232
0 0.43149038461538464 0.5012019230769231 0.13701923076923078 0.021634615384615384
0 0.38822115384615385 0.5204326923076923 0.040865384615384616 0.01682692307692308
0 0.46274038461538464 0.5360576923076923 0.07451923076923077 0.014423076923076924
0 0.4639423076923077 0.5492788461538461 0.07692307692307693 0.01682692307692308
0 0.4603365384615385 0.5673076923076923 0.06971153846153846 0.019230769230769232
0 0.46153846153846156 0.5841346153846154 0.07211538461538462 0.019230769230769232
0 0.46274038461538464 0.5973557692307693 0.07451923076923077 0.01682692307692308
0 0.4603365384615385 0.6129807692307693 0.06971153846153846 0.019230769230769232
0 0.4591346153846154 0.6286057692307693 0.06730769230769232 0.01682692307692308
0 0.45793269230769235 0.6442307692307693 0.07451923076923077 0.014423076923076924
0 0.4603365384615385 0.6622596153846154 0.06971153846153846 0.01682692307692308
0 0.4567307692307693 0.6802884615384616 0.06730769230769232 0.019230769230769232
0 0.4567307692307693 0.6935096153846154 0.06730769230769232 0.01682692307692308
0 0.6502403846153847 0.6971153846153847 0.07451923076923077 0.019230769230769232
0 0.655048076923077 0.9555288461538463 0.05048076923076923 0.07451923076923077
