0 0.9110576923076924 0.2884615384615385 0.04807692307692308 0.028846153846153848
0 0.6730769230769231 0.3245192307692308 0.02403846153846154 0.04326923076923077
0 0.6382211538461539 0.32211538461538464 0.026442307692307696 0.04807692307692308
0 0.6634615384615385 0.5877403846153847 0.0625 0.021634615384615384
0 0.5204326923076923 0.59375 0.06009615384615385 0.05288461538461539
0 0.515625 0.3137019230769231 0.11778846153846155 0.06009615384615385
0 0.8569711538461539 0.9399038461538463 0.06971153846153846 0.05288461538461539
0 0.8966346153846154 0.9290865384615385 0.04807692307692308 0.06971153846153846
0 0.8353365384615385 0.9014423076923077 0.04567307692307693 0.07692307692307693
0 0.9855769230769231 0.9759615384615385 0.028846153846153848 0.03365384615384616
0 0.8137019230769231 0.3028846153846154 0.026442307692307696 0.04326923076923077
0 0.12860576923076925 0.2451923076923077 0.13221153846153846 0.08653846153846154
0 0.44230769230769235 0.59375 0.09615384615384616 0.05288461538461539
