0 0.5973557692307693 0.1358173076923077 0.07451923076923077 0.021634615384615384
0 0.5901442307692308 0.17307692307692307 0.14182692307692307 0.02403846153846154
0 0.59375 0.20793269230769232 0.20192307692307693 0.026442307692307696
0 0.5949519230769231 0.2403846153846154 0.2716346153846154 0.02403846153846154
0 0.5697115384615385 0.2716346153846154 0.3125 0.028846153846153848
0 0.5360576923076923 0.30528846153846156 0.2932692307692308 0.02403846153846154
0 0.49759615384615385 0.33653846153846156 0.2932692307692308 0.02403846153846154
0 0.4807692307692308 0.3713942307692308 0.2692307692307693 0.021634615384615384
0 0.47716346153846156 0.40384615384615385 0.2043269230769231 0.02403846153846154
0 0.47716346153846156 0.4362980769230769 0.13221153846153846 0.021634615384615384
0 0.4759615384615385 0.46995192307692313 0.07211538461538462 0.021634615384615384
0 0.7596153846153847 0.2956730769230769 0.057692307692307696 0.019230769230769232
0 0.75 0.3197115384615385 0.10576923076923078 0.019230769230769232
0 0.7512019230769231 0.34855769230769235 0.16105769230769232 0.02403846153846154
0 0.7596153846153847 0.3737980769230769 0.21153846153846156 0.021634615384615384
0 0.7451923076923077 0.3978365384615385 0.2403846153846154 0.026442307692307696
0 0.7463942307692308 0.4206730769230769 0.30528846153846156 0.028846153846153848
0 0.7355769230769231 0.4483173076923077 0.32211538461538464 0.026442307692307696
0 0.7055288461538461 0.4711538461538462 0.31009615384615385 0.02403846153846154
0 0.6899038461538461 0.5 0.2980769230769231 0.028846153846153848
0 0.6754807692307693 0.5252403846153847 0.28365384615384615 0.026442307692307696
0 0.6610576923076923 0.546875 0.2451923076923077 0.026442307692307696
0 0.6682692307692308 0.5757211538461539 0.19230769230769232 0.021634615384615384
0 0.6646634615384616 0.5985576923076923 0.16105769230769232 0.019230769230769232
0 0.6622596153846154 0.6262019230769231 0.08413461538461539 0.021634615384615384
0 0.3137019230769231 0.4050480769230769 0.07932692307692309 0.021634615384615384
0 0.3125 0.4435096153846154 0.14903846153846154 0.021634615384615384
0 0.3161057692307693 0.4759615384615385 0.2091346153846154 0.02403846153846154
0 0.3112980769230769 0.5084134615384616 0.28605769230769235 0.026442307692307696
0 0.2824519230769231 0.5432692307692308 0.29086538461538464 0.02403846153846154
0 0.24639423076923078 0.5733173076923077 0.3004807692307693 0.021634615384615384
0 0.4723557692307693 0.576923076923077 0.10336538461538462 0.02403846153846154
0 0.4675480769230769 0.609375 0.13701923076923078 0.021634615384615384
0 0.4711538461538462 0.6310096153846154 0.19230769230769232 0.021634615384615384
0 0.4711538461538462 0.655048076923077 0.22596153846153846 0.026442307692307696
0 0.46634615384615385 0.6826923076923077 0.2884615384615385 0.028846153846153848
0 0.45432692307692313 0.7079326923076924 0.32211538461538464 0.03125
0 0.4326923076923077 0.7307692307692308 0.32211538461538464 0.02403846153846154
0 0.21033653846153846 0.6033653846153847 0.30528846153846156 0.019230769230769232
0 0.18149038461538464 0.640625 0.31009615384615385 0.026442307692307696
0 0.14783653846153846 0.6730769230769231 0.2956730769230769 0.028846153846153848
0 0.13461538461538464 0.7067307692307693 0.2692307692307693 0.02403846153846154
0 0.11778846153846155 0.7355769230769231 0.2355769230769231 0.02403846153846154
0 0.09975961538461539 0.7692307692307693 0.19951923076923078 0.02403846153846154
0 0.08293269230769232 0.8016826923076924 0.16586538461538464 0.026442307692307696
0 0.06610576923076923 0.8365384615384616 0.13221153846153846 0.02403846153846154
0 0.42668269230769235 0.7596153846153847 0.3004807692307693 0.02403846153846154
0 0.3786057692307693 0.7824519230769231 0.3293269230769231 0.026442307692307696
0 0.3545673076923077 0.8076923076923077 0.3197115384615385 0.02403846153846154
0 0.3245192307692308 0.8305288461538461 0.33653846153846156 0.026442307692307696
0 0.2980769230769231 0.8569711538461539 0.34134615384615385 0.026442307692307696
0 0.7391826923076924 0.8918269230769231 0.2043269230769231 0.21634615384615385
0 0.7199519230769231 0.9002403846153847 0.2043269230769231 0.19951923076923078
0 0.7043269230769231 0.9086538461538463 0.20192307692307693 0.1826923076923077
0 0.6850961538461539 0.9170673076923077 0.21153846153846156 0.16586538461538464
0 0.671875 0.9254807692307693 0.2139423076923077 0.14903846153846154
0 0.2728365384615385 0.8822115384615385 0.31490384615384615 0.028846153846153848
0 0.24278846153846156 0.90625 0.33653846153846156 0.028846153846153848
0 0.22235576923076925 0.9314903846153847 0.3341346153846154 0.026442307692307696
0 0.19471153846153846 0.9555288461538463 0.31730769230769235 0.026442307692307696
0 0.16947115384615385 0.9819711538461539 0.3293269230769231 0.026442307692307696
0 0.15264423076923078 0.9939903846153847 0.30528846153846156 0.01201923076923077
0 0.046875 0.8665865384615385 0.09375 0.026442307692307696
0 0.028846153846153848 0.9002403846153847 0.057692307692307696 0.026442307692307696
0 0.01682692307692308 0.9326923076923077 0.03365384615384616 0.02403846153846154
