0 0.04807692307692308 0.004807692307692308 0.04807692307692308 0.009615384615384616
0 0.27524038461538464 0.009615384615384616 0.08413461538461539 0.019230769230769232
0 0.31730769230769235 0.02764423076923077 0.03365384615384616 0.05528846153846154
0 0.3545673076923077 0.02764423076923077 0.03125 0.05528846153846154
0 0.3161057692307693 0.49399038461538464 0.03125 0.03125
0 0.3617788461538462 0.49278846153846156 0.03125 0.03365384615384616
0 0.5745192307692308 0.14903846153846154 0.028846153846153848 0.019230769230769232
0 0.609375 0.3449519230769231 0.11778846153846155 0.06009615384615385
0 0.9915865384615385 0.9579326923076924 0.01682692307692308 0.05048076923076923
0 0.9663461538461539 0.9567307692307693 0.019230769230769232 0.03365384615384616
0 0.9266826923076924 0.9399038461538463 0.03605769230769231 0.04807692307692308
0 0.359375 0.8533653846153847 0.026442307692307696 0.028846153846153848
0 0.33052884615384615 0.8509615384615385 0.026442307692307696 0.028846153846153848
0 0.3028846153846154 0.9495192307692308 0.08173076923076923 0.10096153846153846
0 0.24278846153846156 0.9411057692307693 0.08653846153846154 0.10817307692307693
0 0.15745192307692307 0.9855769230769231 0.026442307692307696 0.028846153846153848
0 0.10576923076923078 0.9471153846153847 0.08173076923076923 0.05288461538461539
0 0.01201923076923077 0.8966346153846154 0.02403846153846154 0.08173076923076923
