0 0.7920673076923077 0.018028846153846156 0.09855769230769232 0.03605769230769231
0 0.8329326923076924 0.06370192307692309 0.09375 0.09855769230769232
0 0.6129807692307693 0.013221153846153848 0.09615384615384616 0.026442307692307696
0 0.7199519230769231 0.037259615384615384 0.08413461538461539 0.07451923076923077
0 0.6466346153846154 0.04567307692307693 0.08653846153846154 0.08653846153846154
0 0.5384615384615385 0.030048076923076924 0.09134615384615385 0.06009615384615385
0 0.4338942307692308 0.006009615384615385 0.0889423076923077 0.01201923076923077
0 0.3665865384615385 0.02403846153846154 0.0889423076923077 0.04807692307692308
0 0.4639423076923077 0.04807692307692308 0.10096153846153846 0.09615384615384616
0 0.390625 0.06971153846153846 0.09375 0.10576923076923078
0 0.5697115384615385 0.09014423076923077 0.08653846153846154 0.08413461538461539
0 0.3137019230769231 0.10096153846153846 0.10336538461538462 0.10576923076923078
0 0.748798076923077 0.09615384615384616 0.08413461538461539 0.09615384615384616
0 0.8641826923076924 0.13942307692307693 0.10336538461538462 0.11538461538461539
0 0.7872596153846154 0.17548076923076925 0.09855769230769232 0.10096153846153846
0 0.6802884615384616 0.12740384615384617 0.08653846153846154 0.09615384615384616
0 0.7127403846153847 0.203125 0.10336538461538462 0.10817307692307693
0 0.7439903846153847 0.28605769230769235 0.09375 0.09134615384615385
0 0.6778846153846154 0.3161057692307693 0.09615384615384616 0.09375
0 0.6069711538461539 0.15985576923076925 0.09855769230769232 0.0889423076923077
0 0.6382211538461539 0.23197115384615385 0.09375 0.10336538461538462
0 0.49759615384615385 0.11538461538461539 0.09134615384615385 0.09134615384615385
0 0.5336538461538461 0.18990384615384617 0.08653846153846154 0.09134615384615385
0 0.5685096153846154 0.26802884615384615 0.09855769230769232 0.10817307692307693
0 0.4242788461538462 0.1466346153846154 0.0889423076923077 0.10096153846153846
0 0.45432692307692313 0.2247596153846154 0.08173076923076923 0.09855769230769232
0 0.49278846153846156 0.3040865384615385 0.10096153846153846 0.10336538461538462
0 0.3545673076923077 0.18149038461538464 0.08413461538461539 0.09855769230769232
0 0.23677884615384617 0.1358173076923077 0.09855769230769232 0.11298076923076923
0 0.2716346153846154 0.21274038461538464 0.09134615384615385 0.09855769230769232
0 0.3858173076923077 0.2572115384615385 0.08413461538461539 0.09615384615384616
0 0.41466346153846156 0.33653846153846156 0.10336538461538462 0.11057692307692309
0 0.3425480769230769 0.3665865384615385 0.10336538461538462 0.11778846153846155
0 0.31009615384615385 0.2932692307692308 0.10576923076923078 0.10576923076923078
0 0.43149038461538464 0.4903846153846154 0.09855769230769232 0.13461538461538464
0 0.38461538461538464 0.5108173076923077 0.09615384615384616 0.13701923076923078
