0 0.03485576923076923 0.920673076923077 0.03605769230769231 0.028846153846153848
0 0.3665865384615385 0.34615384615384615 0.13221153846153846 0.1201923076923077
0 0.41105769230769235 0.4026442307692308 0.04807692307692308 0.05048076923076923
0 0.5372596153846154 0.28605769230769235 0.05528846153846154 0.05288461538461539
0 0.576923076923077 0.3161057692307693 0.0625 0.06009615384615385
0 0.6225961538461539 0.35216346153846156 0.0625 0.06009615384615385
0 0.670673076923077 0.3870192307692308 0.06730769230769232 0.057692307692307696
0 0.5973557692307693 0.3930288461538462 0.06009615384615385 0.05048076923076923
0 0.6382211538461539 0.4254807692307693 0.040865384615384616 0.038461538461538464
0 0.5396634615384616 0.42307692307692313 0.03605769230769231 0.038461538461538464
0 0.514423076923077 0.45072115384615385 0.04326923076923077 0.040865384615384616
0 0.5817307692307693 0.45072115384615385 0.05288461538461539 0.05048076923076923
0 0.5516826923076923 0.48557692307692313 0.05048076923076923 0.04326923076923077
0 0.9278846153846154 0.6213942307692308 0.05288461538461539 0.05048076923076923
0 0.8942307692307693 0.6634615384615385 0.05288461538461539 0.05288461538461539
0 0.8762019230769231 0.686298076923077 0.040865384615384616 0.040865384615384616
0 0.8617788461538463 0.7536057692307693 0.07451923076923077 0.06009615384615385
0 0.8317307692307693 0.7896634615384616 0.057692307692307696 0.06490384615384616
0 0.8846153846153847 0.8341346153846154 0.08653846153846154 0.07692307692307693
0 0.9338942307692308 0.8149038461538461 0.06490384615384616 0.05288461538461539
0 0.983173076923077 0.6334134615384616 0.03365384615384616 0.06490384615384616
0 0.96875 0.6670673076923077 0.0625 0.07451923076923077
0 0.951923076923077 0.7043269230769231 0.08173076923076923 0.06730769230769232
0 0.9254807692307693 0.7319711538461539 0.06730769230769232 0.06009615384615385
0 0.9867788461538463 0.748798076923077 0.026442307692307696 0.06971153846153846
0 0.9771634615384616 0.7788461538461539 0.04567307692307693 0.05288461538461539
0 0.4435096153846154 0.3665865384615385 0.04567307692307693 0.040865384615384616
