0 0.5540865384615385 0.43870192307692313 0.04567307692307693 0.03125
0 0.47716346153846156 0.3076923076923077 0.03605769230769231 0.03365384615384616
0 0.20552884615384617 0.3966346153846154 0.03125 0.028846153846153848
0 0.019230769230769232 0.7764423076923077 0.038461538461538464 0.04807692307692308
0 0.07572115384615385 0.7620192307692308 0.03605769230769231 0.028846153846153848
0 0.31009615384615385 0.5673076923076923 0.08653846153846154 0.03365384615384616
0 0.8677884615384616 0.9026442307692308 0.04326923076923077 0.03125
0 0.859375 0.9314903846153847 0.05528846153846154 0.03605769230769231
0 0.8293269230769231 0.9002403846153847 0.038461538461538464 0.03125
0 0.8978365384615385 0.9314903846153847 0.040865384615384616 0.03605769230769231
0 0.8774038461538463 0.6850961538461539 0.03365384615384616 0.02403846153846154
