0 0.7680288461538461 0.5396634615384616 0.2139423076923077 0.17067307692307693
0 0.7115384615384616 0.5709134615384616 0.17307692307692307 0.13221153846153846
0 0.7692307692307693 0.7379807692307693 0.13942307692307693 0.125
0 0.3822115384615385 0.38341346153846156 0.19711538461538464 0.16105769230769232
0 0.3341346153846154 0.47716346153846156 0.16826923076923078 0.12259615384615385
0 0.2764423076923077 0.701923076923077 0.15384615384615385 0.17307692307692307
0 0.15985576923076925 0.3088942307692308 0.13221153846153846 0.09855769230769232
0 0.030048076923076924 0.21274038461538464 0.06009615384615385 0.09855769230769232
0 0.15504807692307693 0.7127403846153847 0.22355769230769232 0.3004807692307693
0 0.20552884615384617 0.826923076923077 0.15625 0.17307692307692307
0 0.5048076923076923 0.8004807692307693 0.16826923076923078 0.17307692307692307
0 0.5961538461538461 0.8798076923076924 0.17307692307692307 0.17307692307692307
