0 0.25841346153846156 0.09014423076923077 0.06490384615384616 0.03605769230769231
0 0.30649038461538464 0.01682692307692308 0.03125 0.03365384615384616
0 0.33774038461538464 0.019230769230769232 0.03125 0.038461538461538464
0 0.5360576923076923 0.203125 0.038461538461538464 0.05048076923076923
0 0.5853365384615385 0.2043269230769231 0.05048076923076923 0.04326923076923077
0 0.592548076923077 0.3918269230769231 0.10817307692307693 0.05288461538461539
0 0.5552884615384616 0.951923076923077 0.05288461538461539 0.04326923076923077
0 0.3978365384615385 0.4086538461538462 0.05048076923076923 0.0625
0 0.32572115384615385 0.3930288461538462 0.03605769230769231 0.05048076923076923
0 0.2848557692307693 0.5757211538461539 0.11778846153846155 0.09375
0 0.11538461538461539 0.4206730769230769 0.1201923076923077 0.09134615384615385
