0 0.8882211538461539 0.004807692307692308 0.22355769230769232 0.009615384615384616
0 0.8810096153846154 0.018028846153846156 0.23798076923076925 0.026442307692307696
0 0.8798076923076924 0.04326923076923077 0.2403846153846154 0.028846153846153848
0 0.8822115384615385 0.06850961538461539 0.2355769230769231 0.021634615384615384
0 0.9038461538461539 0.09735576923076923 0.19230769230769232 0.026442307692307696
0 0.8942307692307693 0.11899038461538462 0.13942307692307693 0.01682692307692308
0 0.890625 0.1466346153846154 0.09855769230769232 0.019230769230769232
0 0.8954326923076924 0.17307692307692307 0.06009615384615385 0.019230769230769232
0 0.33293269230769235 0.1358173076923077 0.17067307692307693 0.17067307692307693
0 0.4807692307692308 0.33293269230769235 0.19230769230769232 0.19471153846153846
0 0.390625 0.41586538461538464 0.18990384615384617 0.19711538461538464
0 0.2884615384615385 0.49759615384615385 0.19711538461538464 0.19230769230769232
0 0.6310096153846154 0.49399038461538464 0.07451923076923077 0.03125
0 0.625 0.5216346153846154 0.10576923076923078 0.04326923076923077
0 0.6189903846153847 0.5444711538461539 0.1514423076923077 0.05528846153846154
0 0.6057692307692308 0.5721153846153847 0.21153846153846156 0.0625
0 0.5985576923076923 0.5973557692307693 0.2644230769230769 0.07451923076923077
0 0.02403846153846154 0.6935096153846154 0.04807692307692308 0.41586538461538464
0 0.19230769230769232 0.578125 0.19711538461538464 0.19951923076923078
0 0.09975961538461539 0.6622596153846154 0.18990384615384617 0.19471153846153846
0 0.5829326923076923 0.6262019230769231 0.3245192307692308 0.09375
0 0.5865384615384616 0.6466346153846154 0.3509615384615385 0.09134615384615385
0 0.6418269230769231 0.6610576923076923 0.2692307692307693 0.07692307692307693
0 0.6490384615384616 0.6802884615384616 0.2884615384615385 0.08653846153846154
0 0.5817307692307693 0.7163461538461539 0.25 0.07211538461538462
0 0.655048076923077 0.7475961538461539 0.2956730769230769 0.08173076923076923
0 0.6310096153846154 0.7752403846153847 0.24759615384615385 0.07451923076923077
0 0.6213942307692308 0.7992788461538461 0.18028846153846154 0.05528846153846154
0 0.6069711538461539 0.8245192307692308 0.12740384615384617 0.04326923076923077
0 0.7824519230769231 0.8557692307692308 0.3245192307692308 0.08653846153846154
0 0.7896634615384616 0.8798076923076924 0.35336538461538464 0.09615384615384616
0 0.8040865384615385 0.8990384615384616 0.34855769230769235 0.09134615384615385
0 0.8221153846153847 0.9194711538461539 0.3509615384615385 0.0889423076923077
0 0.8317307692307693 0.9375 0.33653846153846156 0.09134615384615385
0 0.8389423076923077 0.9543269230769231 0.32211538461538464 0.09134615384615385
0 0.8533653846153847 0.9699519230769231 0.2932692307692308 0.06009615384615385
0 0.84375 0.983173076923077 0.2451923076923077 0.03365384615384616
