0 0.5949519230769231 0.14543269230769232 0.0889423076923077 0.08413461538461539
0 0.4915865384615385 0.10576923076923078 0.11778846153846155 0.11057692307692309
0 0.4338942307692308 0.2932692307692308 0.040865384615384616 0.03365384615384616
0 0.34375 0.24879807692307693 0.038461538461538464 0.03125
0 0.3701923076923077 0.30168269230769235 0.038461538461538464 0.03125
0 0.3185096153846154 0.32572115384615385 0.03605769230769231 0.03605769230769231
0 0.3076923076923077 0.3125 0.038461538461538464 0.028846153846153848
0 0.2980769230769231 0.2920673076923077 0.03365384615384616 0.03125
0 0.2872596153846154 0.2776442307692308 0.03605769230769231 0.03125
0 0.33653846153846156 0.3185096153846154 0.057692307692307696 0.09375
0 0.2764423076923077 0.2560096153846154 0.038461538461538464 0.03605769230769231
0 0.12740384615384617 0.025240384615384616 0.06730769230769232 0.05048076923076923
2 0.2692307692307693 0.6033653846153847 0.057692307692307696 0.11538461538461539
0 0.13701923076923078 0.5444711538461539 0.0625 0.040865384615384616
