0 0.328125 0.4170673076923077 0.07932692307692309 0.06971153846153846
0 0.3918269230769231 0.38822115384615385 0.07692307692307693 0.06490384615384616
0 0.4831730769230769 0.3473557692307693 0.14903846153846154 0.09855769230769232
0 0.6189903846153847 0.34855769230769235 0.0889423076923077 0.09615384615384616
0 0.6526442307692308 0.4170673076923077 0.07932692307692309 0.09375
0 0.6875 0.49399038461538464 0.08173076923076923 0.10336538461538462
0 0.6778846153846154 0.32211538461538464 0.08653846153846154 0.10576923076923078
0 0.7403846153846154 0.45072115384615385 0.13461538461538464 0.19951923076923078
0 0.6490384615384616 0.6370192307692308 0.10096153846153846 0.08653846153846154
0 0.5673076923076923 0.6742788461538461 0.11057692307692309 0.09855769230769232
0 0.4795673076923077 0.7163461538461539 0.11298076923076923 0.08653846153846154
