0 0.010817307692307692 0.29927884615384615 0.021634615384615384 0.07932692307692309
0 0.013221153846153848 0.25961538461538464 0.026442307692307696 0.14423076923076925
0 0.042067307692307696 0.27403846153846156 0.08413461538461539 0.15384615384615385
0 0.03365384615384616 0.5264423076923077 0.06730769230769232 0.04326923076923077
0 0.09735576923076923 0.764423076923077 0.06971153846153846 0.05288461538461539
0 0.13942307692307693 0.90625 0.05288461538461539 0.028846153846153848
0 0.3665865384615385 0.7728365384615385 0.06009615384615385 0.03125
0 0.3665865384615385 0.576923076923077 0.06971153846153846 0.028846153846153848
0 0.5228365384615384 0.24399038461538464 0.03125 0.021634615384615384
0 0.9182692307692308 0.30649038461538464 0.038461538461538464 0.03125
0 0.6418269230769231 0.5673076923076923 0.17307692307692307 0.09134615384615385
0 0.7223557692307693 0.8377403846153847 0.09855769230769232 0.06009615384615385
0 0.842548076923077 0.7860576923076924 0.03125 0.057692307692307696
0 0.8557692307692308 0.78125 0.028846153846153848 0.05288461538461539
0 0.8689903846153847 0.7764423076923077 0.03125 0.057692307692307696
0 0.8870192307692308 0.7740384615384616 0.03365384615384616 0.057692307692307696
0 0.9014423076923077 0.7704326923076924 0.03365384615384616 0.05528846153846154
0 0.9182692307692308 0.7620192307692308 0.028846153846153848 0.057692307692307696
0 0.936298076923077 0.7560096153846154 0.021634615384615384 0.06009615384615385
0 0.953125 0.765625 0.021634615384615384 0.03125
