0 0.1358173076923077 0.37259615384615385 0.12740384615384617 0.14903846153846154
0 0.5072115384615384 0.15985576923076925 0.125 0.13701923076923078
0 0.5973557692307693 0.09615384615384616 0.13221153846153846 0.13461538461538464
0 0.6947115384615385 0.054086538461538464 0.125 0.10817307692307693
0 0.780048076923077 0.02403846153846154 0.10817307692307693 0.04807692307692308
0 0.9567307692307693 0.038461538461538464 0.07211538461538462 0.07692307692307693
0 0.9350961538461539 0.04447115384615385 0.08173076923076923 0.0889423076923077
0 0.8653846153846154 0.08413461538461539 0.07211538461538462 0.10096153846153846
0 0.8353365384615385 0.10697115384615385 0.0889423076923077 0.09855769230769232
0 0.8088942307692308 0.12620192307692307 0.07451923076923077 0.09375
0 0.7379807692307693 0.1670673076923077 0.07692307692307693 0.09855769230769232
0 0.7151442307692308 0.18509615384615385 0.07451923076923077 0.09134615384615385
0 0.6430288461538461 0.22836538461538464 0.07451923076923077 0.09134615384615385
0 0.6189903846153847 0.24399038461538464 0.08413461538461539 0.09855769230769232
0 0.6911057692307693 0.3605769230769231 0.09855769230769232 0.12980769230769232
0 0.7223557692307693 0.34134615384615385 0.10817307692307693 0.13461538461538464
0 0.7788461538461539 0.3040865384615385 0.11057692307692309 0.13221153846153846
0 0.8137019230769231 0.2800480769230769 0.10817307692307693 0.12740384615384617
0 0.8713942307692308 0.2451923076923077 0.11298076923076923 0.13461538461538464
0 0.9098557692307693 0.22355769230769232 0.10817307692307693 0.13461538461538464
0 0.9411057692307693 0.19711538461538464 0.10336538461538462 0.13461538461538464
0 0.9747596153846154 0.1622596153846154 0.05048076923076923 0.13221153846153846
0 0.9903846153846154 0.13942307692307693 0.019230769230769232 0.12980769230769232
0 0.9819711538461539 0.29927884615384615 0.03605769230769231 0.0889423076923077
0 0.9663461538461539 0.3197115384615385 0.06730769230769232 0.09615384615384616
0 0.9375 0.3389423076923077 0.07692307692307693 0.09134615384615385
0 0.8762019230769231 0.3810096153846154 0.07932692307692309 0.0889423076923077
0 0.84375 0.4014423076923077 0.07692307692307693 0.09615384615384616
0 0.7860576923076924 0.43870192307692313 0.07692307692307693 0.09375
0 0.7548076923076924 0.4603365384615385 0.07692307692307693 0.0889423076923077
0 0.3701923076923077 0.4326923076923077 0.3028846153846154 0.42307692307692313
0 0.2920673076923077 0.5757211538461539 0.2139423076923077 0.31490384615384615
0 0.1778846153846154 0.6526442307692308 0.23076923076923078 0.3293269230769231
0 0.057692307692307696 0.6598557692307693 0.11538461538461539 0.2043269230769231
0 0.1201923076923077 0.6923076923076923 0.22596153846153846 0.3076923076923077
0 0.3317307692307693 0.5552884615384616 0.21634615384615385 0.3076923076923077
0 0.46153846153846156 0.3942307692307693 0.33653846153846156 0.4278846153846154
