0 0.022836538461538464 0.8245192307692308 0.04567307692307693 0.14903846153846154
0 0.35336538461538464 0.6117788461538461 0.125 0.13701923076923078
0 0.4435096153846154 0.5480769230769231 0.13221153846153846 0.13461538461538464
0 0.5408653846153847 0.49278846153846156 0.125 0.13461538461538464
0 0.6262019230769231 0.43509615384615385 0.10817307692307693 0.12980769230769232
0 0.8954326923076924 0.42307692307692313 0.06971153846153846 0.09134615384615385
0 0.875 0.43870192307692313 0.07692307692307693 0.09375
0 0.8028846153846154 0.4795673076923077 0.07211538461538462 0.09855769230769232
0 0.78125 0.4963942307692308 0.08173076923076923 0.0889423076923077
0 0.7115384615384616 0.5360576923076923 0.07211538461538462 0.10096153846153846
0 0.6814903846153847 0.5588942307692308 0.0889423076923077 0.09855769230769232
0 0.655048076923077 0.578125 0.07451923076923077 0.09375
0 0.5841346153846154 0.6189903846153847 0.07692307692307693 0.09855769230769232
0 0.561298076923077 0.6370192307692308 0.07451923076923077 0.09134615384615385
0 0.48918269230769235 0.6802884615384616 0.07451923076923077 0.09134615384615385
0 0.4651442307692308 0.6959134615384616 0.08413461538461539 0.09855769230769232
0 0.5372596153846154 0.8125 0.09855769230769232 0.12980769230769232
0 0.5685096153846154 0.7932692307692308 0.10817307692307693 0.13461538461538464
0 0.625 0.7560096153846154 0.11057692307692309 0.13221153846153846
0 0.6598557692307693 0.7319711538461539 0.10817307692307693 0.12740384615384617
0 0.717548076923077 0.6971153846153847 0.11298076923076923 0.13461538461538464
0 0.7560096153846154 0.6754807692307693 0.10817307692307693 0.13461538461538464
0 0.7872596153846154 0.6490384615384616 0.10336538461538462 0.13461538461538464
0 0.8497596153846154 0.6141826923076923 0.10817307692307693 0.13221153846153846
0 0.8810096153846154 0.5913461538461539 0.10817307692307693 0.12980769230769232
0 0.9375 0.5576923076923077 0.10576923076923078 0.13461538461538464
0 0.9591346153846154 0.5360576923076923 0.08173076923076923 0.125
0 0.9807692307692308 0.6634615384615385 0.038461538461538464 0.08173076923076923
0 0.9459134615384616 0.6899038461538461 0.08413461538461539 0.09615384615384616
0 0.9134615384615385 0.7115384615384616 0.08653846153846154 0.09615384615384616
0 0.8533653846153847 0.7512019230769231 0.08653846153846154 0.0889423076923077
0 0.8197115384615385 0.7716346153846154 0.08173076923076923 0.09615384615384616
0 0.7836538461538461 0.7908653846153847 0.07692307692307693 0.09134615384615385
0 0.7223557692307693 0.8329326923076924 0.07932692307692309 0.0889423076923077
0 0.6899038461538461 0.8533653846153847 0.07692307692307693 0.09615384615384616
0 0.6322115384615385 0.890625 0.07692307692307693 0.09375
0 0.6009615384615385 0.9122596153846154 0.07692307692307693 0.0889423076923077
0 0.21634615384615385 0.8365384615384616 0.3028846153846154 0.3269230769230769
0 0.13822115384615385 0.9350961538461539 0.2139423076923077 0.12980769230769232
0 0.06971153846153846 0.9699519230769231 0.13942307692307693 0.06009615384615385
0 0.1778846153846154 0.9266826923076924 0.21634615384615385 0.1466346153846154
0 0.3076923076923077 0.8161057692307693 0.33653846153846156 0.36778846153846156
