0 0.03365384615384616 0.7596153846153847 0.05288461538461539 0.04807692307692308
0 0.3557692307692308 0.12379807692307693 0.125 0.10336538461538462
0 0.43149038461538464 0.06610576923076923 0.09855769230769232 0.11778846153846155
0 0.3737980769230769 0.203125 0.12740384615384617 0.10336538461538462
1 0.44230769230769235 0.15745192307692307 0.057692307692307696 0.05048076923076923
0 0.530048076923077 0.24879807692307693 0.03125 0.040865384615384616
0 0.41105769230769235 0.25480769230769235 0.15384615384615385 0.12980769230769232
0 0.4338942307692308 0.34375 0.19951923076923078 0.21634615384615385
0 0.3509615384615385 0.36418269230769235 0.06730769230769232 0.06490384615384616
0 0.576923076923077 0.31730769230769235 0.09134615384615385 0.125
1 0.5336538461538461 0.3978365384615385 0.11538461538461539 0.11298076923076923
0 0.686298076923077 0.6899038461538461 0.23798076923076925 0.22115384615384617
0 0.951923076923077 0.7980769230769231 0.09615384615384616 0.14423076923076925
0 0.6189903846153847 0.9747596153846154 0.0889423076923077 0.05048076923076923
