0 0.9459134615384616 0.009615384615384616 0.10817307692307693 0.019230769230769232
0 0.9615384615384616 0.042067307692307696 0.07692307692307693 0.021634615384615384
0 0.5685096153846154 0.1935096153846154 0.17067307692307693 0.17067307692307693
0 0.7163461538461539 0.390625 0.19230769230769232 0.19471153846153846
0 0.6262019230769231 0.47355769230769235 0.18990384615384617 0.19711538461538464
0 0.5240384615384616 0.5552884615384616 0.19711538461538464 0.19230769230769232
0 0.8665865384615385 0.5516826923076923 0.07451923076923077 0.03125
0 0.8605769230769231 0.5793269230769231 0.10576923076923078 0.04326923076923077
0 0.8545673076923077 0.6021634615384616 0.1514423076923077 0.05528846153846154
0 0.8413461538461539 0.6298076923076923 0.21153846153846156 0.0625
0 0.8341346153846154 0.655048076923077 0.2644230769230769 0.07451923076923077
0 0.11658653846153846 0.8004807692307693 0.23317307692307693 0.39903846153846156
0 0.14182692307692307 0.7512019230769231 0.28365384615384615 0.41586538461538464
0 0.4278846153846154 0.6358173076923077 0.19711538461538464 0.19951923076923078
0 0.3353365384615385 0.7199519230769231 0.18990384615384617 0.19471153846153846
0 0.8185096153846154 0.6838942307692308 0.3245192307692308 0.09375
0 0.8221153846153847 0.7043269230769231 0.3509615384615385 0.09134615384615385
0 0.8713942307692308 0.71875 0.2572115384615385 0.07692307692307693
0 0.8701923076923077 0.7379807692307693 0.25961538461538464 0.08653846153846154
0 0.8173076923076924 0.7740384615384616 0.25 0.07211538461538462
0 0.8713942307692308 0.8052884615384616 0.2572115384615385 0.08173076923076923
0 0.8665865384615385 0.8329326923076924 0.24759615384615385 0.07451923076923077
0 0.8569711538461539 0.8569711538461539 0.18028846153846154 0.05528846153846154
0 0.842548076923077 0.8822115384615385 0.12740384615384617 0.04326923076923077
0 0.9278846153846154 0.9134615384615385 0.14423076923076925 0.08653846153846154
0 0.9242788461538463 0.9375 0.1514423076923077 0.09615384615384616
0 0.9326923076923077 0.9555288461538463 0.13461538461538464 0.0889423076923077
0 0.9411057692307693 0.9663461538461539 0.11778846153846155 0.06730769230769232
0 0.9495192307692308 0.9747596153846154 0.10096153846153846 0.05048076923076923
