0 0.4254807692307693 0.019230769230769232 0.2932692307692308 0.02403846153846154
0 0.4086538461538462 0.054086538461538464 0.2692307692307693 0.021634615384615384
0 0.4050480769230769 0.08653846153846154 0.2043269230769231 0.02403846153846154
0 0.4050480769230769 0.11899038461538462 0.13221153846153846 0.021634615384615384
0 0.40384615384615385 0.15264423076923078 0.07211538461538462 0.021634615384615384
0 0.6778846153846154 0.006009615384615385 0.10576923076923078 0.01201923076923077
0 0.6790865384615385 0.03125 0.16105769230769232 0.02403846153846154
0 0.6875 0.056490384615384616 0.21153846153846156 0.021634615384615384
0 0.6730769230769231 0.08052884615384616 0.2403846153846154 0.026442307692307696
0 0.6742788461538461 0.10336538461538462 0.30528846153846156 0.028846153846153848
0 0.6634615384615385 0.1310096153846154 0.32211538461538464 0.026442307692307696
0 0.6334134615384616 0.15384615384615385 0.31009615384615385 0.02403846153846154
0 0.6177884615384616 0.1826923076923077 0.2980769230769231 0.028846153846153848
0 0.6033653846153847 0.20793269230769232 0.28365384615384615 0.026442307692307696
0 0.5889423076923077 0.2295673076923077 0.2451923076923077 0.026442307692307696
0 0.5961538461538461 0.25841346153846156 0.19230769230769232 0.021634615384615384
0 0.592548076923077 0.28125 0.16105769230769232 0.019230769230769232
0 0.5901442307692308 0.3088942307692308 0.08413461538461539 0.021634615384615384
0 0.24158653846153846 0.08774038461538462 0.07932692307692309 0.021634615384615384
0 0.2403846153846154 0.12620192307692307 0.14903846153846154 0.021634615384615384
0 0.24399038461538464 0.15865384615384617 0.2091346153846154 0.02403846153846154
0 0.23918269230769232 0.19110576923076925 0.28605769230769235 0.026442307692307696
0 0.21033653846153846 0.22596153846153846 0.29086538461538464 0.02403846153846154
0 0.17427884615384617 0.2560096153846154 0.3004807692307693 0.021634615384615384
0 0.40024038461538464 0.25961538461538464 0.10336538461538462 0.02403846153846154
0 0.39543269230769235 0.2920673076923077 0.13701923076923078 0.021634615384615384
0 0.39903846153846156 0.3137019230769231 0.19230769230769232 0.021634615384615384
0 0.39903846153846156 0.33774038461538464 0.22596153846153846 0.026442307692307696
0 0.3942307692307693 0.3653846153846154 0.2884615384615385 0.028846153846153848
0 0.3822115384615385 0.390625 0.32211538461538464 0.03125
0 0.3605769230769231 0.4134615384615385 0.32211538461538464 0.02403846153846154
0 0.14543269230769232 0.28605769230769235 0.29086538461538464 0.019230769230769232
0 0.13221153846153846 0.3233173076923077 0.2644230769230769 0.026442307692307696
0 0.11177884615384616 0.3557692307692308 0.22355769230769232 0.028846153846153848
0 0.09855769230769232 0.3894230769230769 0.19711538461538464 0.02403846153846154
0 0.08173076923076923 0.4182692307692308 0.16346153846153846 0.02403846153846154
0 0.06370192307692309 0.4519230769230769 0.12740384615384617 0.02403846153846154
0 0.046875 0.484375 0.09375 0.026442307692307696
0 0.030048076923076924 0.5192307692307693 0.06009615384615385 0.02403846153846154
0 0.3545673076923077 0.44230769230769235 0.3004807692307693 0.02403846153846154
0 0.30649038461538464 0.4651442307692308 0.3293269230769231 0.026442307692307696
0 0.2824519230769231 0.4903846153846154 0.3197115384615385 0.02403846153846154
0 0.25240384615384615 0.5132211538461539 0.33653846153846156 0.026442307692307696
0 0.22596153846153846 0.5396634615384616 0.34134615384615385 0.026442307692307696
0 0.6670673076923077 0.5745192307692308 0.2043269230769231 0.21634615384615385
0 0.6478365384615385 0.5901442307692308 0.2043269230769231 0.2139423076923077
0 0.6322115384615385 0.6069711538461539 0.20192307692307693 0.2139423076923077
0 0.6129807692307693 0.6213942307692308 0.21153846153846156 0.2091346153846154
0 0.5997596153846154 0.640625 0.2139423076923077 0.2139423076923077
0 0.4495192307692308 0.9314903846153847 0.6442307692307693 0.13701923076923078
0 0.20072115384615385 0.5649038461538461 0.31490384615384615 0.028846153846153848
0 0.17067307692307693 0.5889423076923077 0.33653846153846156 0.028846153846153848
0 0.15865384615384617 0.6141826923076923 0.31730769230769235 0.026442307692307696
0 0.140625 0.6382211538461539 0.28125 0.026442307692307696
0 0.1310096153846154 0.6646634615384616 0.2620192307692308 0.026442307692307696
0 0.11658653846153846 0.6875 0.23317307692307693 0.03365384615384616
0 0.09855769230769232 0.7151442307692308 0.19711538461538464 0.03125
0 0.09014423076923077 0.7391826923076924 0.18028846153846154 0.03125
0 0.07932692307692309 0.7668269230769231 0.15865384615384617 0.028846153846153848
0 0.06129807692307693 0.7884615384615385 0.12259615384615385 0.02403846153846154
0 0.05168269230769231 0.8149038461538461 0.10336538461538462 0.028846153846153848
0 0.03966346153846154 0.8401442307692308 0.07932692307692309 0.026442307692307696
0 0.021634615384615384 0.8641826923076924 0.04326923076923077 0.026442307692307696
