0 0.25480769230769235 0.056490384615384616 0.05288461538461539 0.05048076923076923
0 0.22115384615384617 0.09855769230769232 0.05288461538461539 0.05288461538461539
0 0.203125 0.12139423076923078 0.040865384615384616 0.040865384615384616
0 0.1887019230769231 0.1887019230769231 0.07451923076923077 0.06009615384615385
0 0.15865384615384617 0.2247596153846154 0.057692307692307696 0.06490384615384616
0 0.21153846153846156 0.2692307692307693 0.08653846153846154 0.07692307692307693
0 0.2608173076923077 0.25 0.06490384615384616 0.05288461538461539
0 0.328125 0.06850961538461539 0.06971153846153846 0.06490384615384616
0 0.375 0.11177884615384616 0.038461538461538464 0.03605769230769231
0 0.3557692307692308 0.1358173076923077 0.05288461538461539 0.05048076923076923
0 0.30528846153846156 0.10216346153846155 0.08173076923076923 0.07451923076923077
0 0.27884615384615385 0.13942307692307693 0.08173076923076923 0.06730769230769232
0 0.25240384615384615 0.1670673076923077 0.06730769230769232 0.06009615384615385
0 0.33653846153846156 0.18389423076923078 0.07211538461538462 0.06971153846153846
0 0.3161057692307693 0.2139423076923077 0.06971153846153846 0.05288461538461539
0 0.3978365384615385 0.23076923076923078 0.07451923076923077 0.07211538461538462
0 0.3713942307692308 0.25841346153846156 0.06971153846153846 0.06009615384615385
0 0.46875 0.18028846153846154 0.03365384615384616 0.03365384615384616
0 0.4879807692307693 0.24399038461538464 0.07211538461538462 0.07451923076923077
0 0.5120192307692308 0.21754807692307693 0.06730769230769232 0.05528846153846154
0 0.5588942307692308 0.2512019230769231 0.040865384615384616 0.040865384615384616
0 0.5372596153846154 0.2800480769230769 0.05528846153846154 0.05048076923076923
0 0.5060096153846154 0.3125 0.05528846153846154 0.04807692307692308
0 0.45793269230769235 0.28365384615384615 0.07451923076923077 0.06730769230769232
0 0.4831730769230769 0.34615384615384615 0.04807692307692308 0.038461538461538464
0 0.4326923076923077 0.31009615384615385 0.07211538461538462 0.0625
0 0.4675480769230769 0.4050480769230769 0.04567307692307693 0.05048076923076923
0 0.4254807692307693 0.45072115384615385 0.05288461538461539 0.06490384615384616
0 0.2355769230769231 0.9495192307692308 0.125 0.10096153846153846
0 0.042067307692307696 0.5480769230769231 0.03125 0.02403846153846154
