0 0.858173076923077 0.4411057692307693 0.28365384615384615 0.5745192307692308
0 0.6298076923076923 0.010817307692307692 0.3125 0.021634615384615384
0 0.6057692307692308 0.030048076923076924 0.3269230769230769 0.03125
0 0.5829326923076923 0.057692307692307696 0.3293269230769231 0.028846153846153848
0 0.5492788461538461 0.07932692307692309 0.3245192307692308 0.02403846153846154
0 0.5264423076923077 0.10576923076923078 0.3317307692307693 0.028846153846153848
0 0.5036057692307693 0.1310096153846154 0.3293269230769231 0.026442307692307696
0 0.46875 0.15504807692307693 0.3269230769230769 0.026442307692307696
0 0.453125 0.18149038461538464 0.3245192307692308 0.026442307692307696
0 0.4338942307692308 0.203125 0.31490384615384615 0.026442307692307696
0 0.41586538461538464 0.22836538461538464 0.28365384615384615 0.028846153846153848
0 0.4074519230769231 0.2536057692307692 0.2572115384615385 0.021634615384615384
0 0.4182692307692308 0.2824519230769231 0.19230769230769232 0.026442307692307696
0 0.4086538461538462 0.3040865384615385 0.13942307692307693 0.01682692307692308
0 0.4050480769230769 0.3317307692307693 0.09855769230769232 0.019230769230769232
0 0.4098557692307693 0.3581730769230769 0.06009615384615385 0.019230769230769232
0 0.29086538461538464 0.009615384615384616 0.3028846153846154 0.019230769230769232
0 0.265625 0.040865384615384616 0.3004807692307693 0.02403846153846154
0 0.24639423076923078 0.07211538461538462 0.2620192307692308 0.02403846153846154
0 0.23798076923076925 0.10336538461538462 0.20673076923076925 0.028846153846153848
0 0.2403846153846154 0.1358173076923077 0.13942307692307693 0.021634615384615384
0 0.2403846153846154 0.16947115384615385 0.07692307692307693 0.021634615384615384
0 0.04567307692307693 0.5180288461538461 0.09134615384615385 0.19471153846153846
0 0.14543269230769232 0.6790865384615385 0.07451923076923077 0.03125
0 0.13942307692307693 0.7067307692307693 0.10576923076923078 0.04326923076923077
0 0.13341346153846154 0.7295673076923077 0.1514423076923077 0.05528846153846154
0 0.1201923076923077 0.7572115384615385 0.21153846153846156 0.0625
0 0.12259615384615385 0.7824519230769231 0.2451923076923077 0.07451923076923077
0 0.703125 0.6682692307692308 0.2043269230769231 0.21634615384615385
0 0.12980769230769232 0.811298076923077 0.25961538461538464 0.09375
0 0.13822115384615385 0.8317307692307693 0.2764423076923077 0.09134615384615385
0 0.15625 0.8461538461538463 0.2692307692307693 0.07692307692307693
0 0.16346153846153846 0.8653846153846154 0.2884615384615385 0.08653846153846154
0 0.11057692307692309 0.9014423076923077 0.22115384615384617 0.07211538461538462
0 0.16947115384615385 0.9326923076923077 0.2956730769230769 0.08173076923076923
0 0.14543269230769232 0.9603365384615385 0.24759615384615385 0.07451923076923077
0 0.1358173076923077 0.9783653846153847 0.18028846153846154 0.04326923076923077
0 0.12139423076923078 0.9939903846153847 0.12740384615384617 0.01201923076923077
