0 0.19591346153846154 0.14302884615384617 0.07932692307692309 0.06490384615384616
0 0.24759615384615385 0.1778846153846154 0.08173076923076923 0.057692307692307696
0 0.30649038461538464 0.22235576923076925 0.07451923076923077 0.08413461538461539
0 0.35336538461538464 0.2572115384615385 0.09134615384615385 0.09615384615384616
0 0.41105769230769235 0.2884615384615385 0.09134615384615385 0.09615384615384616
0 0.4651442307692308 0.3137019230769231 0.07932692307692309 0.07932692307692309
0 0.14423076923076925 0.3545673076923077 0.08653846153846154 0.06490384615384616
0 0.45432692307692313 0.40024038461538464 0.05288461538461539 0.06490384615384616
0 0.40024038461538464 0.46875 0.09855769230769232 0.11538461538461539
0 0.32572115384615385 0.5528846153846154 0.11778846153846155 0.125
0 0.5192307692307693 0.5829326923076923 0.14903846153846154 0.12740384615384617
0 0.9471153846153847 0.49278846153846156 0.10576923076923078 0.11057692307692309
0 0.8798076923076924 0.8485576923076924 0.08173076923076923 0.09134615384615385
0 0.8341346153846154 0.8701923076923077 0.04326923076923077 0.038461538461538464
