0 0.026442307692307696 0.00841346153846154 0.05288461538461539 0.01682692307692308
0 0.06971153846153846 0.025240384615384616 0.06730769230769232 0.05048076923076923
0 0.013221153846153848 0.02764423076923077 0.026442307692307696 0.05048076923076923
0 0.037259615384615384 0.06009615384615385 0.040865384615384616 0.038461538461538464
0 0.003605769230769231 0.08533653846153846 0.007211538461538462 0.05048076923076923
0 0.3269230769230769 0.2560096153846154 0.05288461538461539 0.05048076923076923
0 0.2932692307692308 0.2980769230769231 0.05288461538461539 0.05288461538461539
0 0.27524038461538464 0.32091346153846156 0.040865384615384616 0.040865384615384616
0 0.2608173076923077 0.38822115384615385 0.07451923076923077 0.06009615384615385
0 0.23076923076923078 0.4242788461538462 0.057692307692307696 0.06490384615384616
0 0.28365384615384615 0.46875 0.08653846153846154 0.07692307692307693
0 0.33293269230769235 0.4495192307692308 0.06490384615384616 0.05288461538461539
0 0.40024038461538464 0.26802884615384615 0.06971153846153846 0.06490384615384616
0 0.44711538461538464 0.3112980769230769 0.038461538461538464 0.03605769230769231
0 0.4278846153846154 0.3353365384615385 0.05288461538461539 0.05048076923076923
0 0.3774038461538462 0.30168269230769235 0.08173076923076923 0.07451923076923077
0 0.3509615384615385 0.3389423076923077 0.08173076923076923 0.06730769230769232
0 0.3245192307692308 0.3665865384615385 0.06730769230769232 0.06009615384615385
0 0.4086538461538462 0.38341346153846156 0.07211538461538462 0.06971153846153846
0 0.38822115384615385 0.4134615384615385 0.06971153846153846 0.05288461538461539
0 0.46995192307692313 0.43028846153846156 0.07451923076923077 0.07211538461538462
0 0.4435096153846154 0.45793269230769235 0.06971153846153846 0.06009615384615385
0 0.5408653846153847 0.37980769230769235 0.03365384615384616 0.03365384615384616
0 0.5600961538461539 0.4435096153846154 0.07211538461538462 0.07451923076923077
0 0.5841346153846154 0.4170673076923077 0.06730769230769232 0.05528846153846154
0 0.6310096153846154 0.45072115384615385 0.040865384615384616 0.040865384615384616
0 0.609375 0.4795673076923077 0.05528846153846154 0.05048076923076923
0 0.578125 0.5120192307692308 0.05528846153846154 0.04807692307692308
0 0.530048076923077 0.4831730769230769 0.07451923076923077 0.06730769230769232
0 0.5552884615384616 0.545673076923077 0.04807692307692308 0.038461538461538464
0 0.5048076923076923 0.5096153846153847 0.07211538461538462 0.0625
0 0.5396634615384616 0.6045673076923077 0.04567307692307693 0.05048076923076923
0 0.49759615384615385 0.6502403846153847 0.05288461538461539 0.06490384615384616
0 0.11418269230769232 0.7475961538461539 0.03125 0.02403846153846154
