2 0.390625 0.19951923076923078 0.04567307692307693 0.057692307692307696
0 0.4651442307692308 0.18990384615384617 0.021634615384615384 0.02403846153846154
0 0.9278846153846154 0.11298076923076923 0.057692307692307696 0.0625
0 0.84375 0.9711538461538463 0.0625 0.04326923076923077
0 0.796875 0.9302884615384616 0.06009615384615385 0.04326923076923077
0 0.6514423076923077 0.6826923076923077 0.03365384615384616 0.03365384615384616
0 0.6574519230769231 0.3185096153846154 0.0889423076923077 0.07932692307692309
0 0.4411057692307693 0.2644230769230769 0.06971153846153846 0.07211538461538462
0 0.4723557692307693 0.32211538461538464 0.0889423076923077 0.09134615384615385
0 0.359375 0.45432692307692313 0.06009615384615385 0.0625
0 0.576923076923077 0.47355769230769235 0.038461538461538464 0.04326923076923077
