0 0.984375 0.04447115384615385 0.03125 0.026442307692307696
0 0.9663461538461539 0.07211538461538462 0.06730769230769232 0.028846153846153848
0 0.951923076923077 0.09735576923076923 0.09615384615384616 0.03125
0 0.9411057692307693 0.1201923076923077 0.11778846153846155 0.02403846153846154
0 0.8209134615384616 0.001201923076923077 0.30528846153846156 0.002403846153846154
0 0.7920673076923077 0.030048076923076924 0.31009615384615385 0.026442307692307696
0 0.7584134615384616 0.0625 0.2956730769230769 0.028846153846153848
0 0.7283653846153847 0.09615384615384616 0.3028846153846154 0.02403846153846154
0 0.6935096153846154 0.125 0.30528846153846156 0.02403846153846154
0 0.6586538461538461 0.15865384615384617 0.3028846153846154 0.02403846153846154
0 0.6262019230769231 0.19110576923076925 0.3004807692307693 0.026442307692307696
0 0.5913461538461539 0.22596153846153846 0.3028846153846154 0.02403846153846154
0 0.9435096153846154 0.14903846153846154 0.11298076923076923 0.02403846153846154
0 0.9122596153846154 0.171875 0.17548076923076925 0.026442307692307696
0 0.9026442307692308 0.19711538461538464 0.19471153846153846 0.02403846153846154
0 0.8834134615384616 0.2199519230769231 0.23317307692307693 0.026442307692307696
0 0.8689903846153847 0.24639423076923078 0.2620192307692308 0.026442307692307696
0 0.905048076923077 0.7848557692307693 0.18990384615384617 0.43028846153846156
0 0.8629807692307693 0.2716346153846154 0.27403846153846156 0.028846153846153848
0 0.842548076923077 0.2956730769230769 0.31490384615384615 0.028846153846153848
0 0.8329326923076924 0.32091346153846156 0.3341346153846154 0.026442307692307696
0 0.8052884615384616 0.3449519230769231 0.31730769230769235 0.026442307692307696
0 0.780048076923077 0.3713942307692308 0.3293269230769231 0.026442307692307696
0 0.7560096153846154 0.3942307692307693 0.3197115384615385 0.03365384615384616
0 0.7235576923076924 0.421875 0.3125 0.03125
0 0.6995192307692308 0.44591346153846156 0.3269230769230769 0.03125
0 0.6766826923076923 0.47355769230769235 0.3293269230769231 0.028846153846153848
0 0.6430288461538461 0.4951923076923077 0.3245192307692308 0.02403846153846154
0 0.6201923076923077 0.5216346153846154 0.3317307692307693 0.028846153846153848
0 0.5973557692307693 0.546875 0.3293269230769231 0.026442307692307696
0 0.5625 0.5709134615384616 0.3269230769230769 0.026442307692307696
0 0.546875 0.5973557692307693 0.3245192307692308 0.026442307692307696
0 0.5276442307692308 0.6189903846153847 0.31490384615384615 0.026442307692307696
0 0.5096153846153847 0.6442307692307693 0.28365384615384615 0.028846153846153848
0 0.5012019230769231 0.6694711538461539 0.2572115384615385 0.021634615384615384
0 0.5120192307692308 0.6983173076923077 0.19230769230769232 0.026442307692307696
0 0.5024038461538461 0.7199519230769231 0.13942307692307693 0.01682692307692308
0 0.4987980769230769 0.7475961538461539 0.09855769230769232 0.019230769230769232
0 0.5036057692307693 0.7740384615384616 0.06009615384615385 0.019230769230769232
0 0.5552884615384616 0.2560096153846154 0.2980769230769231 0.026442307692307696
0 0.5180288461538461 0.28966346153846156 0.3004807692307693 0.026442307692307696
0 0.4879807692307693 0.32211538461538464 0.3125 0.02403846153846154
0 0.45072115384615385 0.3557692307692308 0.30528846153846156 0.02403846153846154
0 0.42307692307692313 0.38822115384615385 0.3028846153846154 0.026442307692307696
0 0.38461538461538464 0.421875 0.3028846153846154 0.026442307692307696
0 0.359375 0.4567307692307693 0.3004807692307693 0.02403846153846154
0 0.3401442307692308 0.4879807692307693 0.2620192307692308 0.02403846153846154
0 0.3317307692307693 0.5192307692307693 0.20673076923076925 0.028846153846153848
0 0.3341346153846154 0.5516826923076923 0.13942307692307693 0.021634615384615384
0 0.3341346153846154 0.5853365384615385 0.07692307692307693 0.021634615384615384
0 0.013221153846153848 0.7367788461538461 0.026442307692307696 0.17067307692307693
0 0.09254807692307693 0.9182692307692308 0.18509615384615385 0.16346153846153846
0 0.046875 0.9591346153846154 0.09375 0.08173076923076923
0 0.796875 0.9879807692307693 0.2043269230769231 0.02403846153846154
