0 0.7740384615384616 0.025240384615384616 0.15384615384615385 0.05048076923076923
0 0.6322115384615385 0.06370192307692309 0.16346153846153846 0.12259615384615385
0 0.33774038461538464 0.3653846153846154 0.17548076923076925 0.13942307692307693
0 0.46153846153846156 0.2920673076923077 0.14903846153846154 0.12259615384615385
0 0.983173076923077 0.26322115384615385 0.03365384615384616 0.07451923076923077
0 0.9290865384615385 0.3004807692307693 0.05048076923076923 0.07692307692307693
0 0.8365384615384616 0.37259615384615385 0.20192307692307693 0.14903846153846154
0 0.6586538461538461 0.4098557692307693 0.09615384615384616 0.11778846153846155
0 0.609375 0.32572115384615385 0.09855769230769232 0.10817307692307693
0 0.5697115384615385 0.24399038461538464 0.07211538461538462 0.09375
0 0.6165865384615385 0.21153846153846156 0.09855769230769232 0.09134615384615385
0 0.6790865384615385 0.3317307692307693 0.11298076923076923 0.21153846153846156
