0 0.17427884615384617 0.015625 0.17067307692307693 0.03125
0 0.32211538461538464 0.14302884615384617 0.19230769230769232 0.19471153846153846
0 0.23197115384615385 0.22596153846153846 0.18990384615384617 0.19711538461538464
0 0.12980769230769232 0.3076923076923077 0.19711538461538464 0.19230769230769232
0 0.4723557692307693 0.3040865384615385 0.07451923076923077 0.03125
0 0.46634615384615385 0.3317307692307693 0.10576923076923078 0.04326923076923077
0 0.4603365384615385 0.3545673076923077 0.1514423076923077 0.05528846153846154
0 0.44711538461538464 0.3822115384615385 0.21153846153846156 0.0625
0 0.4399038461538462 0.4074519230769231 0.2644230769230769 0.07451923076923077
0 0.9639423076923077 0.2932692307692308 0.07211538461538462 0.21634615384615385
0 0.06610576923076923 0.38822115384615385 0.13221153846153846 0.19951923076923078
0 0.018028846153846156 0.4723557692307693 0.03605769230769231 0.19471153846153846
0 0.4242788461538462 0.4362980769230769 0.3245192307692308 0.09375
0 0.4278846153846154 0.4567307692307693 0.3509615384615385 0.09134615384615385
0 0.4831730769230769 0.4711538461538462 0.2692307692307693 0.07692307692307693
0 0.4903846153846154 0.4903846153846154 0.2884615384615385 0.08653846153846154
0 0.42307692307692313 0.5264423076923077 0.25 0.07211538461538462
0 0.4963942307692308 0.5576923076923077 0.2956730769230769 0.08173076923076923
0 0.4723557692307693 0.5853365384615385 0.24759615384615385 0.07451923076923077
0 0.46274038461538464 0.609375 0.18028846153846154 0.05528846153846154
0 0.4483173076923077 0.6346153846153847 0.12740384615384617 0.04326923076923077
0 0.623798076923077 0.6658653846153847 0.3245192307692308 0.08653846153846154
0 0.6310096153846154 0.6899038461538461 0.35336538461538464 0.09615384615384616
0 0.6454326923076923 0.7091346153846154 0.34855769230769235 0.09134615384615385
0 0.6634615384615385 0.7295673076923077 0.3509615384615385 0.0889423076923077
0 0.6826923076923077 0.7475961538461539 0.3557692307692308 0.09134615384615385
0 0.6923076923076923 0.765625 0.34615384615384615 0.09375
0 0.6947115384615385 0.7908653846153847 0.2932692307692308 0.08173076923076923
0 0.671875 0.8413461538461539 0.18509615384615385 0.0625
0 0.6850961538461539 0.8137019230769231 0.2451923076923077 0.07451923076923077
0 0.6634615384615385 0.8653846153846154 0.14423076923076925 0.04807692307692308
