0 0.4831730769230769 0.5504807692307693 0.08173076923076923 0.028846153846153848
0 0.4014423076923077 0.5252403846153847 0.08653846153846154 0.03125
0 0.32091346153846156 0.5168269230769231 0.06009615384615385 0.03365384615384616
0 0.3581730769230769 0.5408653846153847 0.14423076923076925 0.05288461538461539
0 0.3966346153846154 0.5384615384615385 0.07692307692307693 0.028846153846153848
0 0.4807692307692308 0.5637019230769231 0.08173076923076923 0.03125
0 0.47716346153846156 0.576923076923077 0.07932692307692309 0.028846153846153848
0 0.4723557692307693 0.5901442307692308 0.07932692307692309 0.03125
0 0.35336538461538464 0.5588942307692308 0.14903846153846154 0.05048076923076923
0 0.3509615384615385 0.5685096153846154 0.14423076923076925 0.05048076923076923
0 0.3473557692307693 0.5841346153846154 0.1514423076923077 0.05288461538461539
0 0.4675480769230769 0.5997596153846154 0.07932692307692309 0.03605769230769231
0 0.4639423076923077 0.6153846153846154 0.08173076923076923 0.03365384615384616
0 0.4603365384615385 0.6334134615384616 0.07932692307692309 0.03125
0 0.3762019230769231 0.608173076923077 0.07451923076923077 0.03365384615384616
