0 0.9723557692307693 0.140625 0.04567307692307693 0.03125
0 0.8954326923076924 0.013221153846153848 0.03605769230769231 0.026442307692307696
0 0.623798076923077 0.09855769230769232 0.03125 0.028846153846153848
0 0.2764423076923077 0.01201923076923077 0.05288461538461539 0.02403846153846154
0 0.3665865384615385 0.8786057692307693 0.026442307692307696 0.021634615384615384
0 0.4290865384615385 0.9939903846153847 0.06490384615384616 0.01201923076923077
0 0.5048076923076923 0.9242788461538463 0.05288461538461539 0.03605769230769231
0 0.5600961538461539 0.9507211538461539 0.038461538461538464 0.05528846153846154
0 0.3605769230769231 0.2572115384615385 0.038461538461538464 0.019230769230769232
0 0.41586538461538464 0.47836538461538464 0.08173076923076923 0.04807692307692308
0 0.49399038461538464 0.4639423076923077 0.03605769230769231 0.028846153846153848
0 0.7283653846153847 0.2692307692307693 0.08653846153846154 0.03365384615384616
