0 0.3978365384615385 0.35697115384615385 0.2091346153846154 0.07932692307692309
0 0.14783653846153846 0.3858173076923077 0.18990384615384617 0.06490384615384616
0 0.1310096153846154 0.6117788461538461 0.1466346153846154 0.05528846153846154
0 0.2872596153846154 0.028846153846153848 0.03605769230769231 0.019230769230769232
0 0.19591346153846154 0.8822115384615385 0.3389423076923077 0.10096153846153846
0 0.686298076923077 0.811298076923077 0.14182692307692307 0.04567307692307693
0 0.6838942307692308 0.842548076923077 0.14182692307692307 0.026442307692307696
0 0.6766826923076923 0.890625 0.13701923076923078 0.03605769230769231
0 0.6766826923076923 0.9314903846153847 0.14182692307692307 0.04567307692307693
0 0.671875 0.9807692307692308 0.1466346153846154 0.038461538461538464
0 0.6670673076923077 0.8786057692307693 0.23798076923076925 0.24278846153846156
