0 0.4915865384615385 0.20673076923076925 0.040865384615384616 0.10576923076923078
0 0.34855769230769235 0.13701923076923078 0.03365384615384616 0.0625
0 0.3112980769230769 0.13341346153846154 0.03605769230769231 0.05048076923076923
0 0.31009615384615385 0.18389423076923078 0.019230769230769232 0.03125
0 0.29086538461538464 0.21033653846153846 0.03365384615384616 0.05048076923076923
0 0.390625 0.4759615384615385 0.03605769230769231 0.028846153846153848
0 0.4591346153846154 0.8918269230769231 0.04326923076923077 0.05288461538461539
0 0.4435096153846154 0.9699519230769231 0.05528846153846154 0.06009615384615385
0 0.48918269230769235 0.9795673076923077 0.05048076923076923 0.040865384615384616
0 0.3028846153846154 0.8701923076923077 0.019230769230769232 0.038461538461538464
0 0.6646634615384616 0.9134615384615385 0.040865384615384616 0.04807692307692308
0 0.6213942307692308 0.9314903846153847 0.04567307692307693 0.10336538461538462
0 0.8930288461538463 0.9927884615384616 0.08413461538461539 0.014423076923076924
0 0.6838942307692308 0.5180288461538461 0.021634615384615384 0.03605769230769231
