0 0.013221153846153848 0.24879807692307693 0.026442307692307696 0.13701923076923078
0 0.06009615384615385 0.18509615384615385 0.1201923076923077 0.13461538461538464
0 0.1514423076923077 0.12980769230769232 0.125 0.13461538461538464
0 0.23677884615384617 0.07211538461538462 0.10817307692307693 0.12980769230769232
0 0.5060096153846154 0.06009615384615385 0.06971153846153846 0.09134615384615385
0 0.48557692307692313 0.07572115384615385 0.07692307692307693 0.09375
0 0.4134615384615385 0.11658653846153846 0.07211538461538462 0.09855769230769232
0 0.3918269230769231 0.13341346153846154 0.08173076923076923 0.0889423076923077
0 0.32211538461538464 0.17307692307692307 0.07211538461538462 0.10096153846153846
0 0.2920673076923077 0.19591346153846154 0.0889423076923077 0.09855769230769232
0 0.265625 0.21514423076923078 0.07451923076923077 0.09375
0 0.19471153846153846 0.2560096153846154 0.07692307692307693 0.09855769230769232
0 0.171875 0.27403846153846156 0.07451923076923077 0.09134615384615385
0 0.09975961538461539 0.31730769230769235 0.07451923076923077 0.09134615384615385
0 0.07572115384615385 0.33293269230769235 0.08413461538461539 0.09855769230769232
0 0.14783653846153846 0.4495192307692308 0.09855769230769232 0.12980769230769232
0 0.17908653846153846 0.43028846153846156 0.10817307692307693 0.13461538461538464
0 0.2355769230769231 0.3930288461538462 0.11057692307692309 0.13221153846153846
0 0.27043269230769235 0.36899038461538464 0.10817307692307693 0.12740384615384617
0 0.328125 0.3341346153846154 0.11298076923076923 0.13461538461538464
0 0.3665865384615385 0.3125 0.10817307692307693 0.13461538461538464
0 0.3978365384615385 0.28605769230769235 0.10336538461538462 0.13461538461538464
0 0.4603365384615385 0.2512019230769231 0.10817307692307693 0.13221153846153846
0 0.4915865384615385 0.22836538461538464 0.10817307692307693 0.12980769230769232
0 0.5480769230769231 0.19471153846153846 0.10576923076923078 0.13461538461538464
0 0.578125 0.17307692307692307 0.09855769230769232 0.125
0 0.6021634615384616 0.3004807692307693 0.06009615384615385 0.08173076923076923
0 0.5564903846153847 0.3269230769230769 0.08413461538461539 0.09615384615384616
0 0.5240384615384616 0.34855769230769235 0.08653846153846154 0.09615384615384616
0 0.4639423076923077 0.38822115384615385 0.08653846153846154 0.0889423076923077
0 0.43028846153846156 0.4086538461538462 0.08173076923076923 0.09615384615384616
0 0.3942307692307693 0.4278846153846154 0.07692307692307693 0.09134615384615385
0 0.33293269230769235 0.46995192307692313 0.07932692307692309 0.0889423076923077
0 0.3004807692307693 0.4903846153846154 0.07692307692307693 0.09615384615384616
0 0.24278846153846156 0.5276442307692308 0.07692307692307693 0.09375
0 0.21153846153846156 0.5492788461538461 0.07692307692307693 0.0889423076923077
0 0.9375 0.9182692307692308 0.04326923076923077 0.028846153846153848
0 0.859375 0.9254807692307693 0.05528846153846154 0.0625
0 0.8125 0.9951923076923077 0.057692307692307696 0.009615384615384616
0 0.04326923076923077 0.4831730769230769 0.08653846153846154 0.4278846153846154
