0 0.8028846153846154 0.2295673076923077 0.08653846153846154 0.05528846153846154
0 0.7091346153846154 0.3040865384615385 0.0625 0.06009615384615385
0 0.7235576923076924 0.3581730769230769 0.06730769230769232 0.08173076923076923
0 0.7415865384615385 0.43028846153846156 0.07451923076923077 0.07692307692307693
0 0.764423076923077 0.49399038461538464 0.06730769230769232 0.07932692307692309
0 0.780048076923077 0.5673076923076923 0.06490384615384616 0.07692307692307693
0 0.7944711538461539 0.6346153846153847 0.06971153846153846 0.07211538461538462
0 0.8161057692307693 0.701923076923077 0.06971153846153846 0.08173076923076923
0 0.7475961538461539 0.7211538461538461 0.09615384615384616 0.09134615384615385
0 0.7247596153846154 0.6574519230769231 0.09855769230769232 0.0889423076923077
0 0.7067307692307693 0.5865384615384616 0.09615384615384616 0.09134615384615385
0 0.6947115384615385 0.5132211538461539 0.09134615384615385 0.07932692307692309
0 0.686298076923077 0.4519230769230769 0.07932692307692309 0.08653846153846154
0 0.6658653846153847 0.37980769230769235 0.06730769230769232 0.08173076923076923
0 0.671875 0.32211538461538464 0.026442307692307696 0.04326923076923077
0 0.22836538461538464 0.31009615384615385 0.08173076923076923 0.07692307692307693
