0 0.02764423076923077 0.06971153846153846 0.05528846153846154 0.1201923076923077
0 0.03365384615384616 0.12620192307692307 0.04807692307692308 0.05048076923076923
0 0.15985576923076925 0.018028846153846156 0.05528846153846154 0.03605769230769231
0 0.19951923076923078 0.03966346153846154 0.0625 0.06009615384615385
0 0.2451923076923077 0.07572115384615385 0.0625 0.06009615384615385
0 0.2932692307692308 0.11057692307692309 0.06730769230769232 0.057692307692307696
0 0.2199519230769231 0.11658653846153846 0.06009615384615385 0.05048076923076923
0 0.2608173076923077 0.14903846153846154 0.040865384615384616 0.038461538461538464
0 0.1622596153846154 0.1466346153846154 0.03605769230769231 0.038461538461538464
0 0.13701923076923078 0.17427884615384617 0.04326923076923077 0.040865384615384616
0 0.2043269230769231 0.17427884615384617 0.05288461538461539 0.05048076923076923
0 0.17427884615384617 0.2091346153846154 0.05048076923076923 0.04326923076923077
0 0.5504807692307693 0.3449519230769231 0.05288461538461539 0.05048076923076923
0 0.5168269230769231 0.3870192307692308 0.05288461538461539 0.05288461538461539
0 0.4987980769230769 0.4098557692307693 0.040865384615384616 0.040865384615384616
0 0.484375 0.47716346153846156 0.07451923076923077 0.06009615384615385
0 0.45432692307692313 0.5132211538461539 0.057692307692307696 0.06490384615384616
0 0.5072115384615384 0.5576923076923077 0.08653846153846154 0.07692307692307693
0 0.5564903846153847 0.5384615384615385 0.06490384615384616 0.05288461538461539
0 0.623798076923077 0.35697115384615385 0.06971153846153846 0.06490384615384616
0 0.670673076923077 0.40024038461538464 0.038461538461538464 0.03605769230769231
0 0.6514423076923077 0.4242788461538462 0.05288461538461539 0.05048076923076923
0 0.6009615384615385 0.390625 0.08173076923076923 0.07451923076923077
0 0.5745192307692308 0.4278846153846154 0.08173076923076923 0.06730769230769232
0 0.5480769230769231 0.4555288461538462 0.06730769230769232 0.06009615384615385
0 0.6322115384615385 0.4723557692307693 0.07211538461538462 0.06971153846153846
0 0.6117788461538461 0.5024038461538461 0.06971153846153846 0.05288461538461539
0 0.6935096153846154 0.5192307692307693 0.07451923076923077 0.07211538461538462
0 0.6670673076923077 0.546875 0.06971153846153846 0.06009615384615385
0 0.764423076923077 0.46875 0.03365384615384616 0.03365384615384616
0 0.7836538461538461 0.5324519230769231 0.07211538461538462 0.07451923076923077
0 0.8076923076923077 0.5060096153846154 0.06730769230769232 0.05528846153846154
0 0.8545673076923077 0.5396634615384616 0.040865384615384616 0.040865384615384616
0 0.8329326923076924 0.5685096153846154 0.05528846153846154 0.05048076923076923
0 0.8016826923076924 0.6009615384615385 0.05528846153846154 0.04807692307692308
0 0.7536057692307693 0.5721153846153847 0.07451923076923077 0.06730769230769232
0 0.7788461538461539 0.6346153846153847 0.04807692307692308 0.038461538461538464
0 0.7283653846153847 0.5985576923076923 0.07211538461538462 0.0625
0 0.7632211538461539 0.6935096153846154 0.04567307692307693 0.05048076923076923
0 0.7211538461538461 0.7391826923076924 0.05288461538461539 0.06490384615384616
0 0.33774038461538464 0.8365384615384616 0.03125 0.02403846153846154
0 0.0625 0.9819711538461539 0.125 0.03605769230769231
0 0.06610576923076923 0.09014423076923077 0.04567307692307693 0.040865384615384616
