0 0.8725961538461539 0.4170673076923077 0.057692307692307696 0.05528846153846154
0 0.6201923076923077 0.39903846153846156 0.04326923076923077 0.038461538461538464
0 0.7235576923076924 0.4711538461538462 0.05288461538461539 0.05288461538461539
0 0.875 0.6514423076923077 0.028846153846153848 0.028846153846153848
0 0.9158653846153847 0.6754807692307693 0.04326923076923077 0.03365384615384616
0 0.9627403846153847 0.734375 0.040865384615384616 0.05048076923076923
0 0.920673076923077 0.8882211538461539 0.0625 0.06490384615384616
0 0.8665865384615385 0.8377403846153847 0.026442307692307696 0.03125
0 0.8209134615384616 0.7980769230769231 0.026442307692307696 0.02403846153846154
0 0.7091346153846154 0.9098557692307693 0.08653846153846154 0.08413461538461539
2 0.3822115384615385 0.764423076923077 0.04326923076923077 0.05288461538461539
0 0.3245192307692308 0.6826923076923077 0.057692307692307696 0.0625
0 0.6586538461538461 0.43870192307692313 0.038461538461538464 0.03125
