0 0.6105769230769231 0.11418269230769232 0.03365384615384616 0.03125
0 0.9086538461538463 0.9302884615384616 0.1826923076923077 0.13942307692307693
0 0.8677884615384616 0.9867788461538463 0.16826923076923078 0.026442307692307696
0 0.6935096153846154 0.8665865384615385 0.13221153846153846 0.09855769230769232
0 0.4915865384615385 0.6466346153846154 0.0889423076923077 0.0625
0 0.4795673076923077 0.6646634615384616 0.0889423076923077 0.06009615384615385
0 0.46634615384615385 0.6899038461538461 0.08173076923076923 0.057692307692307696
0 0.45793269230769235 0.6947115384615385 0.06490384615384616 0.04807692307692308
0 0.45072115384615385 0.7103365384615385 0.06971153846153846 0.05048076923076923
0 0.44591346153846156 0.7223557692307693 0.06971153846153846 0.04567307692307693
0 0.4435096153846154 0.733173076923077 0.07451923076923077 0.04807692307692308
0 0.5384615384615385 0.7704326923076924 0.11057692307692309 0.09855769230769232
0 0.14302884615384617 0.5228365384615384 0.12740384615384617 0.09375
