0 0.4555288461538462 0.02403846153846154 0.2043269230769231 0.02403846153846154
0 0.4555288461538462 0.056490384615384616 0.13221153846153846 0.021634615384615384
0 0.45432692307692313 0.09014423076923077 0.07211538461538462 0.021634615384615384
0 0.7379807692307693 0.002403846153846154 0.21153846153846156 0.004807692307692308
0 0.7235576923076924 0.018028846153846156 0.2403846153846154 0.026442307692307696
0 0.7247596153846154 0.040865384615384616 0.30528846153846156 0.028846153846153848
0 0.7139423076923077 0.06850961538461539 0.32211538461538464 0.026442307692307696
0 0.6838942307692308 0.09134615384615385 0.31009615384615385 0.02403846153846154
0 0.6682692307692308 0.1201923076923077 0.2980769230769231 0.028846153846153848
0 0.6538461538461539 0.14543269230769232 0.28365384615384615 0.026442307692307696
0 0.639423076923077 0.1670673076923077 0.2451923076923077 0.026442307692307696
0 0.6466346153846154 0.19591346153846154 0.19230769230769232 0.021634615384615384
0 0.6430288461538461 0.21875 0.16105769230769232 0.019230769230769232
0 0.640625 0.24639423076923078 0.08413461538461539 0.021634615384615384
0 0.2920673076923077 0.025240384615384616 0.07932692307692309 0.021634615384615384
0 0.29086538461538464 0.06370192307692309 0.14903846153846154 0.021634615384615384
0 0.29447115384615385 0.09615384615384616 0.2091346153846154 0.02403846153846154
0 0.28966346153846156 0.12860576923076925 0.28605769230769235 0.026442307692307696
0 0.2608173076923077 0.16346153846153846 0.29086538461538464 0.02403846153846154
0 0.2247596153846154 0.1935096153846154 0.3004807692307693 0.021634615384615384
0 0.45072115384615385 0.19711538461538464 0.10336538461538462 0.02403846153846154
0 0.44591346153846156 0.2295673076923077 0.13701923076923078 0.021634615384615384
0 0.4495192307692308 0.2512019230769231 0.19230769230769232 0.021634615384615384
0 0.4495192307692308 0.27524038461538464 0.22596153846153846 0.026442307692307696
0 0.4447115384615385 0.3028846153846154 0.2884615384615385 0.028846153846153848
0 0.4326923076923077 0.328125 0.32211538461538464 0.03125
0 0.41105769230769235 0.3509615384615385 0.32211538461538464 0.02403846153846154
0 0.1887019230769231 0.22355769230769232 0.30528846153846156 0.019230769230769232
0 0.15985576923076925 0.2608173076923077 0.31009615384615385 0.026442307692307696
0 0.13701923076923078 0.2932692307692308 0.27403846153846156 0.028846153846153848
0 0.12379807692307693 0.3269230769230769 0.24759615384615385 0.02403846153846154
0 0.10697115384615385 0.3557692307692308 0.2139423076923077 0.02403846153846154
0 0.0889423076923077 0.3894230769230769 0.1778846153846154 0.02403846153846154
0 0.07211538461538462 0.421875 0.14423076923076925 0.026442307692307696
0 0.05528846153846154 0.4567307692307693 0.11057692307692309 0.02403846153846154
0 0.4050480769230769 0.37980769230769235 0.3004807692307693 0.02403846153846154
0 0.35697115384615385 0.4026442307692308 0.3293269230769231 0.026442307692307696
0 0.33293269230769235 0.4278846153846154 0.3197115384615385 0.02403846153846154
0 0.3028846153846154 0.45072115384615385 0.33653846153846156 0.026442307692307696
0 0.2764423076923077 0.47716346153846156 0.34134615384615385 0.026442307692307696
0 0.717548076923077 0.5120192307692308 0.2043269230769231 0.21634615384615385
0 0.6983173076923077 0.5276442307692308 0.2043269230769231 0.2139423076923077
0 0.6826923076923077 0.5444711538461539 0.20192307692307693 0.2139423076923077
0 0.6634615384615385 0.5588942307692308 0.21153846153846156 0.2091346153846154
0 0.6502403846153847 0.578125 0.2139423076923077 0.2139423076923077
0 0.5 0.9002403846153847 0.6442307692307693 0.19951923076923078
0 0.2512019230769231 0.5024038461538461 0.31490384615384615 0.028846153846153848
0 0.22115384615384617 0.5264423076923077 0.33653846153846156 0.028846153846153848
0 0.20072115384615385 0.5516826923076923 0.3341346153846154 0.026442307692307696
0 0.17307692307692307 0.5757211538461539 0.31730769230769235 0.026442307692307696
0 0.15625 0.6021634615384616 0.3125 0.026442307692307696
0 0.14182692307692307 0.625 0.28365384615384615 0.03365384615384616
0 0.12379807692307693 0.6526442307692308 0.24759615384615385 0.03125
0 0.11538461538461539 0.6766826923076923 0.23076923076923078 0.03125
0 0.1045673076923077 0.7043269230769231 0.2091346153846154 0.028846153846153848
0 0.08653846153846154 0.7259615384615385 0.17307692307692307 0.02403846153846154
0 0.07692307692307693 0.7524038461538461 0.15384615384615385 0.028846153846153848
0 0.06490384615384616 0.7776442307692308 0.12980769230769232 0.026442307692307696
0 0.046875 0.8016826923076924 0.09375 0.026442307692307696
0 0.038461538461538464 0.828125 0.07692307692307693 0.026442307692307696
0 0.026442307692307696 0.8497596153846154 0.05288461538461539 0.026442307692307696
0 0.03605769230769231 0.4867788461538462 0.07211538461538462 0.026442307692307696
0 0.018028846153846156 0.5204326923076923 0.03605769230769231 0.026442307692307696
