0 0.6213942307692308 0.06730769230769232 0.0889423076923077 0.05288461538461539
0 0.8473557692307693 0.08173076923076923 0.09855769230769232 0.04807692307692308
0 0.9579326923076924 0.953125 0.08413461538461539 0.06971153846153846
0 0.6141826923076923 0.22235576923076925 0.040865384615384616 0.03125
0 0.5420673076923077 0.38822115384615385 0.04567307692307693 0.03125
0 0.5 0.9435096153846154 0.09615384615384616 0.06009615384615385
0 0.4447115384615385 0.7451923076923077 0.04807692307692308 0.038461538461538464
0 0.41586538461538464 0.78125 0.019230769230769232 0.028846153846153848
0 0.38461538461538464 0.7764423076923077 0.038461538461538464 0.038461538461538464
0 0.359375 0.6911057692307693 0.04567307692307693 0.05528846153846154
0 0.29086538461538464 0.9867788461538463 0.07692307692307693 0.026442307692307696
0 0.18389423076923078 0.22596153846153846 0.03125 0.02403846153846154
0 0.140625 0.24639423076923078 0.03605769230769231 0.026442307692307696
0 0.019230769230769232 0.4206730769230769 0.038461538461538464 0.07211538461538462
