0 0.3473557692307693 0.5168269230769231 0.13221153846153846 0.1201923076923077
0 0.3918269230769231 0.5733173076923077 0.04807692307692308 0.05048076923076923
0 0.5180288461538461 0.4567307692307693 0.05528846153846154 0.05288461538461539
0 0.5576923076923077 0.4867788461538462 0.0625 0.06009615384615385
0 0.6033653846153847 0.5228365384615384 0.0625 0.06009615384615385
0 0.6514423076923077 0.5576923076923077 0.06730769230769232 0.057692307692307696
0 0.578125 0.5637019230769231 0.06009615384615385 0.05048076923076923
0 0.6189903846153847 0.5961538461538461 0.040865384615384616 0.038461538461538464
0 0.5204326923076923 0.59375 0.03605769230769231 0.038461538461538464
0 0.4951923076923077 0.6213942307692308 0.04326923076923077 0.040865384615384616
0 0.5625 0.6213942307692308 0.05288461538461539 0.05048076923076923
0 0.5324519230769231 0.65625 0.05048076923076923 0.04326923076923077
0 0.9086538461538463 0.7920673076923077 0.05288461538461539 0.05048076923076923
0 0.875 0.8341346153846154 0.05288461538461539 0.05288461538461539
0 0.8569711538461539 0.8569711538461539 0.040865384615384616 0.040865384615384616
0 0.842548076923077 0.9242788461538463 0.07451923076923077 0.06009615384615385
0 0.8125 0.9603365384615385 0.057692307692307696 0.06490384615384616
0 0.8653846153846154 0.983173076923077 0.08653846153846154 0.03365384615384616
0 0.9146634615384616 0.9795673076923077 0.06490384615384616 0.040865384615384616
0 0.9735576923076924 0.8040865384615385 0.05288461538461539 0.06490384615384616
0 0.9915865384615385 0.8713942307692308 0.01682692307692308 0.05048076923076923
0 0.9591346153846154 0.8377403846153847 0.08173076923076923 0.07451923076923077
0 0.9326923076923077 0.875 0.08173076923076923 0.06730769230769232
0 0.90625 0.9026442307692308 0.06730769230769232 0.06009615384615385
0 0.9771634615384616 0.9194711538461539 0.04567307692307693 0.06971153846153846
0 0.967548076923077 0.9495192307692308 0.06490384615384616 0.05288461538461539
0 0.4242788461538462 0.5372596153846154 0.04567307692307693 0.040865384615384616
