0 0.3762019230769231 0.13461538461538464 0.12740384615384617 0.14903846153846154
0 0.8834134615384616 0.018028846153846156 0.07451923076923077 0.03605769230769231
0 0.859375 0.02764423076923077 0.08413461538461539 0.05528846153846154
0 0.9314903846153847 0.12259615384615385 0.09855769230769232 0.12980769230769232
0 0.9543269230769231 0.10336538461538462 0.09134615384615385 0.13461538461538464
0 0.9819711538461539 0.06610576923076923 0.03605769230769231 0.13221153846153846
0 0.9939903846153847 0.20072115384615385 0.01201923076923077 0.09375
0 0.9783653846153847 0.22235576923076925 0.04326923076923077 0.0889423076923077
0 0.6105769230769231 0.203125 0.3028846153846154 0.40625
0 0.5324519230769231 0.33774038461538464 0.2139423076923077 0.31490384615384615
0 0.4182692307692308 0.41466346153846156 0.23076923076923078 0.3293269230769231
0 0.2800480769230769 0.421875 0.1514423076923077 0.2043269230769231
0 0.3605769230769231 0.45432692307692313 0.22596153846153846 0.3076923076923077
0 0.5721153846153847 0.31730769230769235 0.21634615384615385 0.3076923076923077
0 0.701923076923077 0.18509615384615385 0.33653846153846156 0.3701923076923077
