0 0.375 0.26802884615384615 0.37980769230769235 0.24278846153846156
0 0.5949519230769231 0.5108173076923077 0.07932692307692309 0.06490384615384616
0 0.6466346153846154 0.545673076923077 0.08173076923076923 0.057692307692307696
0 0.7055288461538461 0.5901442307692308 0.07451923076923077 0.08413461538461539
0 0.7524038461538461 0.625 0.09134615384615385 0.09615384615384616
0 0.8100961538461539 0.65625 0.09134615384615385 0.09615384615384616
0 0.8641826923076924 0.6814903846153847 0.07932692307692309 0.07932692307692309
0 0.5432692307692308 0.7223557692307693 0.08653846153846154 0.06490384615384616
0 0.8533653846153847 0.7680288461538461 0.05288461538461539 0.06490384615384616
0 0.7992788461538461 0.8365384615384616 0.09855769230769232 0.11538461538461539
0 0.7247596153846154 0.920673076923077 0.11778846153846155 0.125
0 0.9182692307692308 0.9435096153846154 0.14903846153846154 0.11298076923076923
