0 0.951923076923077 0.7271634615384616 0.04326923076923077 0.04567307692307693
0 0.5841346153846154 0.32572115384615385 0.057692307692307696 0.05048076923076923
0 0.5096153846153847 0.3317307692307693 0.06730769230769232 0.057692307692307696
0 0.0625 0.08413461538461539 0.028846153846153848 0.028846153846153848
0 0.10336538461538462 0.10817307692307693 0.04326923076923077 0.03365384615384616
0 0.15024038461538464 0.1670673076923077 0.040865384615384616 0.05048076923076923
0 0.10817307692307693 0.32091346153846156 0.0625 0.06490384615384616
0 0.054086538461538464 0.27043269230769235 0.026442307692307696 0.03125
0 0.010817307692307692 0.23076923076923078 0.021634615384615384 0.02403846153846154
0 0.03365384615384616 0.7307692307692308 0.04807692307692308 0.04326923076923077
0 0.7764423076923077 0.054086538461538464 0.05288461538461539 0.04567307692307693
0 0.8076923076923077 0.02764423076923077 0.04807692307692308 0.040865384615384616
0 0.27884615384615385 0.984375 0.12980769230769232 0.03125
2 0.5228365384615384 0.9411057692307693 0.08413461538461539 0.07451923076923077
0 0.5336538461538461 0.9807692307692308 0.07692307692307693 0.038461538461538464
0 0.9771634615384616 0.7608173076923077 0.04567307692307693 0.04567307692307693
