0 0.45072115384615385 0.5913461538461539 0.12740384615384617 0.14903846153846154
0 0.8221153846153847 0.3786057692307693 0.125 0.13701923076923078
0 0.9122596153846154 0.31490384615384615 0.13221153846153846 0.13461538461538464
0 0.9735576923076924 0.25961538461538464 0.05288461538461539 0.13461538461538464
0 0.9963942307692308 0.40384615384615385 0.007211538461538462 0.09134615384615385
0 0.9579326923076924 0.44711538461538464 0.07451923076923077 0.09134615384615385
0 0.9338942307692308 0.46274038461538464 0.08413461538461539 0.09855769230769232
0 0.9783653846153847 0.5793269230769231 0.04326923076923077 0.12980769230769232
0 0.9915865384615385 0.5600961538461539 0.01682692307692308 0.13461538461538464
0 0.6850961538461539 0.6514423076923077 0.3028846153846154 0.42307692307692313
0 0.6069711538461539 0.7944711538461539 0.2139423076923077 0.31490384615384615
0 0.49278846153846156 0.8533653846153847 0.23076923076923078 0.2932692307692308
0 0.3545673076923077 0.8786057692307693 0.1514423076923077 0.2043269230769231
0 0.43509615384615385 0.8786057692307693 0.22596153846153846 0.24278846153846156
0 0.6466346153846154 0.7740384615384616 0.21634615384615385 0.3076923076923077
0 0.7764423076923077 0.6129807692307693 0.33653846153846156 0.4278846153846154
