0 0.003605769230769231 0.10817307692307693 0.007211538461538462 0.038461538461538464
0 0.2199519230769231 0.2800480769230769 0.03605769230769231 0.03125
0 0.2776442307692308 0.3197115384615385 0.03125 0.028846153846153848
0 0.4074519230769231 0.18149038461538464 0.03125 0.03605769230769231
0 0.4711538461538462 0.4411057692307693 0.028846153846153848 0.03605769230769231
0 0.6838942307692308 0.0733173076923077 0.03605769230769231 0.03605769230769231
0 0.7319711538461539 0.11418269230769232 0.040865384615384616 0.03605769230769231
0 0.6370192307692308 0.3076923076923077 0.10096153846153846 0.05288461538461539
0 0.9555288461538463 0.561298076923077 0.0889423076923077 0.05528846153846154
0 0.9038461538461539 0.8076923076923077 0.057692307692307696 0.07692307692307693
0 0.8786057692307693 0.8004807692307693 0.05048076923076923 0.08173076923076923
0 0.6105769230769231 0.5048076923076923 0.038461538461538464 0.04326923076923077
0 0.6802884615384616 0.5396634615384616 0.04807692307692308 0.07451923076923077
0 0.6262019230769231 0.7415865384615385 0.03605769230769231 0.026442307692307696
