0 0.8810096153846154 0.9627403846153847 0.08413461538461539 0.07451923076923077
0 0.8028846153846154 0.8353365384615385 0.11057692307692309 0.10336538461538462
0 0.7620192307692308 0.8088942307692308 0.038461538461538464 0.040865384615384616
0 0.7836538461538461 0.7908653846153847 0.038461538461538464 0.03365384615384616
0 0.8052884615384616 0.7776442307692308 0.03365384615384616 0.03605769230769231
0 0.6826923076923077 0.921875 0.14423076923076925 0.12740384615384617
0 0.6057692307692308 0.9110576923076924 0.04807692307692308 0.04807692307692308
0 0.6262019230769231 0.8942307692307693 0.04567307692307693 0.04326923076923077
0 0.6478365384615385 0.8774038461538463 0.04567307692307693 0.05288461538461539
0 0.6694711538461539 0.8605769230769231 0.04567307692307693 0.04326923076923077
0 0.6899038461538461 0.8461538461538463 0.05288461538461539 0.038461538461538464
0 0.47355769230769235 0.7980769230769231 0.07211538461538462 0.0625
0 0.5120192307692308 0.7524038461538461 0.11057692307692309 0.10576923076923078
0 0.5685096153846154 0.6850961538461539 0.10336538461538462 0.10096153846153846
0 0.6274038461538461 0.623798076923077 0.10576923076923078 0.10817307692307693
0 0.59375 0.545673076923077 0.06730769230769232 0.05288461538461539
0 0.5745192307692308 0.5697115384615385 0.057692307692307696 0.05288461538461539
0 0.5552884615384616 0.5889423076923077 0.06730769230769232 0.05288461538461539
0 0.5420673076923077 0.6117788461538461 0.06009615384615385 0.05048076923076923
0 0.5192307692307693 0.6310096153846154 0.057692307692307696 0.05048076923076923
0 0.5036057692307693 0.6526442307692308 0.06971153846153846 0.06009615384615385
0 0.48557692307692313 0.6754807692307693 0.05288461538461539 0.04807692307692308
0 0.4723557692307693 0.6971153846153847 0.06009615384615385 0.04326923076923077
0 0.4567307692307693 0.7163461538461539 0.057692307692307696 0.04807692307692308
0 0.43509615384615385 0.7403846153846154 0.05288461538461539 0.04326923076923077
0 0.4182692307692308 0.7632211538461539 0.05288461538461539 0.04567307692307693
0 0.2716346153846154 0.7824519230769231 0.1201923076923077 0.11298076923076923
0 0.3737980769230769 0.5012019230769231 0.2091346153846154 0.18990384615384617
0 0.22235576923076925 0.44711538461538464 0.06009615384615385 0.10096153846153846
0 0.1875 0.5084134615384616 0.08653846153846154 0.06971153846153846
0 0.13822115384615385 0.625 0.09375 0.07211538461538462
0 0.19711538461538464 0.701923076923077 0.07211538461538462 0.08173076923076923
0 0.01682692307692308 0.8233173076923077 0.03365384615384616 0.06490384615384616
0 0.03245192307692308 0.7848557692307693 0.06490384615384616 0.07932692307692309
0 0.05168269230769231 0.7403846153846154 0.06490384615384616 0.057692307692307696
0 0.013221153846153848 0.3185096153846154 0.026442307692307696 0.09375
0 0.07932692307692309 0.22235576923076925 0.15865384615384617 0.16105769230769232
