0 0.27043269230769235 0.7415865384615385 0.040865384615384616 0.03125
0 0.35336538461538464 0.7740384615384616 0.028846153846153848 0.02403846153846154
0 0.34375 0.8016826923076924 0.028846153846153848 0.026442307692307696
0 0.4879807692307693 0.3269230769230769 0.09615384615384616 0.08173076923076923
0 0.5372596153846154 0.40384615384615385 0.08413461538461539 0.07692307692307693
0 0.71875 0.4519230769230769 0.057692307692307696 0.05288461538461539
0 0.671875 0.4278846153846154 0.05048076923076923 0.04807692307692308
0 0.7247596153846154 0.4963942307692308 0.05528846153846154 0.05528846153846154
0 0.9699519230769231 0.7692307692307693 0.06009615384615385 0.057692307692307696
2 0.5048076923076923 0.9891826923076924 0.057692307692307696 0.021634615384615384
