0 0.17427884615384617 0.2199519230769231 0.03605769230769231 0.03125
0 0.23197115384615385 0.25961538461538464 0.03125 0.028846153846153848
0 0.3617788461538462 0.12139423076923078 0.03125 0.03605769230769231
0 0.4254807692307693 0.3810096153846154 0.028846153846153848 0.03605769230769231
0 0.6382211538461539 0.015625 0.03605769230769231 0.03125
0 0.686298076923077 0.054086538461538464 0.040865384615384616 0.03605769230769231
0 0.5913461538461539 0.24759615384615385 0.10096153846153846 0.05288461538461539
0 0.9134615384615385 0.5012019230769231 0.09615384615384616 0.05528846153846154
0 0.858173076923077 0.7475961538461539 0.057692307692307696 0.07692307692307693
0 0.8329326923076924 0.7403846153846154 0.05048076923076923 0.08173076923076923
0 0.5649038461538461 0.4447115384615385 0.038461538461538464 0.04326923076923077
0 0.6346153846153847 0.4795673076923077 0.04807692307692308 0.07451923076923077
0 0.5805288461538461 0.6814903846153847 0.03605769230769231 0.026442307692307696
0 0.6478365384615385 0.9867788461538463 0.03605769230769231 0.026442307692307696
0 0.59375 0.9627403846153847 0.04326923076923077 0.05048076923076923
