0 0.09134615384615385 0.4098557692307693 0.05288461538461539 0.05048076923076923
0 0.057692307692307696 0.4519230769230769 0.05288461538461539 0.05288461538461539
0 0.03966346153846154 0.4747596153846154 0.040865384615384616 0.040865384615384616
0 0.03125 0.5420673076923077 0.0625 0.06009615384615385
0 0.01201923076923077 0.578125 0.02403846153846154 0.06490384615384616
0 0.04807692307692308 0.6225961538461539 0.08653846153846154 0.07692307692307693
0 0.09735576923076923 0.6033653846153847 0.06490384615384616 0.05288461538461539
0 0.16466346153846154 0.421875 0.06971153846153846 0.06490384615384616
0 0.21153846153846156 0.4651442307692308 0.038461538461538464 0.03605769230769231
0 0.19230769230769232 0.48918269230769235 0.05288461538461539 0.05048076923076923
0 0.14182692307692307 0.4555288461538462 0.08173076923076923 0.07451923076923077
0 0.11538461538461539 0.49278846153846156 0.08173076923076923 0.06730769230769232
0 0.0889423076923077 0.5204326923076923 0.06730769230769232 0.06009615384615385
0 0.17307692307692307 0.5372596153846154 0.07211538461538462 0.06971153846153846
0 0.15264423076923078 0.5673076923076923 0.06971153846153846 0.05288461538461539
0 0.234375 0.5841346153846154 0.07451923076923077 0.07211538461538462
0 0.20793269230769232 0.6117788461538461 0.06971153846153846 0.06009615384615385
0 0.30528846153846156 0.5336538461538461 0.03365384615384616 0.03365384615384616
0 0.3245192307692308 0.5973557692307693 0.07211538461538462 0.07451923076923077
0 0.34855769230769235 0.5709134615384616 0.06730769230769232 0.05528846153846154
0 0.39543269230769235 0.6045673076923077 0.040865384615384616 0.040865384615384616
0 0.3737980769230769 0.6334134615384616 0.05528846153846154 0.05048076923076923
0 0.3425480769230769 0.6658653846153847 0.05528846153846154 0.04807692307692308
0 0.29447115384615385 0.6370192307692308 0.07451923076923077 0.06730769230769232
0 0.3197115384615385 0.6995192307692308 0.04807692307692308 0.038461538461538464
0 0.2692307692307693 0.6634615384615385 0.07211538461538462 0.0625
0 0.3040865384615385 0.7584134615384616 0.04567307692307693 0.05048076923076923
0 0.2620192307692308 0.8040865384615385 0.05288461538461539 0.06490384615384616
0 0.6742788461538461 0.040865384615384616 0.05528846153846154 0.08173076923076923
