0 0.2608173076923077 0.013221153846153848 0.1466346153846154 0.026442307692307696
0 0.1935096153846154 0.05048076923076923 0.14182692307692307 0.10096153846153846
0 0.8161057692307693 0.06009615384615385 0.17067307692307693 0.1201923076923077
0 0.765625 0.06730769230769232 0.1514423076923077 0.13461538461538464
0 0.125 0.10697115384615385 0.13461538461538464 0.14182692307692307
0 0.2800480769230769 0.2848557692307693 0.5600961538461539 0.5697115384615385
0 0.5997596153846154 0.3762019230769231 0.23317307692307693 0.21875
0 0.6586538461538461 0.43149038461538464 0.21634615384615385 0.19951923076923078
0 0.49759615384615385 0.6129807692307693 0.22115384615384617 0.22115384615384617
0 0.35697115384615385 0.7512019230769231 0.19951923076923078 0.19471153846153846
0 0.3401442307692308 0.6418269230769231 0.28125 0.2692307692307693
0 0.3317307692307693 0.359375 0.04807692307692308 0.021634615384615384
0 0.328125 0.390625 0.09855769230769232 0.026442307692307696
0 0.3076923076923077 0.4170673076923077 0.1201923076923077 0.021634615384615384
0 0.27403846153846156 0.44711538461538464 0.1201923076923077 0.02403846153846154
0 0.2139423076923077 0.5072115384615384 0.125 0.02403846153846154
0 0.24639423076923078 0.4759615384615385 0.12259615384615385 0.02403846153846154
0 0.1875 0.5360576923076923 0.11538461538461539 0.02403846153846154
0 0.15625 0.561298076923077 0.1201923076923077 0.021634615384615384
0 0.15384615384615385 0.5901442307692308 0.057692307692307696 0.021634615384615384
0 0.38822115384615385 0.4326923076923077 0.05528846153846154 0.02403846153846154
0 0.3930288461538462 0.45432692307692313 0.10336538461538462 0.03365384615384616
0 0.37980769230769235 0.4759615384615385 0.10096153846153846 0.028846153846153848
0 0.35697115384615385 0.4915865384615385 0.10817307692307693 0.03125
0 0.3341346153846154 0.5096153846153847 0.11057692307692309 0.028846153846153848
0 0.32211538461538464 0.5240384615384616 0.10576923076923078 0.03365384615384616
0 0.3040865384615385 0.5444711538461539 0.10817307692307693 0.03125
0 0.28605769230769235 0.5600961538461539 0.09615384615384616 0.028846153846153848
0 0.27043269230769235 0.5805288461538461 0.10817307692307693 0.026442307692307696
0 0.24639423076923078 0.5973557692307693 0.11298076923076923 0.03125
0 0.22355769230769232 0.6141826923076923 0.11057692307692309 0.026442307692307696
0 0.21274038461538464 0.655048076923077 0.06490384615384616 0.021634615384615384
0 0.21274038461538464 0.6778846153846154 0.03605769230769231 0.019230769230769232
0 0.21274038461538464 0.6346153846153847 0.10336538461538462 0.028846153846153848
