0 0.021634615384615384 0.4915865384615385 0.04326923076923077 0.040865384615384616
0 0.006009615384615385 0.39903846153846156 0.01201923076923077 0.04807692307692308
0 0.04927884615384616 0.7091346153846154 0.04567307692307693 0.057692307692307696
0 0.16586538461538464 0.670673076923077 0.057692307692307696 0.04807692307692308
0 0.4795673076923077 0.16947115384615385 0.03605769230769231 0.04567307692307693
0 0.5564903846153847 0.15865384615384617 0.05048076923076923 0.04326923076923077
0 0.5961538461538461 0.19951923076923078 0.04326923076923077 0.0625
0 0.6141826923076923 0.6995192307692308 0.11298076923076923 0.038461538461538464
0 0.6838942307692308 0.875 0.05048076923076923 0.038461538461538464
0 0.561298076923077 0.8629807692307693 0.07932692307692309 0.06730769230769232
0 0.5913461538461539 0.936298076923077 0.07211538461538462 0.07932692307692309
0 0.2043269230769231 0.8088942307692308 0.038461538461538464 0.021634615384615384
0 0.09495192307692309 0.6622596153846154 0.03605769230769231 0.01682692307692308
