0 0.021634615384615384 0.29927884615384615 0.04326923076923077 0.05048076923076923
0 0.004807692307692308 0.34134615384615385 0.009615384615384616 0.05288461538461539
0 0.00841346153846154 0.5120192307692308 0.01682692307692308 0.07692307692307693
0 0.02764423076923077 0.49278846153846156 0.05528846153846154 0.05288461538461539
0 0.09014423076923077 0.3112980769230769 0.06971153846153846 0.06490384615384616
0 0.13701923076923078 0.3545673076923077 0.038461538461538464 0.03605769230769231
0 0.11778846153846155 0.3786057692307693 0.05288461538461539 0.05048076923076923
0 0.06730769230769232 0.3449519230769231 0.08173076923076923 0.07451923076923077
0 0.040865384615384616 0.3822115384615385 0.08173076923076923 0.06730769230769232
0 0.02403846153846154 0.4098557692307693 0.04807692307692308 0.06009615384615385
0 0.09855769230769232 0.42668269230769235 0.07211538461538462 0.06971153846153846
0 0.078125 0.4567307692307693 0.06971153846153846 0.05288461538461539
0 0.15985576923076925 0.47355769230769235 0.07451923076923077 0.07211538461538462
0 0.13341346153846154 0.5012019230769231 0.06971153846153846 0.06009615384615385
0 0.23076923076923078 0.42307692307692313 0.03365384615384616 0.03365384615384616
0 0.25 0.4867788461538462 0.07211538461538462 0.07451923076923077
0 0.27403846153846156 0.4603365384615385 0.06730769230769232 0.05528846153846154
0 0.32091346153846156 0.49399038461538464 0.040865384615384616 0.040865384615384616
0 0.29927884615384615 0.5228365384615384 0.05528846153846154 0.05048076923076923
0 0.26802884615384615 0.5552884615384616 0.05528846153846154 0.04807692307692308
0 0.2199519230769231 0.5264423076923077 0.07451923076923077 0.06730769230769232
0 0.2451923076923077 0.5889423076923077 0.04807692307692308 0.038461538461538464
0 0.19471153846153846 0.5528846153846154 0.07211538461538462 0.0625
0 0.2295673076923077 0.6478365384615385 0.04567307692307693 0.05048076923076923
0 0.1875 0.6935096153846154 0.05288461538461539 0.06490384615384616
