0 0.3545673076923077 0.203125 0.15625 0.13701923076923078
0 0.24879807692307693 0.24399038461538464 0.10336538461538462 0.10817307692307693
0 0.39543269230769235 0.28605769230769235 0.1514423076923077 0.12980769230769232
0 0.42668269230769235 0.3822115384615385 0.11778846153846155 0.12980769230769232
0 0.5036057692307693 0.3858173076923077 0.10817307692307693 0.11298076923076923
0 0.5336538461538461 0.4555288461538462 0.11538461538461539 0.10336538461538462
0 0.2932692307692308 0.3341346153846154 0.09615384615384616 0.1201923076923077
0 0.3317307692307693 0.4254807692307693 0.09134615384615385 0.11057692307692309
0 0.4495192307692308 0.47716346153846156 0.11057692307692309 0.11298076923076923
0 0.47716346153846156 0.5528846153846154 0.09855769230769232 0.10096153846153846
0 0.5180288461538461 0.6310096153846154 0.09375 0.09855769230769232
0 0.20552884615384617 0.3389423076923077 0.10817307692307693 0.12980769230769232
0 0.1466346153846154 0.3665865384615385 0.07692307692307693 0.12259615384615385
0 0.18028846153846154 0.4795673076923077 0.09615384615384616 0.13221153846153846
0 0.25961538461538464 0.4483173076923077 0.10096153846153846 0.13221153846153846
0 0.3762019230769231 0.5096153846153847 0.09855769230769232 0.10576923076923078
0 0.2980769230769231 0.5420673076923077 0.09615384615384616 0.10336538461538462
0 0.4050480769230769 0.5889423076923077 0.08413461538461539 0.10576923076923078
0 0.3317307692307693 0.6129807692307693 0.08653846153846154 0.08653846153846154
0 0.22355769230769232 0.5745192307692308 0.09134615384615385 0.10576923076923078
0 0.10336538461538462 0.48557692307692313 0.09615384615384616 0.08653846153846154
0 0.11899038461538462 0.5372596153846154 0.0889423076923077 0.08413461538461539
0 0.03605769230769231 0.514423076923077 0.07211538461538462 0.08173076923076923
0 0.05168269230769231 0.5745192307692308 0.0889423076923077 0.08173076923076923
0 0.14903846153846154 0.609375 0.10096153846153846 0.10817307692307693
0 0.07572115384615385 0.6370192307692308 0.09375 0.10576923076923078
0 0.25480769230769235 0.6574519230769231 0.08653846153846154 0.08413461538461539
0 0.025240384615384616 0.6682692307692308 0.05048076923076923 0.10576923076923078
0 0.4338942307692308 0.6634615384615385 0.08413461538461539 0.09615384615384616
0 0.5492788461538461 0.7067307692307693 0.10336538461538462 0.11538461538461539
0 0.4723557692307693 0.7427884615384616 0.09855769230769232 0.10096153846153846
0 0.3653846153846154 0.6947115384615385 0.08653846153846154 0.09615384615384616
0 0.3978365384615385 0.7704326923076924 0.10336538461538462 0.10817307692307693
0 0.4290865384615385 0.8533653846153847 0.09375 0.09134615384615385
0 0.3629807692307693 0.8834134615384616 0.09615384615384616 0.09375
0 0.2920673076923077 0.7271634615384616 0.09855769230769232 0.0889423076923077
0 0.3233173076923077 0.7992788461538461 0.09375 0.10336538461538462
0 0.1826923076923077 0.6826923076923077 0.09134615384615385 0.09134615384615385
0 0.21875 0.7572115384615385 0.08653846153846154 0.09134615384615385
0 0.2536057692307692 0.8353365384615385 0.09855769230769232 0.10817307692307693
0 0.109375 0.7139423076923077 0.0889423076923077 0.10096153846153846
0 0.13942307692307693 0.7920673076923077 0.08173076923076923 0.09855769230769232
0 0.1778846153846154 0.8713942307692308 0.10096153846153846 0.10336538461538462
0 0.040865384615384616 0.748798076923077 0.08173076923076923 0.09855769230769232
0 0.07091346153846154 0.8245192307692308 0.08413461538461539 0.09615384615384616
0 0.09975961538461539 0.9038461538461539 0.10336538461538462 0.11057692307692309
0 0.03966346153846154 0.9338942307692308 0.07932692307692309 0.11778846153846155
0 0.02403846153846154 0.8605769230769231 0.04807692307692308 0.10576923076923078
