0 0.12740384615384617 0.171875 0.25480769230769235 0.34375
0 0.1358173076923077 0.21153846153846156 0.2716346153846154 0.42307692307692313
0 0.14543269230769232 0.2512019230769231 0.29086538461538464 0.5024038461538461
0 0.16466346153846154 0.2920673076923077 0.3293269230769231 0.5841346153846154
0 0.171875 0.33293269230769235 0.34375 0.6658653846153847
0 0.18028846153846154 0.37259615384615385 0.3605769230769231 0.7451923076923077
0 0.16947115384615385 0.45432692307692313 0.3389423076923077 0.7403846153846154
0 0.41105769230769235 0.3966346153846154 0.11057692307692309 0.04807692307692308
0 0.3870192307692308 0.4639423076923077 0.21153846153846156 0.05288461538461539
0 0.36778846153846156 0.5372596153846154 0.3125 0.05048076923076923
0 0.34855769230769235 0.5997596153846154 0.4182692307692308 0.05528846153846154
0 0.3185096153846154 0.6682692307692308 0.5216346153846154 0.05288461538461539
0 0.30528846153846156 0.7367788461538461 0.6105769230769231 0.06009615384615385
0 0.3185096153846154 0.8052884615384616 0.6370192307692308 0.07211538461538462
0 0.328125 0.8677884615384616 0.65625 0.07692307692307693
0 0.3341346153846154 0.9375 0.6682692307692308 0.08173076923076923
0 0.3425480769230769 0.9819711538461539 0.6850961538461539 0.03605769230769231
