0 0.05168269230769231 0.0889423076923077 0.06971153846153846 0.06730769230769232
0 0.4807692307692308 0.006009615384615385 0.11538461538461539 0.01201923076923077
0 0.8461538461538463 0.24759615384615385 0.06730769230769232 0.0625
0 0.9158653846153847 0.25841346153846156 0.05288461538461539 0.05528846153846154
0 0.9447115384615385 0.545673076923077 0.08173076923076923 0.08173076923076923
0 0.8942307692307693 0.5733173076923077 0.13942307692307693 0.11298076923076923
0 0.7055288461538461 0.42668269230769235 0.0889423076923077 0.06490384615384616
0 0.3293269230769231 0.6177884615384616 0.03365384615384616 0.02403846153846154
0 0.3665865384615385 0.6899038461538461 0.05528846153846154 0.05288461538461539
0 0.4086538461538462 0.7067307692307693 0.05288461538461539 0.04326923076923077
