0 0.056490384615384616 0.15865384615384617 0.11298076923076923 0.08173076923076923
0 0.125 0.09375 0.04807692307692308 0.0625
0 0.3269230769230769 0.48197115384615385 0.0625 0.06009615384615385
0 0.4206730769230769 0.46274038461538464 0.13461538461538464 0.08413461538461539
0 0.6514423076923077 0.3605769230769231 0.028846153846153848 0.02403846153846154
0 0.8545673076923077 0.5637019230769231 0.12740384615384617 0.05528846153846154
0 0.45432692307692313 0.6490384615384616 0.06730769230769232 0.13461538461538464
0 0.4086538461538462 0.6598557692307693 0.07211538461538462 0.13701923076923078
0 0.18149038461538464 0.7247596153846154 0.06490384615384616 0.03125
0 0.18990384615384617 0.5432692307692308 0.11057692307692309 0.04807692307692308
0 0.08293269230769232 0.5480769230769231 0.0889423076923077 0.057692307692307696
0 0.006009615384615385 0.7620192307692308 0.01201923076923077 0.038461538461538464
