0 0.6213942307692308 0.14543269230769232 0.07451923076923077 0.021634615384615384
0 0.6141826923076923 0.1826923076923077 0.14182692307692307 0.02403846153846154
0 0.6177884615384616 0.21754807692307693 0.20192307692307693 0.026442307692307696
0 0.6189903846153847 0.25 0.2716346153846154 0.02403846153846154
0 0.59375 0.28125 0.3125 0.028846153846153848
0 0.5600961538461539 0.31490384615384615 0.2932692307692308 0.02403846153846154
0 0.5216346153846154 0.34615384615384615 0.2932692307692308 0.02403846153846154
0 0.5048076923076923 0.3810096153846154 0.2692307692307693 0.021634615384615384
0 0.5012019230769231 0.4134615384615385 0.2043269230769231 0.02403846153846154
0 0.5012019230769231 0.44591346153846156 0.13221153846153846 0.021634615384615384
0 0.5 0.4795673076923077 0.07211538461538462 0.021634615384615384
0 0.7836538461538461 0.30528846153846156 0.057692307692307696 0.019230769230769232
0 0.7740384615384616 0.3293269230769231 0.10576923076923078 0.019230769230769232
0 0.7752403846153847 0.3581730769230769 0.16105769230769232 0.02403846153846154
0 0.7836538461538461 0.38341346153846156 0.21153846153846156 0.021634615384615384
0 0.7692307692307693 0.4074519230769231 0.2403846153846154 0.026442307692307696
0 0.7704326923076924 0.43028846153846156 0.30528846153846156 0.028846153846153848
0 0.7596153846153847 0.45793269230769235 0.32211538461538464 0.026442307692307696
0 0.7295673076923077 0.4807692307692308 0.31009615384615385 0.02403846153846154
0 0.7139423076923077 0.5096153846153847 0.2980769230769231 0.028846153846153848
0 0.6995192307692308 0.5348557692307693 0.28365384615384615 0.026442307692307696
0 0.6850961538461539 0.5564903846153847 0.2451923076923077 0.026442307692307696
0 0.6923076923076923 0.5853365384615385 0.19230769230769232 0.021634615384615384
0 0.6887019230769231 0.608173076923077 0.16105769230769232 0.019230769230769232
0 0.686298076923077 0.6358173076923077 0.08413461538461539 0.021634615384615384
0 0.33774038461538464 0.41466346153846156 0.07932692307692309 0.021634615384615384
0 0.33653846153846156 0.453125 0.14903846153846154 0.021634615384615384
0 0.3401442307692308 0.48557692307692313 0.2091346153846154 0.02403846153846154
0 0.3353365384615385 0.5180288461538461 0.28605769230769235 0.026442307692307696
0 0.30649038461538464 0.5528846153846154 0.29086538461538464 0.02403846153846154
0 0.27043269230769235 0.5829326923076923 0.3004807692307693 0.021634615384615384
0 0.4963942307692308 0.5865384615384616 0.10336538461538462 0.02403846153846154
0 0.4915865384615385 0.6189903846153847 0.13701923076923078 0.021634615384615384
0 0.4951923076923077 0.640625 0.19230769230769232 0.021634615384615384
0 0.4951923076923077 0.6646634615384616 0.22596153846153846 0.026442307692307696
0 0.4903846153846154 0.6923076923076923 0.2884615384615385 0.028846153846153848
0 0.47836538461538464 0.717548076923077 0.32211538461538464 0.03125
0 0.4567307692307693 0.7403846153846154 0.32211538461538464 0.02403846153846154
0 0.234375 0.6129807692307693 0.30528846153846156 0.019230769230769232
0 0.20552884615384617 0.6502403846153847 0.31009615384615385 0.026442307692307696
0 0.171875 0.6826923076923077 0.2956730769230769 0.028846153846153848
0 0.1466346153846154 0.7163461538461539 0.2932692307692308 0.02403846153846154
0 0.12980769230769232 0.7451923076923077 0.25961538461538464 0.02403846153846154
0 0.11177884615384616 0.7788461538461539 0.22355769230769232 0.02403846153846154
0 0.09495192307692309 0.811298076923077 0.18990384615384617 0.026442307692307696
0 0.078125 0.8461538461538463 0.15625 0.02403846153846154
0 0.45072115384615385 0.7692307692307693 0.3004807692307693 0.02403846153846154
0 0.4026442307692308 0.7920673076923077 0.3293269230769231 0.026442307692307696
0 0.3786057692307693 0.8173076923076924 0.3197115384615385 0.02403846153846154
0 0.34855769230769235 0.8401442307692308 0.33653846153846156 0.026442307692307696
0 0.32211538461538464 0.8665865384615385 0.34134615384615385 0.026442307692307696
0 0.7632211538461539 0.8966346153846154 0.2043269230769231 0.20673076923076925
0 0.7439903846153847 0.905048076923077 0.2043269230769231 0.18990384615384617
0 0.7283653846153847 0.9134615384615385 0.20192307692307693 0.17307692307692307
0 0.7091346153846154 0.921875 0.21153846153846156 0.15625
0 0.6959134615384616 0.9302884615384616 0.2139423076923077 0.13942307692307693
0 0.296875 0.8918269230769231 0.31490384615384615 0.028846153846153848
0 0.2668269230769231 0.9158653846153847 0.33653846153846156 0.028846153846153848
0 0.24639423076923078 0.9411057692307693 0.3341346153846154 0.026442307692307696
0 0.21875 0.9651442307692308 0.31730769230769235 0.026442307692307696
0 0.1935096153846154 0.9891826923076924 0.3293269230769231 0.021634615384615384
0 0.058894230769230775 0.8762019230769231 0.11778846153846155 0.026442307692307696
0 0.040865384615384616 0.9098557692307693 0.08173076923076923 0.026442307692307696
0 0.028846153846153848 0.9423076923076924 0.057692307692307696 0.02403846153846154
