0 0.171875 0.019230769230769232 0.1466346153846154 0.038461538461538464
0 0.1045673076923077 0.056490384615384616 0.14182692307692307 0.11298076923076923
0 0.7271634615384616 0.06610576923076923 0.17067307692307693 0.13221153846153846
0 0.6766826923076923 0.0733173076923077 0.1514423076923077 0.1466346153846154
0 0.05168269230769231 0.11899038461538462 0.10336538461538462 0.14182692307692307
0 0.2355769230769231 0.29086538461538464 0.4711538461538462 0.5817307692307693
0 0.5108173076923077 0.38822115384615385 0.23317307692307693 0.21875
0 0.5697115384615385 0.4435096153846154 0.21634615384615385 0.19951923076923078
0 0.4086538461538462 0.625 0.22115384615384617 0.22115384615384617
0 0.26802884615384615 0.7632211538461539 0.19951923076923078 0.19471153846153846
0 0.2512019230769231 0.6538461538461539 0.28125 0.2692307692307693
0 0.24278846153846156 0.3713942307692308 0.04807692307692308 0.021634615384615384
0 0.23918269230769232 0.4026442307692308 0.09855769230769232 0.026442307692307696
0 0.21875 0.4290865384615385 0.1201923076923077 0.021634615384615384
0 0.18509615384615385 0.4591346153846154 0.1201923076923077 0.02403846153846154
0 0.125 0.5192307692307693 0.125 0.02403846153846154
0 0.15745192307692307 0.4879807692307693 0.12259615384615385 0.02403846153846154
0 0.09855769230769232 0.5480769230769231 0.11538461538461539 0.02403846153846154
0 0.06730769230769232 0.5733173076923077 0.1201923076923077 0.021634615384615384
0 0.06490384615384616 0.6021634615384616 0.057692307692307696 0.021634615384615384
0 0.29927884615384615 0.4447115384615385 0.05528846153846154 0.02403846153846154
0 0.3040865384615385 0.46634615384615385 0.10336538461538462 0.03365384615384616
0 0.29086538461538464 0.4879807692307693 0.10096153846153846 0.028846153846153848
0 0.26802884615384615 0.5036057692307693 0.10817307692307693 0.03125
0 0.2451923076923077 0.5216346153846154 0.11057692307692309 0.028846153846153848
0 0.23317307692307693 0.5360576923076923 0.10576923076923078 0.03365384615384616
0 0.21514423076923078 0.5564903846153847 0.10817307692307693 0.03125
0 0.19711538461538464 0.5721153846153847 0.09615384615384616 0.028846153846153848
0 0.18149038461538464 0.592548076923077 0.10817307692307693 0.026442307692307696
0 0.15745192307692307 0.609375 0.11298076923076923 0.03125
0 0.13461538461538464 0.6262019230769231 0.11057692307692309 0.026442307692307696
0 0.12379807692307693 0.6670673076923077 0.06490384615384616 0.021634615384615384
0 0.12379807692307693 0.6899038461538461 0.03605769230769231 0.019230769230769232
0 0.12379807692307693 0.6466346153846154 0.10336538461538462 0.028846153846153848
