0 0.9314903846153847 0.009615384615384616 0.13701923076923078 0.019230769230769232
0 0.9134615384615385 0.03365384615384616 0.17307692307692307 0.028846153846153848
0 0.8990384615384616 0.058894230769230775 0.20192307692307693 0.03125
0 0.8882211538461539 0.08173076923076923 0.22355769230769232 0.02403846153846154
0 0.686298076923077 0.002403846153846154 0.31009615384615385 0.004807692307692308
0 0.6526442307692308 0.02403846153846154 0.2956730769230769 0.028846153846153848
0 0.6225961538461539 0.057692307692307696 0.3028846153846154 0.02403846153846154
0 0.5877403846153847 0.08653846153846154 0.30528846153846156 0.02403846153846154
0 0.5528846153846154 0.1201923076923077 0.3028846153846154 0.02403846153846154
0 0.5204326923076923 0.15264423076923078 0.3004807692307693 0.026442307692307696
0 0.48557692307692313 0.1875 0.3028846153846154 0.02403846153846154
0 0.890625 0.11057692307692309 0.21875 0.02403846153846154
0 0.859375 0.13341346153846154 0.28125 0.026442307692307696
0 0.8497596153846154 0.15865384615384617 0.3004807692307693 0.02403846153846154
0 0.8293269230769231 0.18149038461538464 0.33653846153846156 0.026442307692307696
0 0.8028846153846154 0.20793269230769232 0.34134615384615385 0.026442307692307696
0 0.8521634615384616 0.765625 0.2956730769230769 0.46875
0 0.7776442307692308 0.23317307692307693 0.31490384615384615 0.028846153846153848
0 0.7475961538461539 0.2572115384615385 0.33653846153846156 0.028846153846153848
0 0.7271634615384616 0.2824519230769231 0.3341346153846154 0.026442307692307696
0 0.6995192307692308 0.30649038461538464 0.31730769230769235 0.026442307692307696
0 0.6742788461538461 0.33293269230769235 0.3293269230769231 0.026442307692307696
0 0.6502403846153847 0.3557692307692308 0.3197115384615385 0.03365384615384616
0 0.6177884615384616 0.38341346153846156 0.3125 0.03125
0 0.59375 0.4074519230769231 0.3269230769230769 0.03125
0 0.5709134615384616 0.43509615384615385 0.3293269230769231 0.028846153846153848
0 0.5372596153846154 0.4567307692307693 0.3245192307692308 0.02403846153846154
0 0.514423076923077 0.4831730769230769 0.3317307692307693 0.028846153846153848
0 0.4915865384615385 0.5084134615384616 0.3293269230769231 0.026442307692307696
0 0.4567307692307693 0.5324519230769231 0.3269230769230769 0.026442307692307696
0 0.4411057692307693 0.5588942307692308 0.3245192307692308 0.026442307692307696
0 0.421875 0.5805288461538461 0.31490384615384615 0.026442307692307696
0 0.40384615384615385 0.6057692307692308 0.28365384615384615 0.028846153846153848
0 0.39543269230769235 0.6310096153846154 0.2572115384615385 0.021634615384615384
0 0.40625 0.6598557692307693 0.19230769230769232 0.026442307692307696
0 0.3966346153846154 0.6814903846153847 0.13942307692307693 0.01682692307692308
0 0.3930288461538462 0.7091346153846154 0.09855769230769232 0.019230769230769232
0 0.3978365384615385 0.7355769230769231 0.06009615384615385 0.019230769230769232
0 0.4495192307692308 0.21754807692307693 0.2980769230769231 0.026442307692307696
0 0.4122596153846154 0.2512019230769231 0.3004807692307693 0.026442307692307696
0 0.3822115384615385 0.28365384615384615 0.3125 0.02403846153846154
0 0.3449519230769231 0.31730769230769235 0.30528846153846156 0.02403846153846154
0 0.31730769230769235 0.3497596153846154 0.3028846153846154 0.026442307692307696
0 0.27884615384615385 0.38341346153846156 0.3028846153846154 0.026442307692307696
0 0.2536057692307692 0.4182692307692308 0.3004807692307693 0.02403846153846154
0 0.234375 0.4495192307692308 0.2620192307692308 0.02403846153846154
0 0.22596153846153846 0.4807692307692308 0.20673076923076925 0.028846153846153848
0 0.22836538461538464 0.5132211538461539 0.13942307692307693 0.021634615384615384
0 0.22836538461538464 0.546875 0.07692307692307693 0.021634615384615384
0 0.03966346153846154 0.8954326923076924 0.07932692307692309 0.19471153846153846
0 0.6911057692307693 0.96875 0.2043269230769231 0.0625
