0 0.670673076923077 0.007211538461538462 0.3125 0.014423076923076924
0 0.6370192307692308 0.03365384615384616 0.2932692307692308 0.02403846153846154
0 0.5985576923076923 0.06490384615384616 0.2932692307692308 0.02403846153846154
0 0.5817307692307693 0.09975961538461539 0.2692307692307693 0.021634615384615384
0 0.578125 0.13221153846153846 0.2043269230769231 0.02403846153846154
0 0.578125 0.16466346153846154 0.13221153846153846 0.021634615384615384
0 0.576923076923077 0.1983173076923077 0.07211538461538462 0.021634615384615384
0 0.8605769230769231 0.02403846153846154 0.057692307692307696 0.019230769230769232
0 0.8509615384615385 0.04807692307692308 0.10576923076923078 0.019230769230769232
0 0.8521634615384616 0.07692307692307693 0.16105769230769232 0.02403846153846154
0 0.8605769230769231 0.10216346153846155 0.21153846153846156 0.021634615384615384
0 0.8461538461538463 0.12620192307692307 0.2403846153846154 0.026442307692307696
0 0.8473557692307693 0.14903846153846154 0.30528846153846156 0.028846153846153848
0 0.8365384615384616 0.17668269230769232 0.32211538461538464 0.026442307692307696
0 0.8064903846153847 0.19951923076923078 0.31009615384615385 0.02403846153846154
0 0.7908653846153847 0.22836538461538464 0.2980769230769231 0.028846153846153848
0 0.7764423076923077 0.2536057692307692 0.28365384615384615 0.026442307692307696
0 0.7620192307692308 0.27524038461538464 0.2451923076923077 0.026442307692307696
0 0.7692307692307693 0.3040865384615385 0.19230769230769232 0.021634615384615384
0 0.765625 0.3269230769230769 0.16105769230769232 0.019230769230769232
0 0.7632211538461539 0.3545673076923077 0.08413461538461539 0.021634615384615384
0 0.41466346153846156 0.13341346153846154 0.07932692307692309 0.021634615384615384
0 0.4134615384615385 0.171875 0.14903846153846154 0.021634615384615384
0 0.4170673076923077 0.2043269230769231 0.2091346153846154 0.02403846153846154
0 0.4122596153846154 0.23677884615384617 0.28605769230769235 0.026442307692307696
0 0.38341346153846156 0.2716346153846154 0.29086538461538464 0.02403846153846154
0 0.3473557692307693 0.30168269230769235 0.3004807692307693 0.021634615384615384
0 0.5733173076923077 0.30528846153846156 0.10336538461538462 0.02403846153846154
0 0.5685096153846154 0.33774038461538464 0.13701923076923078 0.021634615384615384
0 0.5721153846153847 0.359375 0.19230769230769232 0.021634615384615384
0 0.5721153846153847 0.38341346153846156 0.22596153846153846 0.026442307692307696
0 0.5673076923076923 0.41105769230769235 0.2884615384615385 0.028846153846153848
0 0.5552884615384616 0.4362980769230769 0.32211538461538464 0.03125
0 0.5336538461538461 0.4591346153846154 0.32211538461538464 0.02403846153846154
0 0.3112980769230769 0.3317307692307693 0.30528846153846156 0.019230769230769232
0 0.2824519230769231 0.36899038461538464 0.31009615384615385 0.026442307692307696
0 0.24879807692307693 0.4014423076923077 0.2956730769230769 0.028846153846153848
0 0.21875 0.43509615384615385 0.3028846153846154 0.02403846153846154
0 0.18389423076923078 0.4639423076923077 0.30528846153846156 0.02403846153846154
0 0.15024038461538464 0.49759615384615385 0.3004807692307693 0.02403846153846154
0 0.13341346153846154 0.530048076923077 0.2668269230769231 0.026442307692307696
0 0.11658653846153846 0.5649038461538461 0.23317307692307693 0.02403846153846154
0 0.5276442307692308 0.4879807692307693 0.3004807692307693 0.02403846153846154
0 0.4795673076923077 0.5108173076923077 0.3293269230769231 0.026442307692307696
0 0.4555288461538462 0.5360576923076923 0.3197115384615385 0.02403846153846154
0 0.4254807692307693 0.5588942307692308 0.33653846153846156 0.026442307692307696
0 0.39903846153846156 0.5853365384615385 0.34134615384615385 0.026442307692307696
0 0.8401442307692308 0.6201923076923077 0.2043269230769231 0.21634615384615385
0 0.8209134615384616 0.6358173076923077 0.2043269230769231 0.2139423076923077
0 0.8052884615384616 0.6526442307692308 0.20192307692307693 0.2139423076923077
0 0.7860576923076924 0.6670673076923077 0.21153846153846156 0.2091346153846154
0 0.7728365384615385 0.686298076923077 0.2139423076923077 0.2139423076923077
0 0.6225961538461539 0.9543269230769231 0.6442307692307693 0.09134615384615385
0 0.3737980769230769 0.6105769230769231 0.31490384615384615 0.028846153846153848
0 0.34375 0.6346153846153847 0.33653846153846156 0.028846153846153848
0 0.3233173076923077 0.6598557692307693 0.3341346153846154 0.026442307692307696
0 0.2956730769230769 0.6838942307692308 0.31730769230769235 0.026442307692307696
0 0.27043269230769235 0.7103365384615385 0.3293269230769231 0.026442307692307696
0 0.24639423076923078 0.733173076923077 0.3197115384615385 0.03365384615384616
0 0.2139423076923077 0.7608173076923077 0.3125 0.03125
0 0.18990384615384617 0.7848557692307693 0.3269230769230769 0.03125
0 0.1670673076923077 0.8125 0.3293269230769231 0.028846153846153848
0 0.14783653846153846 0.8341346153846154 0.2956730769230769 0.02403846153846154
0 0.13822115384615385 0.8605769230769231 0.2764423076923077 0.028846153846153848
0 0.12620192307692307 0.8858173076923077 0.25240384615384615 0.026442307692307696
0 0.10817307692307693 0.9098557692307693 0.21634615384615385 0.026442307692307696
0 0.09975961538461539 0.936298076923077 0.19951923076923078 0.026442307692307696
0 0.08774038461538462 0.9579326923076924 0.17548076923076925 0.026442307692307696
0 0.07091346153846154 0.983173076923077 0.14182692307692307 0.028846153846153848
0 0.09735576923076923 0.5949519230769231 0.19471153846153846 0.026442307692307696
0 0.07932692307692309 0.6286057692307693 0.15865384615384617 0.026442307692307696
0 0.06730769230769232 0.6610576923076923 0.13461538461538464 0.02403846153846154
0 0.046875 0.6947115384615385 0.09375 0.02403846153846154
0 0.03245192307692308 0.7271634615384616 0.06490384615384616 0.026442307692307696
