0 0.9651442307692308 0.6694711538461539 0.06971153846153846 0.16105769230769232
0 0.9483173076923077 0.7632211538461539 0.10336538461538462 0.12259615384615385
0 0.9230769230769231 0.9507211538461539 0.15384615384615385 0.09855769230769232
0 0.8064903846153847 0.5949519230769231 0.13221153846153846 0.09855769230769232
0 0.6045673076923077 0.375 0.0889423076923077 0.0625
0 0.592548076923077 0.3930288461538462 0.0889423076923077 0.06009615384615385
0 0.5793269230769231 0.4182692307692308 0.08173076923076923 0.057692307692307696
0 0.5709134615384616 0.42307692307692313 0.06490384615384616 0.04807692307692308
0 0.5637019230769231 0.43870192307692313 0.06971153846153846 0.05048076923076923
0 0.5588942307692308 0.45072115384615385 0.06971153846153846 0.04567307692307693
0 0.5564903846153847 0.46153846153846156 0.07451923076923077 0.04807692307692308
0 0.6514423076923077 0.4987980769230769 0.11057692307692309 0.09855769230769232
0 0.4675480769230769 0.9278846153846154 0.06009615384615385 0.057692307692307696
0 0.4074519230769231 0.9014423076923077 0.08413461538461539 0.09615384615384616
0 0.2560096153846154 0.2512019230769231 0.12740384615384617 0.09375
0 0.8016826923076924 0.9242788461538463 0.22355769230769232 0.1514423076923077
