0 0.9711538461538463 0.1935096153846154 0.057692307692307696 0.026442307692307696
0 0.9579326923076924 0.22596153846153846 0.08413461538461539 0.028846153846153848
0 0.9411057692307693 0.25961538461538464 0.11778846153846155 0.02403846153846154
0 0.9230769230769231 0.2884615384615385 0.15384615384615385 0.02403846153846154
0 0.90625 0.32211538461538464 0.1875 0.02403846153846154
0 0.890625 0.3545673076923077 0.21875 0.026442307692307696
0 0.8725961538461539 0.3894230769230769 0.25480769230769235 0.02403846153846154
0 0.9759615384615385 0.5084134615384616 0.04807692307692308 0.026442307692307696
0 0.9603365384615385 0.5348557692307693 0.07932692307692309 0.026442307692307696
0 0.9507211538461539 0.5576923076923077 0.09855769230769232 0.03365384615384616
0 0.936298076923077 0.5853365384615385 0.12740384615384617 0.03125
0 0.920673076923077 0.609375 0.15865384615384617 0.03125
0 0.9086538461538463 0.6370192307692308 0.1826923076923077 0.028846153846153848
0 0.8930288461538463 0.6586538461538461 0.2139423076923077 0.02403846153846154
0 0.8798076923076924 0.6850961538461539 0.2403846153846154 0.028846153846153848
0 0.8689903846153847 0.7103365384615385 0.2620192307692308 0.026442307692307696
0 0.8521634615384616 0.734375 0.2956730769230769 0.026442307692307696
0 0.8449519230769231 0.7608173076923077 0.31009615384615385 0.026442307692307696
0 0.8329326923076924 0.7824519230769231 0.31490384615384615 0.026442307692307696
0 0.8149038461538461 0.8076923076923077 0.28365384615384615 0.028846153846153848
0 0.8064903846153847 0.8329326923076924 0.2572115384615385 0.021634615384615384
0 0.8173076923076924 0.8617788461538463 0.19230769230769232 0.026442307692307696
0 0.8076923076923077 0.8834134615384616 0.13942307692307693 0.01682692307692308
0 0.8040865384615385 0.9110576923076924 0.09855769230769232 0.019230769230769232
0 0.8088942307692308 0.9375 0.06009615384615385 0.019230769230769232
0 0.8557692307692308 0.41947115384615385 0.2884615384615385 0.026442307692307696
0 0.8233173076923077 0.453125 0.3004807692307693 0.026442307692307696
0 0.7932692307692308 0.48557692307692313 0.3125 0.02403846153846154
0 0.7560096153846154 0.5192307692307693 0.30528846153846156 0.02403846153846154
0 0.7283653846153847 0.5516826923076923 0.3028846153846154 0.026442307692307696
0 0.6899038461538461 0.5853365384615385 0.3028846153846154 0.026442307692307696
0 0.6646634615384616 0.6201923076923077 0.3004807692307693 0.02403846153846154
0 0.6454326923076923 0.6514423076923077 0.2620192307692308 0.02403846153846154
0 0.6370192307692308 0.6826923076923077 0.20673076923076925 0.028846153846153848
0 0.639423076923077 0.7151442307692308 0.13942307692307693 0.021634615384615384
0 0.639423076923077 0.748798076923077 0.07692307692307693 0.021634615384615384
0 0.24639423076923078 0.9002403846153847 0.17067307692307693 0.17067307692307693
