0 0.7367788461538461 0.96875 0.08413461538461539 0.0625
0 0.6586538461538461 0.8473557692307693 0.11057692307692309 0.10336538461538462
0 0.6177884615384616 0.8209134615384616 0.038461538461538464 0.040865384615384616
0 0.639423076923077 0.8028846153846154 0.038461538461538464 0.03365384615384616
0 0.6610576923076923 0.7896634615384616 0.03365384615384616 0.03605769230769231
0 0.5384615384615385 0.9338942307692308 0.14423076923076925 0.12740384615384617
0 0.46153846153846156 0.9230769230769231 0.04807692307692308 0.04807692307692308
0 0.48197115384615385 0.90625 0.04567307692307693 0.04326923076923077
0 0.5036057692307693 0.889423076923077 0.04567307692307693 0.05288461538461539
0 0.5252403846153847 0.8725961538461539 0.04567307692307693 0.04326923076923077
0 0.545673076923077 0.858173076923077 0.05288461538461539 0.038461538461538464
0 0.3293269230769231 0.8100961538461539 0.07211538461538462 0.0625
0 0.36778846153846156 0.764423076923077 0.11057692307692309 0.10576923076923078
0 0.4242788461538462 0.6971153846153847 0.10336538461538462 0.10096153846153846
0 0.4831730769230769 0.6358173076923077 0.10576923076923078 0.10817307692307693
0 0.4495192307692308 0.5576923076923077 0.06730769230769232 0.05288461538461539
0 0.43028846153846156 0.5817307692307693 0.057692307692307696 0.05288461538461539
0 0.41105769230769235 0.6009615384615385 0.06730769230769232 0.05288461538461539
0 0.3978365384615385 0.623798076923077 0.06009615384615385 0.05048076923076923
0 0.375 0.6430288461538461 0.057692307692307696 0.05048076923076923
0 0.359375 0.6646634615384616 0.06971153846153846 0.06009615384615385
0 0.34134615384615385 0.6875 0.05288461538461539 0.04807692307692308
0 0.328125 0.7091346153846154 0.06009615384615385 0.04326923076923077
0 0.3125 0.7283653846153847 0.057692307692307696 0.04807692307692308
0 0.29086538461538464 0.7524038461538461 0.05288461538461539 0.04326923076923077
0 0.27403846153846156 0.7752403846153847 0.05288461538461539 0.04567307692307693
0 0.12740384615384617 0.7944711538461539 0.1201923076923077 0.11298076923076923
0 0.2295673076923077 0.5132211538461539 0.2091346153846154 0.18990384615384617
0 0.078125 0.4591346153846154 0.06009615384615385 0.10096153846153846
0 0.04326923076923077 0.5204326923076923 0.08653846153846154 0.06971153846153846
0 0.020432692307692308 0.6370192307692308 0.040865384615384616 0.07211538461538462
0 0.05288461538461539 0.7139423076923077 0.07211538461538462 0.08173076923076923
