0 0.7079326923076924 0.6105769230769231 0.05048076923076923 0.04326923076923077
0 0.45793269230769235 0.5264423076923077 0.14182692307692307 0.13942307692307693
0 0.5685096153846154 0.4026442307692308 0.08413461538461539 0.10336538461538462
0 0.4903846153846154 0.2608173076923077 0.11057692307692309 0.10336538461538462
0 0.4495192307692308 0.234375 0.038461538461538464 0.040865384615384616
0 0.4711538461538462 0.21634615384615385 0.038461538461538464 0.03365384615384616
0 0.49278846153846156 0.203125 0.03365384615384616 0.03605769230769231
0 0.3701923076923077 0.3473557692307693 0.14423076923076925 0.12740384615384617
0 0.2932692307692308 0.33653846153846156 0.04807692307692308 0.04807692307692308
0 0.3137019230769231 0.3197115384615385 0.04567307692307693 0.04326923076923077
0 0.3353365384615385 0.3028846153846154 0.04567307692307693 0.05288461538461539
0 0.35697115384615385 0.28605769230769235 0.04567307692307693 0.04326923076923077
0 0.3774038461538462 0.2716346153846154 0.05288461538461539 0.038461538461538464
0 0.16105769230769232 0.22355769230769232 0.07211538461538462 0.0625
0 0.19951923076923078 0.1778846153846154 0.11057692307692309 0.10576923076923078
0 0.2560096153846154 0.11057692307692309 0.10336538461538462 0.10096153846153846
0 0.31490384615384615 0.05168269230769231 0.10576923076923078 0.10336538461538462
0 0.2620192307692308 0.010817307692307692 0.057692307692307696 0.021634615384615384
0 0.24278846153846156 0.020432692307692308 0.06730769230769232 0.040865384615384616
0 0.2295673076923077 0.037259615384615384 0.06009615384615385 0.05048076923076923
0 0.20673076923076925 0.056490384615384616 0.057692307692307696 0.05048076923076923
0 0.19110576923076925 0.078125 0.06971153846153846 0.06009615384615385
0 0.17307692307692307 0.10096153846153846 0.05288461538461539 0.04807692307692308
0 0.15985576923076925 0.12259615384615385 0.06009615384615385 0.04326923076923077
0 0.14423076923076925 0.14182692307692307 0.057692307692307696 0.04807692307692308
0 0.12259615384615385 0.16586538461538464 0.05288461538461539 0.04326923076923077
0 0.10576923076923078 0.1887019230769231 0.05288461538461539 0.04567307692307693
0 0.009615384615384616 0.20793269230769232 0.019230769230769232 0.11298076923076923
0 0.875 0.96875 0.10576923076923078 0.0625
