0 0.826923076923077 0.38461538461538464 0.02403846153846154 0.04326923076923077
0 0.7920673076923077 0.3822115384615385 0.026442307692307696 0.04807692307692308
0 0.8173076923076924 0.6478365384615385 0.0625 0.021634615384615384
0 0.6742788461538461 0.6538461538461539 0.06009615384615385 0.05288461538461539
0 0.6694711538461539 0.3737980769230769 0.11778846153846155 0.06009615384615385
0 0.9879807692307693 0.9867788461538463 0.02403846153846154 0.026442307692307696
0 0.983173076923077 0.9615384615384616 0.03365384615384616 0.07692307692307693
0 0.967548076923077 0.3629807692307693 0.026442307692307696 0.04326923076923077
0 0.2824519230769231 0.30528846153846156 0.13221153846153846 0.08653846153846154
0 0.5961538461538461 0.6538461538461539 0.09615384615384616 0.05288461538461539
