0 0.7860576923076924 0.3233173076923077 0.19711538461538464 0.16105769230769232
0 0.7379807692307693 0.4170673076923077 0.16826923076923078 0.12259615384615385
0 0.6802884615384616 0.6418269230769231 0.15384615384615385 0.17307692307692307
0 0.5637019230769231 0.24879807692307693 0.13221153846153846 0.09855769230769232
0 0.3617788461538462 0.030048076923076924 0.0889423076923077 0.06009615384615385
0 0.3497596153846154 0.046875 0.0889423076923077 0.06009615384615385
0 0.33653846153846156 0.07211538461538462 0.08173076923076923 0.057692307692307696
0 0.328125 0.07692307692307693 0.06490384615384616 0.04807692307692308
0 0.32091346153846156 0.09254807692307693 0.06971153846153846 0.05048076923076923
0 0.3161057692307693 0.1045673076923077 0.06971153846153846 0.04567307692307693
0 0.3137019230769231 0.11538461538461539 0.07451923076923077 0.04807692307692308
0 0.4086538461538462 0.15264423076923078 0.11057692307692309 0.09855769230769232
0 0.2247596153846154 0.5817307692307693 0.06009615384615385 0.057692307692307696
0 0.16466346153846154 0.5552884615384616 0.08413461538461539 0.09615384615384616
0 0.5588942307692308 0.6526442307692308 0.22355769230769232 0.3004807692307693
0 0.609375 0.7668269230769231 0.15625 0.17307692307692307
0 0.9086538461538463 0.7403846153846154 0.16826923076923078 0.17307692307692307
0 0.9567307692307693 0.8197115384615385 0.08653846153846154 0.17307692307692307
