0 0.04927884615384616 0.009615384615384616 0.09855769230769232 0.019230769230769232
0 0.234375 0.009615384615384616 0.07932692307692309 0.019230769230769232
0 0.20192307692307693 0.021634615384615384 0.07692307692307693 0.04326923076923077
0 0.14423076923076925 0.03966346153846154 0.07692307692307693 0.07932692307692309
0 0.11298076923076923 0.054086538461538464 0.07692307692307693 0.0889423076923077
0 0.8389423076923077 0.42307692307692313 0.04326923076923077 0.028846153846153848
0 0.7608173076923077 0.43028846153846156 0.05528846153846154 0.0625
0 0.7139423076923077 0.514423076923077 0.057692307692307696 0.038461538461538464
0 0.670673076923077 0.5216346153846154 0.038461538461538464 0.028846153846153848
0 0.578125 0.5564903846153847 0.12259615384615385 0.10817307692307693
0 0.46274038461538464 0.875 0.06490384615384616 0.1201923076923077
0 0.2355769230769231 0.7391826923076924 0.05288461538461539 0.040865384615384616
0 0.171875 0.780048076923077 0.05528846153846154 0.05048076923076923
