0 0.9747596153846154 0.2668269230769231 0.05048076923076923 0.02403846153846154
0 0.9723557692307693 0.30168269230769235 0.05528846153846154 0.021634615384615384
0 0.9867788461538463 0.3341346153846154 0.026442307692307696 0.02403846153846154
0 0.9122596153846154 0.3353365384615385 0.07932692307692309 0.021634615384615384
0 0.9110576923076924 0.3737980769230769 0.14903846153846154 0.021634615384615384
0 0.905048076923077 0.40625 0.18990384615384617 0.02403846153846154
0 0.8834134615384616 0.43870192307692313 0.23317307692307693 0.026442307692307696
0 0.8677884615384616 0.47355769230769235 0.2644230769230769 0.02403846153846154
0 0.8449519230769231 0.5036057692307693 0.3004807692307693 0.021634615384615384
0 0.9867788461538463 0.561298076923077 0.026442307692307696 0.021634615384615384
0 0.9783653846153847 0.5853365384615385 0.04326923076923077 0.026442307692307696
0 0.9603365384615385 0.6129807692307693 0.07932692307692309 0.028846153846153848
0 0.9459134615384616 0.6382211538461539 0.10817307692307693 0.03125
0 0.9350961538461539 0.6610576923076923 0.12980769230769232 0.02403846153846154
0 0.8088942307692308 0.5336538461538461 0.30528846153846156 0.019230769230769232
0 0.780048076923077 0.5709134615384616 0.31009615384615385 0.026442307692307696
0 0.7463942307692308 0.6033653846153847 0.2956730769230769 0.028846153846153848
0 0.7163461538461539 0.6370192307692308 0.3028846153846154 0.02403846153846154
0 0.6814903846153847 0.6658653846153847 0.30528846153846156 0.02403846153846154
0 0.6466346153846154 0.6995192307692308 0.3028846153846154 0.02403846153846154
0 0.6141826923076923 0.7319711538461539 0.3004807692307693 0.026442307692307696
0 0.5793269230769231 0.7668269230769231 0.3028846153846154 0.02403846153846154
0 0.9375 0.6899038461538461 0.125 0.02403846153846154
0 0.90625 0.7127403846153847 0.1875 0.026442307692307696
0 0.8966346153846154 0.7379807692307693 0.20673076923076925 0.02403846153846154
0 0.8774038461538463 0.7608173076923077 0.2451923076923077 0.026442307692307696
0 0.8629807692307693 0.7872596153846154 0.27403846153846156 0.026442307692307696
0 0.8569711538461539 0.8125 0.28605769230769235 0.028846153846153848
0 0.8365384615384616 0.8365384615384616 0.3269230769230769 0.028846153846153848
0 0.8209134615384616 0.8617788461538463 0.3341346153846154 0.026442307692307696
0 0.7932692307692308 0.8858173076923077 0.31730769230769235 0.026442307692307696
0 0.7680288461538461 0.9122596153846154 0.3293269230769231 0.026442307692307696
0 0.7439903846153847 0.9350961538461539 0.3197115384615385 0.03365384615384616
0 0.7115384615384616 0.9627403846153847 0.3125 0.03125
0 0.6875 0.9855769230769231 0.3269230769230769 0.028846153846153848
0 0.5432692307692308 0.796875 0.2980769230769231 0.026442307692307696
0 0.5060096153846154 0.8305288461538461 0.3004807692307693 0.026442307692307696
0 0.4759615384615385 0.8629807692307693 0.3125 0.02403846153846154
0 0.43870192307692313 0.8966346153846154 0.30528846153846156 0.02403846153846154
0 0.41105769230769235 0.9290865384615385 0.3028846153846154 0.026442307692307696
0 0.37259615384615385 0.9627403846153847 0.3028846153846154 0.026442307692307696
0 0.3473557692307693 0.9927884615384616 0.3004807692307693 0.014423076923076924
