0 0.5492788461538461 0.16466346153846154 0.07451923076923077 0.021634615384615384
0 0.5420673076923077 0.20192307692307693 0.14182692307692307 0.02403846153846154
0 0.545673076923077 0.23677884615384617 0.20192307692307693 0.026442307692307696
0 0.546875 0.2692307692307693 0.2716346153846154 0.02403846153846154
0 0.5216346153846154 0.3004807692307693 0.3125 0.028846153846153848
0 0.4879807692307693 0.3341346153846154 0.2932692307692308 0.02403846153846154
0 0.4495192307692308 0.3653846153846154 0.2932692307692308 0.02403846153846154
0 0.4326923076923077 0.40024038461538464 0.2692307692307693 0.021634615384615384
0 0.4290865384615385 0.4326923076923077 0.2043269230769231 0.02403846153846154
0 0.4290865384615385 0.4651442307692308 0.13221153846153846 0.021634615384615384
0 0.4278846153846154 0.4987980769230769 0.07211538461538462 0.021634615384615384
0 0.7115384615384616 0.3245192307692308 0.057692307692307696 0.019230769230769232
0 0.701923076923077 0.34855769230769235 0.10576923076923078 0.019230769230769232
0 0.703125 0.3774038461538462 0.16105769230769232 0.02403846153846154
0 0.7115384615384616 0.4026442307692308 0.21153846153846156 0.021634615384615384
0 0.6971153846153847 0.42668269230769235 0.2403846153846154 0.026442307692307696
0 0.6983173076923077 0.4495192307692308 0.30528846153846156 0.028846153846153848
0 0.6875 0.47716346153846156 0.32211538461538464 0.026442307692307696
0 0.6574519230769231 0.5 0.31009615384615385 0.02403846153846154
0 0.6418269230769231 0.5288461538461539 0.2980769230769231 0.028846153846153848
0 0.6274038461538461 0.5540865384615385 0.28365384615384615 0.026442307692307696
0 0.6129807692307693 0.5757211538461539 0.2451923076923077 0.026442307692307696
0 0.6201923076923077 0.6045673076923077 0.19230769230769232 0.021634615384615384
0 0.6165865384615385 0.6274038461538461 0.16105769230769232 0.019230769230769232
0 0.6141826923076923 0.655048076923077 0.08413461538461539 0.021634615384615384
0 0.265625 0.4338942307692308 0.07932692307692309 0.021634615384615384
0 0.2644230769230769 0.4723557692307693 0.14903846153846154 0.021634615384615384
0 0.26802884615384615 0.5048076923076923 0.2091346153846154 0.02403846153846154
0 0.26322115384615385 0.5372596153846154 0.28605769230769235 0.026442307692307696
0 0.234375 0.5721153846153847 0.29086538461538464 0.02403846153846154
0 0.1983173076923077 0.6021634615384616 0.3004807692307693 0.021634615384615384
0 0.4242788461538462 0.6057692307692308 0.10336538461538462 0.02403846153846154
0 0.41947115384615385 0.6382211538461539 0.13701923076923078 0.021634615384615384
0 0.42307692307692313 0.6598557692307693 0.19230769230769232 0.021634615384615384
0 0.42307692307692313 0.6838942307692308 0.22596153846153846 0.026442307692307696
0 0.4182692307692308 0.7115384615384616 0.2884615384615385 0.028846153846153848
0 0.40625 0.7367788461538461 0.32211538461538464 0.03125
0 0.38461538461538464 0.7596153846153847 0.32211538461538464 0.02403846153846154
0 0.1622596153846154 0.6322115384615385 0.30528846153846156 0.019230769230769232
0 0.14423076923076925 0.6694711538461539 0.2884615384615385 0.026442307692307696
0 0.12379807692307693 0.701923076923077 0.24759615384615385 0.028846153846153848
0 0.11057692307692309 0.7355769230769231 0.22115384615384617 0.02403846153846154
0 0.09375 0.764423076923077 0.1875 0.02403846153846154
0 0.07572115384615385 0.7980769230769231 0.1514423076923077 0.02403846153846154
0 0.058894230769230775 0.8305288461538461 0.11778846153846155 0.026442307692307696
0 0.042067307692307696 0.8653846153846154 0.08413461538461539 0.02403846153846154
0 0.3786057692307693 0.7884615384615385 0.3004807692307693 0.02403846153846154
0 0.33052884615384615 0.811298076923077 0.3293269230769231 0.026442307692307696
0 0.30649038461538464 0.8365384615384616 0.3197115384615385 0.02403846153846154
0 0.2764423076923077 0.859375 0.33653846153846156 0.026442307692307696
0 0.25 0.8858173076923077 0.34134615384615385 0.026442307692307696
0 0.6911057692307693 0.90625 0.2043269230769231 0.1875
0 0.671875 0.9146634615384616 0.2043269230769231 0.17067307692307693
0 0.65625 0.9230769230769231 0.20192307692307693 0.15384615384615385
0 0.6370192307692308 0.9314903846153847 0.21153846153846156 0.13701923076923078
0 0.623798076923077 0.9399038461538463 0.2139423076923077 0.1201923076923077
0 0.2247596153846154 0.9110576923076924 0.31490384615384615 0.028846153846153848
0 0.19471153846153846 0.9350961538461539 0.33653846153846156 0.028846153846153848
0 0.17427884615384617 0.9603365384615385 0.3341346153846154 0.026442307692307696
0 0.15264423076923078 0.984375 0.30528846153846156 0.026442307692307696
0 0.022836538461538464 0.8954326923076924 0.04567307692307693 0.026442307692307696
