0 0.9867788461538463 0.8485576923076924 0.026442307692307696 0.04326923076923077
0 0.748798076923077 0.764423076923077 0.14182692307692307 0.13942307692307693
0 0.859375 0.640625 0.08413461538461539 0.10336538461538462
0 0.78125 0.4987980769230769 0.11057692307692309 0.10336538461538462
0 0.7403846153846154 0.4723557692307693 0.038461538461538464 0.040865384615384616
0 0.7620192307692308 0.45432692307692313 0.038461538461538464 0.03365384615384616
0 0.7836538461538461 0.4411057692307693 0.03365384615384616 0.03605769230769231
0 0.6610576923076923 0.5853365384615385 0.14423076923076925 0.12740384615384617
0 0.5841346153846154 0.5745192307692308 0.04807692307692308 0.04807692307692308
0 0.6045673076923077 0.5576923076923077 0.04567307692307693 0.04326923076923077
0 0.6262019230769231 0.5408653846153847 0.04567307692307693 0.05288461538461539
0 0.6478365384615385 0.5240384615384616 0.04567307692307693 0.04326923076923077
0 0.6682692307692308 0.5096153846153847 0.05288461538461539 0.038461538461538464
0 0.4519230769230769 0.46153846153846156 0.07211538461538462 0.0625
0 0.4903846153846154 0.41586538461538464 0.11057692307692309 0.10576923076923078
0 0.546875 0.34855769230769235 0.10336538461538462 0.10096153846153846
0 0.6057692307692308 0.2872596153846154 0.10576923076923078 0.10817307692307693
0 0.5721153846153847 0.2091346153846154 0.06730769230769232 0.05288461538461539
0 0.5528846153846154 0.23317307692307693 0.057692307692307696 0.05288461538461539
0 0.5336538461538461 0.25240384615384615 0.06730769230769232 0.05288461538461539
0 0.5204326923076923 0.27524038461538464 0.06009615384615385 0.05048076923076923
0 0.49759615384615385 0.29447115384615385 0.057692307692307696 0.05048076923076923
0 0.48197115384615385 0.3161057692307693 0.06971153846153846 0.06009615384615385
0 0.4639423076923077 0.3389423076923077 0.05288461538461539 0.04807692307692308
0 0.45072115384615385 0.3605769230769231 0.06009615384615385 0.04326923076923077
0 0.43509615384615385 0.37980769230769235 0.057692307692307696 0.04807692307692308
0 0.4134615384615385 0.40384615384615385 0.05288461538461539 0.04326923076923077
0 0.3966346153846154 0.42668269230769235 0.05288461538461539 0.04567307692307693
0 0.25 0.44591346153846156 0.1201923076923077 0.11298076923076923
0 0.35216346153846156 0.16466346153846154 0.2091346153846154 0.18990384615384617
0 0.20072115384615385 0.11057692307692309 0.06009615384615385 0.10096153846153846
0 0.16586538461538464 0.171875 0.08653846153846154 0.06971153846153846
0 0.11658653846153846 0.2884615384615385 0.09375 0.07211538461538462
0 0.17548076923076925 0.3653846153846154 0.07211538461538462 0.08173076923076923
0 0.006009615384615385 0.4867788461538462 0.01201923076923077 0.06490384615384616
0 0.021634615384615384 0.4483173076923077 0.04326923076923077 0.07932692307692309
0 0.03125 0.40384615384615385 0.0625 0.057692307692307696
