0 0.5444711538461539 0.35216346153846156 0.07932692307692309 0.06971153846153846
0 0.608173076923077 0.3233173076923077 0.07692307692307693 0.06490384615384616
0 0.6995192307692308 0.2824519230769231 0.14903846153846154 0.09855769230769232
0 0.8353365384615385 0.28365384615384615 0.0889423076923077 0.09615384615384616
0 0.8689903846153847 0.35216346153846156 0.07932692307692309 0.09375
0 0.9038461538461539 0.4290865384615385 0.08173076923076923 0.10336538461538462
0 0.8942307692307693 0.2572115384615385 0.08653846153846154 0.10576923076923078
0 0.9447115384615385 0.3858173076923077 0.11057692307692309 0.19951923076923078
0 0.8653846153846154 0.5721153846153847 0.10096153846153846 0.08653846153846154
0 0.7836538461538461 0.609375 0.11057692307692309 0.09855769230769232
0 0.6959134615384616 0.6514423076923077 0.11298076923076923 0.08653846153846154
