0 0.2800480769230769 0.003605769230769231 0.040865384615384616 0.007211538461538462
0 0.18149038461538464 0.002403846153846154 0.03605769230769231 0.004807692307692308
0 0.15625 0.01682692307692308 0.04326923076923077 0.03365384615384616
0 0.22355769230769232 0.019230769230769232 0.05288461538461539 0.038461538461538464
0 0.1935096153846154 0.04807692307692308 0.05048076923076923 0.04326923076923077
0 0.5697115384615385 0.18389423076923078 0.05288461538461539 0.05048076923076923
0 0.5360576923076923 0.22596153846153846 0.05288461538461539 0.05288461538461539
0 0.5180288461538461 0.24879807692307693 0.040865384615384616 0.040865384615384616
0 0.5036057692307693 0.3161057692307693 0.07451923076923077 0.06009615384615385
0 0.47355769230769235 0.35216346153846156 0.057692307692307696 0.06490384615384616
0 0.5264423076923077 0.3966346153846154 0.08653846153846154 0.07692307692307693
0 0.5757211538461539 0.3774038461538462 0.06490384615384616 0.05288461538461539
0 0.6430288461538461 0.19591346153846154 0.06971153846153846 0.06490384615384616
0 0.6899038461538461 0.23918269230769232 0.038461538461538464 0.03605769230769231
0 0.670673076923077 0.26322115384615385 0.05288461538461539 0.05048076923076923
0 0.6201923076923077 0.2295673076923077 0.08173076923076923 0.07451923076923077
0 0.59375 0.2668269230769231 0.08173076923076923 0.06730769230769232
0 0.5673076923076923 0.29447115384615385 0.06730769230769232 0.06009615384615385
0 0.6514423076923077 0.3112980769230769 0.07211538461538462 0.06971153846153846
0 0.6310096153846154 0.34134615384615385 0.06971153846153846 0.05288461538461539
0 0.7127403846153847 0.3581730769230769 0.07451923076923077 0.07211538461538462
0 0.686298076923077 0.3858173076923077 0.06971153846153846 0.06009615384615385
0 0.7836538461538461 0.3076923076923077 0.03365384615384616 0.03365384615384616
0 0.8028846153846154 0.3713942307692308 0.07211538461538462 0.07451923076923077
0 0.826923076923077 0.3449519230769231 0.06730769230769232 0.05528846153846154
0 0.873798076923077 0.3786057692307693 0.040865384615384616 0.040865384615384616
0 0.8521634615384616 0.4074519230769231 0.05528846153846154 0.05048076923076923
0 0.8209134615384616 0.4399038461538462 0.05528846153846154 0.04807692307692308
0 0.7728365384615385 0.41105769230769235 0.07451923076923077 0.06730769230769232
0 0.7980769230769231 0.47355769230769235 0.04807692307692308 0.038461538461538464
0 0.7475961538461539 0.4375 0.07211538461538462 0.0625
0 0.7824519230769231 0.5324519230769231 0.04567307692307693 0.05048076923076923
0 0.7403846153846154 0.578125 0.05288461538461539 0.06490384615384616
0 0.35697115384615385 0.6754807692307693 0.03125 0.02403846153846154
0 0.08173076923076923 0.8497596153846154 0.125 0.09375
