0 0.7584134615384616 0.9963942307692308 0.04567307692307693 0.007211538461538462
0 0.6814903846153847 0.8774038461538463 0.03605769230769231 0.03365384615384616
0 0.4098557692307693 0.9663461538461539 0.03125 0.028846153846153848
0 0.0625 0.8617788461538463 0.05288461538461539 0.06009615384615385
0 0.40024038461538464 0.5396634615384616 0.05048076923076923 0.06009615384615385
0 0.3557692307692308 0.49278846153846156 0.03365384615384616 0.038461538461538464
0 0.2644230769230769 0.2932692307692308 0.057692307692307696 0.0625
0 0.2451923076923077 0.3137019230769231 0.0625 0.05528846153846154
0 0.15384615384615385 0.24639423076923078 0.03365384615384616 0.026442307692307696
0 0.009615384615384616 0.5168269230769231 0.019230769230769232 0.028846153846153848
