0 0.021634615384615384 0.3894230769230769 0.04326923076923077 0.15384615384615385
0 0.013221153846153848 0.6418269230769231 0.026442307692307696 0.04326923076923077
0 0.056490384615384616 0.8798076923076924 0.06971153846153846 0.05288461538461539
0 0.32572115384615385 0.8882211538461539 0.06009615384615385 0.03125
0 0.32572115384615385 0.6923076923076923 0.06971153846153846 0.028846153846153848
0 0.48197115384615385 0.359375 0.03125 0.021634615384615384
0 0.8774038461538463 0.421875 0.038461538461538464 0.03125
0 0.6009615384615385 0.6826923076923077 0.17307692307692307 0.09134615384615385
0 0.6814903846153847 0.953125 0.09855769230769232 0.06009615384615385
0 0.8016826923076924 0.9014423076923077 0.03125 0.057692307692307696
0 0.8149038461538461 0.8966346153846154 0.028846153846153848 0.05288461538461539
0 0.828125 0.8918269230769231 0.03125 0.057692307692307696
0 0.8461538461538463 0.889423076923077 0.03365384615384616 0.057692307692307696
0 0.8605769230769231 0.8858173076923077 0.03365384615384616 0.05528846153846154
0 0.8774038461538463 0.8774038461538463 0.028846153846153848 0.057692307692307696
0 0.8954326923076924 0.8713942307692308 0.021634615384615384 0.06009615384615385
0 0.9122596153846154 0.8810096153846154 0.021634615384615384 0.03125
