0 0.875 0.609375 0.057692307692307696 0.05048076923076923
0 0.8004807692307693 0.6153846153846154 0.06730769230769232 0.057692307692307696
0 0.3509615384615385 0.13341346153846154 0.057692307692307696 0.05528846153846154
0 0.09855769230769232 0.11538461538461539 0.04326923076923077 0.038461538461538464
0 0.20192307692307693 0.1875 0.05288461538461539 0.05288461538461539
0 0.35336538461538464 0.36778846153846156 0.028846153846153848 0.028846153846153848
0 0.3942307692307693 0.3918269230769231 0.04326923076923077 0.03365384615384616
0 0.4411057692307693 0.45072115384615385 0.040865384615384616 0.05048076923076923
0 0.39903846153846156 0.6045673076923077 0.0625 0.06490384615384616
0 0.3449519230769231 0.5540865384615385 0.026442307692307696 0.03125
0 0.29927884615384615 0.514423076923077 0.026442307692307696 0.02403846153846154
0 0.1875 0.6262019230769231 0.08653846153846154 0.08413461538461539
0 0.3245192307692308 0.9963942307692308 0.04807692307692308 0.007211538461538462
0 0.13701923076923078 0.15504807692307693 0.038461538461538464 0.03125
