0 0.013221153846153848 0.6129807692307693 0.026442307692307696 0.14423076923076925
0 0.04326923076923077 0.6838942307692308 0.07211538461538462 0.021634615384615384
0 0.04927884615384616 0.6971153846153847 0.0889423076923077 0.02403846153846154
0 0.06129807692307693 0.7079326923076924 0.07932692307692309 0.021634615384615384
0 0.06971153846153846 0.7283653846153847 0.05288461538461539 0.019230769230769232
0 0.2451923076923077 0.7475961538461539 0.038461538461538464 0.03365384615384616
0 0.26322115384615385 0.5444711538461539 0.13221153846153846 0.11298076923076923
0 0.45072115384615385 0.6177884615384616 0.026442307692307696 0.03365384615384616
0 0.6213942307692308 0.6418269230769231 0.08413461538461539 0.10096153846153846
0 0.8100961538461539 0.6442307692307693 0.04326923076923077 0.04326923076923077
0 0.3713942307692308 0.953125 0.06490384615384616 0.06490384615384616
0 0.33052884615384615 0.9170673076923077 0.06971153846153846 0.06490384615384616
0 0.24879807692307693 0.9230769230769231 0.06490384615384616 0.08173076923076923
