0 0.7091346153846154 0.37259615384615385 0.04807692307692308 0.028846153846153848
0 0.4711538461538462 0.4086538461538462 0.02403846153846154 0.04326923076923077
0 0.4362980769230769 0.40625 0.026442307692307696 0.04807692307692308
0 0.46153846153846156 0.671875 0.0625 0.021634615384615384
0 0.3185096153846154 0.6778846153846154 0.06009615384615385 0.05288461538461539
0 0.3137019230769231 0.3978365384615385 0.11778846153846155 0.06009615384615385
0 0.6947115384615385 0.9891826923076924 0.04807692307692308 0.021634615384615384
0 0.6334134615384616 0.9735576923076924 0.04567307692307693 0.05288461538461539
0 0.6117788461538461 0.3870192307692308 0.026442307692307696 0.04326923076923077
0 0.2403846153846154 0.6778846153846154 0.09615384615384616 0.05288461538461539
