0 0.9615384615384616 0.27524038461538464 0.07692307692307693 0.11298076923076923
0 0.6322115384615385 0.2608173076923077 0.15384615384615385 0.12740384615384617
0 0.4903846153846154 0.33774038461538464 0.16346153846153846 0.12259615384615385
0 0.19591346153846154 0.639423076923077 0.17548076923076925 0.13942307692307693
0 0.3197115384615385 0.5661057692307693 0.14903846153846154 0.12259615384615385
0 0.8569711538461539 0.5372596153846154 0.06490384615384616 0.07451923076923077
0 0.7872596153846154 0.5745192307692308 0.05048076923076923 0.07692307692307693
0 0.6947115384615385 0.6466346153846154 0.20192307692307693 0.14903846153846154
0 0.5168269230769231 0.6838942307692308 0.09615384615384616 0.11778846153846155
0 0.4675480769230769 0.5997596153846154 0.09855769230769232 0.10817307692307693
0 0.4278846153846154 0.5180288461538461 0.07211538461538462 0.09375
0 0.4747596153846154 0.48557692307692313 0.09855769230769232 0.09134615384615385
0 0.5372596153846154 0.6057692307692308 0.11298076923076923 0.21153846153846156
