0 0.10576923076923078 0.1045673076923077 0.04326923076923077 0.05048076923076923
0 0.09254807692307693 0.11658653846153846 0.04567307692307693 0.04567307692307693
0 0.07451923076923077 0.1310096153846154 0.05288461538461539 0.04567307692307693
0 0.06370192307692309 0.14302884615384617 0.040865384615384616 0.040865384615384616
0 0.04567307692307693 0.15745192307692307 0.04326923076923077 0.040865384615384616
0 0.11538461538461539 0.6129807692307693 0.10576923076923078 0.12980769230769232
0 0.3930288461538462 0.5865384615384616 0.10817307692307693 0.10576923076923078
0 0.45072115384615385 0.639423076923077 0.06490384615384616 0.07211538461538462
0 0.5408653846153847 0.6923076923076923 0.11057692307692309 0.125
0 0.7680288461538461 0.7403846153846154 0.03605769230769231 0.028846153846153848
0 0.936298076923077 0.8641826923076924 0.06490384615384616 0.06009615384615385
0 0.9567307692307693 0.9759615384615385 0.08653846153846154 0.04807692307692308
