0 0.43028846153846156 0.421875 0.13942307692307693 0.021634615384615384
0 0.4326923076923077 0.43870192307692313 0.13461538461538464 0.01682692307692308
0 0.43028846153846156 0.45072115384615385 0.13942307692307693 0.01682692307692308
0 0.43028846153846156 0.46875 0.13461538461538464 0.019230769230769232
0 0.4290865384615385 0.484375 0.13701923076923078 0.021634615384615384
0 0.3858173076923077 0.5036057692307693 0.040865384615384616 0.01682692307692308
0 0.4603365384615385 0.5192307692307693 0.07451923076923077 0.014423076923076924
0 0.46153846153846156 0.5324519230769231 0.07692307692307693 0.01682692307692308
0 0.45793269230769235 0.5504807692307693 0.06971153846153846 0.019230769230769232
0 0.4591346153846154 0.5673076923076923 0.07211538461538462 0.019230769230769232
0 0.4603365384615385 0.5805288461538461 0.07451923076923077 0.01682692307692308
0 0.45793269230769235 0.5961538461538461 0.06971153846153846 0.019230769230769232
0 0.4567307692307693 0.6117788461538461 0.06730769230769232 0.01682692307692308
0 0.4555288461538462 0.6274038461538461 0.07451923076923077 0.014423076923076924
0 0.45793269230769235 0.6454326923076923 0.06971153846153846 0.01682692307692308
0 0.45432692307692313 0.6634615384615385 0.06730769230769232 0.019230769230769232
0 0.45432692307692313 0.6766826923076923 0.06730769230769232 0.01682692307692308
0 0.6478365384615385 0.6802884615384616 0.07451923076923077 0.019230769230769232
0 0.6526442307692308 0.9387019230769231 0.05048076923076923 0.07451923076923077
