0 0.4903846153846154 0.1983173076923077 0.8846153846153847 0.3966346153846154
0 0.5096153846153847 0.2355769230769231 0.8990384615384616 0.4711538461538462
0 0.5288461538461539 0.27043269230769235 0.9038461538461539 0.5408653846153847
0 0.545673076923077 0.3076923076923077 0.9086538461538463 0.6153846153846154
0 0.546875 0.34615384615384615 0.90625 0.6923076923076923
0 0.5516826923076923 0.4014423076923077 0.8966346153846154 0.7403846153846154
0 0.5625 0.48197115384615385 0.875 0.7379807692307693
0 0.5661057692307693 0.5528846153846154 0.8677884615384616 0.7596153846153847
0 0.5745192307692308 0.6274038461538461 0.8509615384615385 0.7451923076923077
0 0.5817307692307693 0.6658653846153847 0.8365384615384616 0.6682692307692308
0 0.5877403846153847 0.7163461538461539 0.8245192307692308 0.5673076923076923
0 0.9615384615384616 0.9483173076923077 0.07692307692307693 0.05528846153846154
