0 0.47355769230769235 0.4050480769230769 0.08653846153846154 0.05528846153846154
0 0.8473557692307693 0.16466346153846154 0.06009615384615385 0.040865384615384616
0 0.780048076923077 0.17548076923076925 0.05048076923076923 0.0625
0 0.8365384615384616 0.07211538461538462 0.019230769230769232 0.04807692307692308
0 0.8834134615384616 0.3822115384615385 0.04567307692307693 0.057692307692307696
0 0.9855769230769231 0.34375 0.028846153846153848 0.04807692307692308
0 0.37980769230769235 0.4795673076923077 0.0625 0.06009615384615385
0 0.3942307692307693 0.5336538461538461 0.06730769230769232 0.08173076923076923
0 0.4122596153846154 0.6057692307692308 0.07451923076923077 0.07692307692307693
0 0.43509615384615385 0.6694711538461539 0.06730769230769232 0.07932692307692309
0 0.45072115384615385 0.7427884615384616 0.06490384615384616 0.07692307692307693
0 0.4651442307692308 0.8100961538461539 0.06971153846153846 0.07211538461538462
0 0.4867788461538462 0.8774038461538463 0.06971153846153846 0.08173076923076923
0 0.4182692307692308 0.8966346153846154 0.09615384615384616 0.09134615384615385
0 0.39543269230769235 0.8329326923076924 0.09855769230769232 0.0889423076923077
0 0.3774038461538462 0.7620192307692308 0.09615384615384616 0.09134615384615385
0 0.3653846153846154 0.6887019230769231 0.09134615384615385 0.07932692307692309
0 0.35697115384615385 0.6274038461538461 0.07932692307692309 0.08653846153846154
0 0.33653846153846156 0.5552884615384616 0.06730769230769232 0.08173076923076923
0 0.3425480769230769 0.49759615384615385 0.026442307692307696 0.04326923076923077
0 0.9290865384615385 0.3353365384615385 0.03605769230769231 0.01682692307692308
