0 0.921875 0.14543269230769232 0.07451923076923077 0.021634615384615384
0 0.9146634615384616 0.1826923076923077 0.14182692307692307 0.02403846153846154
0 0.9086538461538463 0.21754807692307693 0.1826923076923077 0.026442307692307696
0 0.8918269230769231 0.25 0.21634615384615385 0.02403846153846154
0 0.8689903846153847 0.28125 0.2620192307692308 0.028846153846153848
0 0.8569711538461539 0.31490384615384615 0.28605769230769235 0.02403846153846154
0 0.8221153846153847 0.34615384615384615 0.2932692307692308 0.02403846153846154
0 0.8052884615384616 0.3810096153846154 0.2692307692307693 0.021634615384615384
0 0.8016826923076924 0.4134615384615385 0.2043269230769231 0.02403846153846154
0 0.8016826923076924 0.44591346153846156 0.13221153846153846 0.021634615384615384
0 0.8004807692307693 0.4795673076923077 0.07211538461538462 0.021634615384615384
0 0.9747596153846154 0.4074519230769231 0.05048076923076923 0.026442307692307696
0 0.9591346153846154 0.43028846153846156 0.08173076923076923 0.028846153846153848
0 0.9495192307692308 0.45793269230769235 0.10096153846153846 0.026442307692307696
0 0.9375 0.4807692307692308 0.125 0.02403846153846154
0 0.9326923076923077 0.5096153846153847 0.13461538461538464 0.028846153846153848
0 0.9290865384615385 0.5348557692307693 0.14182692307692307 0.026442307692307696
0 0.9314903846153847 0.5564903846153847 0.13701923076923078 0.026442307692307696
0 0.9483173076923077 0.5853365384615385 0.10336538461538462 0.021634615384615384
0 0.9543269230769231 0.608173076923077 0.09134615384615385 0.019230769230769232
0 0.9723557692307693 0.6358173076923077 0.05528846153846154 0.021634615384615384
0 0.6382211538461539 0.41466346153846156 0.07932692307692309 0.021634615384615384
0 0.6370192307692308 0.453125 0.14903846153846154 0.021634615384615384
0 0.640625 0.48557692307692313 0.2091346153846154 0.02403846153846154
0 0.6358173076923077 0.5180288461538461 0.28605769230769235 0.026442307692307696
0 0.6069711538461539 0.5528846153846154 0.29086538461538464 0.02403846153846154
0 0.5709134615384616 0.5829326923076923 0.3004807692307693 0.021634615384615384
0 0.796875 0.5865384615384616 0.10336538461538462 0.02403846153846154
0 0.7920673076923077 0.6189903846153847 0.13701923076923078 0.021634615384615384
0 0.795673076923077 0.640625 0.19230769230769232 0.021634615384615384
0 0.795673076923077 0.6646634615384616 0.22596153846153846 0.026442307692307696
0 0.7908653846153847 0.6923076923076923 0.2884615384615385 0.028846153846153848
0 0.7788461538461539 0.717548076923077 0.32211538461538464 0.03125
0 0.7572115384615385 0.7403846153846154 0.32211538461538464 0.02403846153846154
0 0.5348557692307693 0.6129807692307693 0.30528846153846156 0.019230769230769232
0 0.5060096153846154 0.6502403846153847 0.31009615384615385 0.026442307692307696
0 0.4723557692307693 0.6826923076923077 0.2956730769230769 0.028846153846153848
0 0.44230769230769235 0.7163461538461539 0.3028846153846154 0.02403846153846154
0 0.4074519230769231 0.7451923076923077 0.30528846153846156 0.02403846153846154
0 0.37259615384615385 0.7788461538461539 0.3028846153846154 0.02403846153846154
0 0.3401442307692308 0.811298076923077 0.3004807692307693 0.026442307692307696
0 0.30528846153846156 0.8461538461538463 0.3028846153846154 0.02403846153846154
0 0.7512019230769231 0.7692307692307693 0.3004807692307693 0.02403846153846154
0 0.703125 0.7920673076923077 0.3293269230769231 0.026442307692307696
0 0.6790865384615385 0.8173076923076924 0.3197115384615385 0.02403846153846154
0 0.6490384615384616 0.8401442307692308 0.33653846153846156 0.026442307692307696
0 0.6225961538461539 0.8665865384615385 0.34134615384615385 0.026442307692307696
0 0.9807692307692308 0.8966346153846154 0.038461538461538464 0.20673076923076925
0 0.9711538461538463 0.905048076923077 0.057692307692307696 0.18990384615384617
0 0.9639423076923077 0.9134615384615385 0.07211538461538462 0.17307692307692307
0 0.951923076923077 0.921875 0.09615384615384616 0.15625
0 0.9447115384615385 0.9302884615384616 0.11057692307692309 0.13942307692307693
0 0.5973557692307693 0.8918269230769231 0.31490384615384615 0.028846153846153848
0 0.5673076923076923 0.9158653846153847 0.33653846153846156 0.028846153846153848
0 0.546875 0.9411057692307693 0.3341346153846154 0.026442307692307696
0 0.5192307692307693 0.9651442307692308 0.31730769230769235 0.026442307692307696
0 0.49399038461538464 0.9891826923076924 0.3293269230769231 0.021634615384615384
0 0.2692307692307693 0.8762019230769231 0.2980769230769231 0.026442307692307696
0 0.23197115384615385 0.9098557692307693 0.3004807692307693 0.026442307692307696
0 0.20192307692307693 0.9423076923076924 0.3125 0.02403846153846154
0 0.16466346153846154 0.9759615384615385 0.30528846153846156 0.02403846153846154
0 0.14423076923076925 0.9975961538461539 0.2884615384615385 0.004807692307692308
