0 0.12259615384615385 0.32572115384615385 0.05288461538461539 0.05048076923076923
0 0.0889423076923077 0.36778846153846156 0.05288461538461539 0.05288461538461539
0 0.07091346153846154 0.390625 0.040865384615384616 0.040865384615384616
0 0.056490384615384616 0.45793269230769235 0.07451923076923077 0.06009615384615385
0 0.02764423076923077 0.49399038461538464 0.05528846153846154 0.06490384615384616
0 0.07932692307692309 0.5384615384615385 0.08653846153846154 0.07692307692307693
0 0.12860576923076925 0.5192307692307693 0.06490384615384616 0.05288461538461539
0 0.19591346153846154 0.33774038461538464 0.06971153846153846 0.06490384615384616
0 0.24278846153846156 0.3810096153846154 0.038461538461538464 0.03605769230769231
0 0.22355769230769232 0.4050480769230769 0.05288461538461539 0.05048076923076923
0 0.17307692307692307 0.3713942307692308 0.08173076923076923 0.07451923076923077
0 0.1466346153846154 0.4086538461538462 0.08173076923076923 0.06730769230769232
0 0.1201923076923077 0.4362980769230769 0.06730769230769232 0.06009615384615385
0 0.2043269230769231 0.453125 0.07211538461538462 0.06971153846153846
0 0.18389423076923078 0.4831730769230769 0.06971153846153846 0.05288461538461539
0 0.265625 0.5 0.07451923076923077 0.07211538461538462
0 0.23918269230769232 0.5276442307692308 0.06971153846153846 0.06009615384615385
0 0.33653846153846156 0.4495192307692308 0.03365384615384616 0.03365384615384616
0 0.3557692307692308 0.5132211538461539 0.07211538461538462 0.07451923076923077
0 0.37980769230769235 0.4867788461538462 0.06730769230769232 0.05528846153846154
0 0.42668269230769235 0.5204326923076923 0.040865384615384616 0.040865384615384616
0 0.4050480769230769 0.5492788461538461 0.05528846153846154 0.05048076923076923
0 0.3737980769230769 0.5817307692307693 0.05528846153846154 0.04807692307692308
0 0.32572115384615385 0.5528846153846154 0.07451923076923077 0.06730769230769232
0 0.3509615384615385 0.6153846153846154 0.04807692307692308 0.038461538461538464
0 0.3004807692307693 0.5793269230769231 0.07211538461538462 0.0625
0 0.3353365384615385 0.6742788461538461 0.04567307692307693 0.05048076923076923
0 0.2932692307692308 0.7199519230769231 0.05288461538461539 0.06490384615384616
