0 0.6947115384615385 0.002403846153846154 0.13942307692307693 0.004807692307692308
0 0.6911057692307693 0.02403846153846154 0.09855769230769232 0.019230769230769232
0 0.6959134615384616 0.05048076923076923 0.06009615384615385 0.019230769230769232
0 0.13341346153846154 0.04927884615384616 0.17067307692307693 0.09855769230769232
0 0.28125 0.21033653846153846 0.19230769230769232 0.19471153846153846
0 0.19110576923076925 0.2932692307692308 0.18990384615384617 0.19711538461538464
0 0.09375 0.375 0.1875 0.19230769230769232
0 0.43149038461538464 0.3713942307692308 0.07451923076923077 0.03125
0 0.4254807692307693 0.39903846153846156 0.10576923076923078 0.04326923076923077
0 0.41947115384615385 0.421875 0.1514423076923077 0.05528846153846154
0 0.40625 0.4495192307692308 0.21153846153846156 0.0625
0 0.39903846153846156 0.4747596153846154 0.2644230769230769 0.07451923076923077
0 0.9435096153846154 0.3605769230769231 0.11298076923076923 0.21634615384615385
0 0.04567307692307693 0.4555288461538462 0.09134615384615385 0.19951923076923078
0 0.38341346153846156 0.5036057692307693 0.3245192307692308 0.09375
0 0.3870192307692308 0.5240384615384616 0.3509615384615385 0.09134615384615385
0 0.44230769230769235 0.5384615384615385 0.2692307692307693 0.07692307692307693
0 0.4495192307692308 0.5576923076923077 0.2884615384615385 0.08653846153846154
0 0.3822115384615385 0.59375 0.25 0.07211538461538462
0 0.4555288461538462 0.625 0.2956730769230769 0.08173076923076923
0 0.43149038461538464 0.6526442307692308 0.24759615384615385 0.07451923076923077
0 0.421875 0.6766826923076923 0.18028846153846154 0.05528846153846154
0 0.4074519230769231 0.701923076923077 0.12740384615384617 0.04326923076923077
0 0.5829326923076923 0.733173076923077 0.3245192307692308 0.08653846153846154
0 0.5901442307692308 0.7572115384615385 0.35336538461538464 0.09615384615384616
0 0.6045673076923077 0.7764423076923077 0.34855769230769235 0.09134615384615385
0 0.6225961538461539 0.796875 0.3509615384615385 0.0889423076923077
0 0.6418269230769231 0.8149038461538461 0.3557692307692308 0.09134615384615385
0 0.6514423076923077 0.8329326923076924 0.34615384615384615 0.09375
0 0.6538461538461539 0.858173076923077 0.2932692307692308 0.08173076923076923
0 0.6310096153846154 0.9086538461538463 0.18509615384615385 0.0625
0 0.6442307692307693 0.8810096153846154 0.2451923076923077 0.07451923076923077
0 0.6225961538461539 0.9326923076923077 0.14423076923076925 0.04807692307692308
