0 0.09975961538461539 0.2620192307692308 0.05528846153846154 0.05288461538461539
0 0.18028846153846154 0.27524038461538464 0.09615384615384616 0.08413461538461539
0 0.4651442307692308 0.037259615384615384 0.05048076923076923 0.07451923076923077
0 0.4483173076923077 0.03365384615384616 0.09375 0.06730769230769232
0 0.5096153846153847 0.04326923076923077 0.08653846153846154 0.08653846153846154
0 0.5012019230769231 0.2620192307692308 0.06971153846153846 0.04326923076923077
0 0.36778846153846156 0.5336538461538461 0.09615384615384616 0.06730769230769232
0 0.5661057692307693 0.5 0.06971153846153846 0.05288461538461539
0 0.608173076923077 0.6418269230769231 0.05288461538461539 0.028846153846153848
0 0.8353365384615385 0.5084134615384616 0.06009615384615385 0.03125
0 0.8353365384615385 0.3125 0.06971153846153846 0.028846153846153848
0 0.9399038461538463 0.9903846153846154 0.05288461538461539 0.019230769230769232
0 0.9014423076923077 0.9783653846153847 0.028846153846153848 0.038461538461538464
