0 0.5216346153846154 0.2872596153846154 0.13942307692307693 0.021634615384615384
0 0.5240384615384616 0.3040865384615385 0.13461538461538464 0.01682692307692308
0 0.5216346153846154 0.3161057692307693 0.13942307692307693 0.01682692307692308
0 0.5216346153846154 0.3341346153846154 0.13461538461538464 0.019230769230769232
0 0.5204326923076923 0.3497596153846154 0.13701923076923078 0.021634615384615384
0 0.47716346153846156 0.36899038461538464 0.040865384615384616 0.01682692307692308
0 0.5516826923076923 0.38461538461538464 0.07451923076923077 0.014423076923076924
0 0.5528846153846154 0.3978365384615385 0.07692307692307693 0.01682692307692308
0 0.5492788461538461 0.41586538461538464 0.06971153846153846 0.019230769230769232
0 0.5504807692307693 0.4326923076923077 0.07211538461538462 0.019230769230769232
0 0.5516826923076923 0.44591346153846156 0.07451923076923077 0.01682692307692308
0 0.5492788461538461 0.46153846153846156 0.06971153846153846 0.019230769230769232
0 0.5480769230769231 0.47716346153846156 0.06730769230769232 0.01682692307692308
0 0.546875 0.49278846153846156 0.07451923076923077 0.014423076923076924
0 0.5492788461538461 0.5108173076923077 0.06971153846153846 0.01682692307692308
0 0.545673076923077 0.5288461538461539 0.06730769230769232 0.019230769230769232
0 0.545673076923077 0.5420673076923077 0.06730769230769232 0.01682692307692308
0 0.7391826923076924 0.545673076923077 0.07451923076923077 0.019230769230769232
0 0.7439903846153847 0.8040865384615385 0.05048076923076923 0.07451923076923077
