0 0.3004807692307693 0.21514423076923078 0.038461538461538464 0.03125
0 0.05528846153846154 0.4759615384615385 0.11057692307692309 0.09134615384615385
0 0.1045673076923077 0.7463942307692308 0.09855769230769232 0.06009615384615385
0 0.2247596153846154 0.6947115384615385 0.03125 0.057692307692307696
0 0.23798076923076925 0.6899038461538461 0.028846153846153848 0.05288461538461539
0 0.2512019230769231 0.6850961538461539 0.03125 0.057692307692307696
0 0.2692307692307693 0.6826923076923077 0.03365384615384616 0.057692307692307696
0 0.28365384615384615 0.6790865384615385 0.03365384615384616 0.05528846153846154
0 0.3004807692307693 0.670673076923077 0.028846153846153848 0.057692307692307696
0 0.3185096153846154 0.6646634615384616 0.021634615384615384 0.06009615384615385
0 0.3353365384615385 0.6742788461538461 0.021634615384615384 0.03125
0 0.12379807692307693 0.9963942307692308 0.08413461538461539 0.007211538461538462
