0 0.609375 0.8125 0.05048076923076923 0.04326923076923077
0 0.359375 0.7283653846153847 0.14182692307692307 0.13942307692307693
0 0.46995192307692313 0.6045673076923077 0.08413461538461539 0.10336538461538462
0 0.3918269230769231 0.46274038461538464 0.11057692307692309 0.10336538461538462
0 0.3509615384615385 0.4362980769230769 0.038461538461538464 0.040865384615384616
0 0.37259615384615385 0.4182692307692308 0.038461538461538464 0.03365384615384616
0 0.3942307692307693 0.4050480769230769 0.03365384615384616 0.03605769230769231
0 0.2716346153846154 0.5492788461538461 0.14423076923076925 0.12740384615384617
0 0.19471153846153846 0.5384615384615385 0.04807692307692308 0.04807692307692308
0 0.21514423076923078 0.5216346153846154 0.04567307692307693 0.04326923076923077
0 0.23677884615384617 0.5048076923076923 0.04567307692307693 0.05288461538461539
0 0.25841346153846156 0.4879807692307693 0.04567307692307693 0.04326923076923077
0 0.27884615384615385 0.47355769230769235 0.05288461538461539 0.038461538461538464
0 0.0625 0.4254807692307693 0.07211538461538462 0.0625
0 0.10096153846153846 0.37980769230769235 0.11057692307692309 0.10576923076923078
0 0.15745192307692307 0.3125 0.10336538461538462 0.10096153846153846
0 0.21634615384615385 0.2512019230769231 0.10576923076923078 0.10817307692307693
0 0.1826923076923077 0.17307692307692307 0.06730769230769232 0.05288461538461539
0 0.16346153846153846 0.19711538461538464 0.057692307692307696 0.05288461538461539
0 0.14423076923076925 0.21634615384615385 0.06730769230769232 0.05288461538461539
0 0.1310096153846154 0.23918269230769232 0.06009615384615385 0.05048076923076923
0 0.10817307692307693 0.25841346153846156 0.057692307692307696 0.05048076923076923
0 0.09254807692307693 0.2800480769230769 0.06971153846153846 0.06009615384615385
0 0.07451923076923077 0.3028846153846154 0.05288461538461539 0.04807692307692308
0 0.06129807692307693 0.3245192307692308 0.06009615384615385 0.04326923076923077
0 0.04567307692307693 0.34375 0.057692307692307696 0.04807692307692308
0 0.025240384615384616 0.36778846153846156 0.05048076923076923 0.04326923076923077
0 0.01682692307692308 0.390625 0.03365384615384616 0.04567307692307693
0 0.03365384615384616 0.12860576923076925 0.06730769230769232 0.18990384615384617
