0 0.4242788461538462 0.05288461538461539 0.12740384615384617 0.10576923076923078
0 0.9651442307692308 0.042067307692307696 0.06971153846153846 0.08413461538461539
0 0.9783653846153847 0.03365384615384616 0.04326923076923077 0.06730769230769232
0 0.6586538461538461 0.1514423076923077 0.3028846153846154 0.3028846153846154
0 0.5805288461538461 0.234375 0.2139423076923077 0.31490384615384615
0 0.46634615384615385 0.3112980769230769 0.23076923076923078 0.3293269230769231
0 0.328125 0.3185096153846154 0.1514423076923077 0.2043269230769231
0 0.4086538461538462 0.3509615384615385 0.22596153846153846 0.3076923076923077
0 0.6201923076923077 0.2139423076923077 0.21634615384615385 0.3076923076923077
0 0.75 0.13341346153846154 0.33653846153846156 0.2668269230769231
