0 0.6959134615384616 0.026442307692307696 0.12259615384615385 0.05288461538461539
0 0.859375 0.16346153846153846 0.12259615384615385 0.12980769230769232
0 0.4879807692307693 0.3040865384615385 0.02403846153846154 0.026442307692307696
0 0.39543269230769235 0.4723557692307693 0.03605769230769231 0.040865384615384616
0 0.4435096153846154 0.5084134615384616 0.03605769230769231 0.040865384615384616
0 0.5084134615384616 0.5540865384615385 0.0889423076923077 0.09855769230769232
0 0.5480769230769231 0.6069711538461539 0.08653846153846154 0.0889423076923077
0 0.11538461538461539 0.05168269230769231 0.04807692307692308 0.03125
0 0.16346153846153846 0.06009615384615385 0.04807692307692308 0.04326923076923077
0 0.20072115384615385 0.08173076923076923 0.04567307692307693 0.04807692307692308
0 0.019230769230769232 0.22115384615384617 0.038461538461538464 0.07211538461538462
0 0.056490384615384616 0.24639423076923078 0.026442307692307696 0.03125
0 0.15625 0.2872596153846154 0.06730769230769232 0.07451923076923077
0 0.1935096153846154 0.3161057692307693 0.03125 0.03605769230769231
