0 0.9459134615384616 0.007211538461538462 0.10817307692307693 0.014423076923076924
0 0.9326923076923077 0.03605769230769231 0.13461538461538464 0.02403846153846154
0 0.9110576923076924 0.06850961538461539 0.1778846153846154 0.026442307692307696
0 0.8954326923076924 0.10336538461538462 0.2091346153846154 0.02403846153846154
0 0.875 0.13341346153846154 0.25 0.021634615384615384
0 0.9735576923076924 0.26802884615384615 0.05288461538461539 0.03125
0 0.9627403846153847 0.29086538461538464 0.07451923076923077 0.02403846153846154
0 0.8557692307692308 0.16346153846153846 0.2884615384615385 0.019230769230769232
0 0.8353365384615385 0.20072115384615385 0.31009615384615385 0.026442307692307696
0 0.8016826923076924 0.23317307692307693 0.2956730769230769 0.028846153846153848
0 0.7716346153846154 0.2668269230769231 0.3028846153846154 0.02403846153846154
0 0.7367788461538461 0.2956730769230769 0.30528846153846156 0.02403846153846154
0 0.701923076923077 0.3293269230769231 0.3028846153846154 0.02403846153846154
0 0.6694711538461539 0.3617788461538462 0.3004807692307693 0.026442307692307696
0 0.6346153846153847 0.3966346153846154 0.3028846153846154 0.02403846153846154
0 0.9651442307692308 0.3197115384615385 0.06971153846153846 0.02403846153846154
0 0.9338942307692308 0.3425480769230769 0.13221153846153846 0.026442307692307696
0 0.9242788461538463 0.36778846153846156 0.1514423076923077 0.02403846153846154
0 0.905048076923077 0.390625 0.18990384615384617 0.026442307692307696
0 0.890625 0.4170673076923077 0.21875 0.026442307692307696
0 0.9266826923076924 0.8701923076923077 0.1466346153846154 0.25961538461538464
0 0.8846153846153847 0.44230769230769235 0.23076923076923078 0.028846153846153848
0 0.8641826923076924 0.46634615384615385 0.2716346153846154 0.028846153846153848
0 0.8545673076923077 0.4915865384615385 0.29086538461538464 0.026442307692307696
0 0.8449519230769231 0.515625 0.31009615384615385 0.026442307692307696
0 0.8233173076923077 0.5420673076923077 0.3293269230769231 0.026442307692307696
0 0.7992788461538461 0.5649038461538461 0.3197115384615385 0.03365384615384616
0 0.7668269230769231 0.592548076923077 0.3125 0.03125
0 0.7427884615384616 0.6165865384615385 0.3269230769230769 0.03125
0 0.7199519230769231 0.6442307692307693 0.3293269230769231 0.028846153846153848
0 0.686298076923077 0.6658653846153847 0.3245192307692308 0.02403846153846154
0 0.6634615384615385 0.6923076923076923 0.3317307692307693 0.028846153846153848
0 0.640625 0.717548076923077 0.3293269230769231 0.026442307692307696
0 0.6057692307692308 0.7415865384615385 0.3269230769230769 0.026442307692307696
0 0.5901442307692308 0.7680288461538461 0.3245192307692308 0.026442307692307696
0 0.5709134615384616 0.7896634615384616 0.31490384615384615 0.026442307692307696
0 0.5528846153846154 0.8149038461538461 0.28365384615384615 0.028846153846153848
0 0.5444711538461539 0.8401442307692308 0.2572115384615385 0.021634615384615384
0 0.5552884615384616 0.8689903846153847 0.19230769230769232 0.026442307692307696
0 0.545673076923077 0.890625 0.13942307692307693 0.01682692307692308
0 0.5420673076923077 0.9182692307692308 0.09855769230769232 0.019230769230769232
0 0.546875 0.9447115384615385 0.06009615384615385 0.019230769230769232
0 0.5985576923076923 0.42668269230769235 0.2980769230769231 0.026442307692307696
0 0.561298076923077 0.4603365384615385 0.3004807692307693 0.026442307692307696
0 0.53125 0.49278846153846156 0.3125 0.02403846153846154
0 0.49399038461538464 0.5264423076923077 0.30528846153846156 0.02403846153846154
0 0.46634615384615385 0.5588942307692308 0.3028846153846154 0.026442307692307696
0 0.4278846153846154 0.592548076923077 0.3028846153846154 0.026442307692307696
0 0.4026442307692308 0.6274038461538461 0.3004807692307693 0.02403846153846154
0 0.38341346153846156 0.6586538461538461 0.2620192307692308 0.02403846153846154
0 0.375 0.6899038461538461 0.20673076923076925 0.028846153846153848
0 0.3774038461538462 0.7223557692307693 0.13942307692307693 0.021634615384615384
0 0.3774038461538462 0.7560096153846154 0.07692307692307693 0.021634615384615384
0 0.03485576923076923 0.9074519230769231 0.06971153846153846 0.17067307692307693
