0 0.03245192307692308 0.125 0.06490384615384616 0.07692307692307693
0 0.03605769230769231 0.561298076923077 0.07211538461538462 0.1466346153846154
0 0.09014423076923077 0.49759615384615385 0.07451923076923077 0.05288461538461539
0 0.10336538461538462 0.5685096153846154 0.09134615384615385 0.09855769230769232
0 0.20072115384615385 0.5228365384615384 0.10336538461538462 0.14182692307692307
0 0.24759615384615385 0.6454326923076923 0.057692307692307696 0.040865384615384616
0 0.4086538461538462 0.623798076923077 0.03365384615384616 0.026442307692307696
0 0.41586538461538464 0.6454326923076923 0.03365384615384616 0.026442307692307696
0 0.4206730769230769 0.670673076923077 0.03365384615384616 0.02403846153846154
0 0.4290865384615385 0.6983173076923077 0.03125 0.03125
