0 0.15865384615384617 0.16346153846153846 0.08173076923076923 0.09134615384615385
0 0.38341346153846156 0.06730769230769232 0.05048076923076923 0.038461538461538464
0 0.4555288461538462 0.125 0.0889423076923077 0.07692307692307693
0 0.1358173076923077 0.35697115384615385 0.06009615384615385 0.05048076923076923
0 0.8317307692307693 0.38822115384615385 0.038461538461538464 0.040865384615384616
0 0.8401442307692308 0.5348557692307693 0.08413461538461539 0.07932692307692309
0 0.7908653846153847 0.44591346153846156 0.05288461538461539 0.06009615384615385
0 0.7235576923076924 0.41586538461538464 0.11538461538461539 0.1201923076923077
1 0.748798076923077 0.9266826923076924 0.04567307692307693 0.04567307692307693
0 0.43870192307692313 0.6766826923076923 0.06971153846153846 0.10336538461538462
0 0.09735576923076923 0.4278846153846154 0.026442307692307696 0.04326923076923077
0 0.0625 0.43509615384615385 0.02403846153846154 0.028846153846153848
