0 0.03485576923076923 0.2932692307692308 0.06971153846153846 0.21634615384615385
0 0.07211538461538462 0.2043269230769231 0.14423076923076925 0.1875
0 0.09975961538461539 0.4254807692307693 0.19951923076923078 0.2451923076923077
0 0.17067307692307693 0.3389423076923077 0.20673076923076925 0.21153846153846156
0 0.27524038461538464 0.4495192307692308 0.16105769230769232 0.16346153846153846
0 0.20192307692307693 0.5528846153846154 0.22115384615384617 0.21634615384615385
0 0.5216346153846154 0.9290865384615385 0.125 0.10336538461538462
0 0.5973557692307693 0.8713942307692308 0.09855769230769232 0.11778846153846155
0 0.5396634615384616 0.9783653846153847 0.12740384615384617 0.04326923076923077
1 0.608173076923077 0.9627403846153847 0.057692307692307696 0.05048076923076923
0 0.3701923076923077 0.6923076923076923 0.15865384615384617 0.15865384615384617
0 0.5252403846153847 0.6947115384615385 0.15625 0.15384615384615385
