0 0.2824519230769231 0.5961538461538461 0.13221153846153846 0.1201923076923077
0 0.3269230769230769 0.6526442307692308 0.04807692307692308 0.05048076923076923
0 0.453125 0.5360576923076923 0.05528846153846154 0.05288461538461539
0 0.49278846153846156 0.5661057692307693 0.0625 0.06009615384615385
0 0.5384615384615385 0.6021634615384616 0.0625 0.06009615384615385
0 0.5865384615384616 0.6370192307692308 0.06730769230769232 0.057692307692307696
0 0.5132211538461539 0.6430288461538461 0.06009615384615385 0.05048076923076923
0 0.5540865384615385 0.6754807692307693 0.040865384615384616 0.038461538461538464
0 0.4555288461538462 0.6730769230769231 0.03605769230769231 0.038461538461538464
0 0.43028846153846156 0.7007211538461539 0.04326923076923077 0.040865384615384616
0 0.49759615384615385 0.7007211538461539 0.05288461538461539 0.05048076923076923
0 0.4675480769230769 0.7355769230769231 0.05048076923076923 0.04326923076923077
0 0.84375 0.8713942307692308 0.05288461538461539 0.05048076923076923
0 0.8100961538461539 0.9134615384615385 0.05288461538461539 0.05288461538461539
0 0.7920673076923077 0.936298076923077 0.040865384615384616 0.040865384615384616
0 0.7776442307692308 0.9867788461538463 0.07451923076923077 0.026442307692307696
0 0.9170673076923077 0.8834134615384616 0.06971153846153846 0.06490384615384616
0 0.9639423076923077 0.9266826923076924 0.038461538461538464 0.03605769230769231
0 0.9447115384615385 0.9507211538461539 0.05288461538461539 0.05048076923076923
0 0.8942307692307693 0.9170673076923077 0.08173076923076923 0.07451923076923077
0 0.8677884615384616 0.9543269230769231 0.08173076923076923 0.06730769230769232
0 0.8413461538461539 0.9759615384615385 0.06730769230769232 0.04807692307692308
0 0.9254807692307693 0.9819711538461539 0.07211538461538462 0.03605769230769231
0 0.359375 0.6165865384615385 0.04567307692307693 0.040865384615384616
