0 0.0625 0.06610576923076923 0.125 0.07932692307692309
0 0.22596153846153846 0.004807692307692308 0.14423076923076925 0.009615384615384616
0 0.5120192307692308 0.2920673076923077 0.0625 0.06009615384615385
0 0.6057692307692308 0.2728365384615385 0.13461538461538464 0.08413461538461539
0 0.8365384615384616 0.17067307692307693 0.028846153846153848 0.02403846153846154
0 0.9879807692307693 0.3737980769230769 0.02403846153846154 0.05528846153846154
0 0.639423076923077 0.4591346153846154 0.06730769230769232 0.13461538461538464
0 0.59375 0.46995192307692313 0.07211538461538462 0.13701923076923078
0 0.3665865384615385 0.5348557692307693 0.06490384615384616 0.03125
0 0.375 0.35336538461538464 0.11057692307692309 0.04807692307692308
0 0.26802884615384615 0.3581730769230769 0.0889423076923077 0.057692307692307696
0 0.1826923076923077 0.5721153846153847 0.028846153846153848 0.038461538461538464
0 0.14302884615384617 0.5528846153846154 0.040865384615384616 0.08653846153846154
