0 0.514423076923077 0.07572115384615385 0.08653846153846154 0.05528846153846154
0 0.9242788461538463 0.05288461538461539 0.04567307692307693 0.057692307692307696
0 0.4206730769230769 0.15024038461538464 0.0625 0.06009615384615385
0 0.43509615384615385 0.2043269230769231 0.06730769230769232 0.08173076923076923
0 0.453125 0.2764423076923077 0.07451923076923077 0.07692307692307693
0 0.4759615384615385 0.3401442307692308 0.06730769230769232 0.07932692307692309
0 0.4915865384615385 0.4134615384615385 0.06490384615384616 0.07692307692307693
0 0.5060096153846154 0.4807692307692308 0.06971153846153846 0.07211538461538462
0 0.5276442307692308 0.5480769230769231 0.06971153846153846 0.08173076923076923
0 0.4591346153846154 0.5673076923076923 0.09615384615384616 0.09134615384615385
0 0.4362980769230769 0.5036057692307693 0.09855769230769232 0.0889423076923077
0 0.4182692307692308 0.4326923076923077 0.09615384615384616 0.09134615384615385
0 0.40625 0.359375 0.09134615384615385 0.07932692307692309
0 0.3978365384615385 0.2980769230769231 0.07932692307692309 0.08653846153846154
0 0.3774038461538462 0.22596153846153846 0.06730769230769232 0.08173076923076923
0 0.38341346153846156 0.16826923076923078 0.026442307692307696 0.04326923076923077
0 0.9699519230769231 0.007211538461538462 0.03605769230769231 0.014423076923076924
