0 0.002403846153846154 0.17908653846153846 0.004807692307692308 0.05048076923076923
0 0.10697115384615385 0.0625 0.05528846153846154 0.05288461538461539
0 0.1466346153846154 0.09254807692307693 0.0625 0.06009615384615385
0 0.19230769230769232 0.12860576923076925 0.0625 0.06009615384615385
0 0.2403846153846154 0.16346153846153846 0.06730769230769232 0.057692307692307696
0 0.1670673076923077 0.16947115384615385 0.06009615384615385 0.05048076923076923
0 0.20793269230769232 0.20192307692307693 0.040865384615384616 0.038461538461538464
0 0.109375 0.19951923076923078 0.03605769230769231 0.038461538461538464
0 0.08413461538461539 0.22716346153846156 0.04326923076923077 0.040865384615384616
0 0.1514423076923077 0.22716346153846156 0.05288461538461539 0.05048076923076923
0 0.12139423076923078 0.2620192307692308 0.05048076923076923 0.04326923076923077
0 0.49759615384615385 0.3978365384615385 0.05288461538461539 0.05048076923076923
0 0.4639423076923077 0.4399038461538462 0.05288461538461539 0.05288461538461539
0 0.44591346153846156 0.46274038461538464 0.040865384615384616 0.040865384615384616
0 0.43149038461538464 0.530048076923077 0.07451923076923077 0.06009615384615385
0 0.4014423076923077 0.5661057692307693 0.057692307692307696 0.06490384615384616
0 0.45432692307692313 0.6105769230769231 0.08653846153846154 0.07692307692307693
0 0.5036057692307693 0.5913461538461539 0.06490384615384616 0.05288461538461539
0 0.5709134615384616 0.4098557692307693 0.06971153846153846 0.06490384615384616
0 0.6177884615384616 0.453125 0.038461538461538464 0.03605769230769231
0 0.5985576923076923 0.47716346153846156 0.05288461538461539 0.05048076923076923
0 0.5480769230769231 0.4435096153846154 0.08173076923076923 0.07451923076923077
0 0.5216346153846154 0.4807692307692308 0.08173076923076923 0.06730769230769232
0 0.4951923076923077 0.5084134615384616 0.06730769230769232 0.06009615384615385
0 0.5793269230769231 0.5252403846153847 0.07211538461538462 0.06971153846153846
0 0.5588942307692308 0.5552884615384616 0.06971153846153846 0.05288461538461539
0 0.640625 0.5721153846153847 0.07451923076923077 0.07211538461538462
0 0.6141826923076923 0.5997596153846154 0.06971153846153846 0.06009615384615385
0 0.7115384615384616 0.5216346153846154 0.03365384615384616 0.03365384615384616
0 0.7307692307692308 0.5853365384615385 0.07211538461538462 0.07451923076923077
0 0.7548076923076924 0.5588942307692308 0.06730769230769232 0.05528846153846154
0 0.8016826923076924 0.592548076923077 0.040865384615384616 0.040865384615384616
0 0.780048076923077 0.6213942307692308 0.05528846153846154 0.05048076923076923
0 0.748798076923077 0.6538461538461539 0.05528846153846154 0.04807692307692308
0 0.7007211538461539 0.625 0.07451923076923077 0.06730769230769232
0 0.7259615384615385 0.6875 0.04807692307692308 0.038461538461538464
0 0.6754807692307693 0.6514423076923077 0.07211538461538462 0.0625
0 0.7103365384615385 0.7463942307692308 0.04567307692307693 0.05048076923076923
0 0.6682692307692308 0.7920673076923077 0.05288461538461539 0.06490384615384616
0 0.2848557692307693 0.889423076923077 0.03125 0.02403846153846154
0 0.018028846153846156 0.14302884615384617 0.03605769230769231 0.040865384615384616
