0 0.43028846153846156 0.0889423076923077 0.10576923076923078 0.11057692307692309
0 0.2884615384615385 0.6778846153846154 0.06730769230769232 0.0625
0 0.3581730769230769 0.6887019230769231 0.05288461538461539 0.05528846153846154
0 0.5 0.31730769230769235 0.038461538461538464 0.038461538461538464
0 0.7319711538461539 0.48918269230769235 0.03605769230769231 0.03125
0 0.7896634615384616 0.5288461538461539 0.03125 0.028846153846153848
0 0.9194711538461539 0.390625 0.03125 0.03605769230769231
0 0.983173076923077 0.6502403846153847 0.028846153846153848 0.03605769230769231
0 0.75 0.06129807692307693 0.04326923076923077 0.04567307692307693
0 0.3870192307692308 0.967548076923077 0.08173076923076923 0.06490384615384616
0 0.33653846153846156 0.9735576923076924 0.13942307692307693 0.05288461538461539
0 0.14783653846153846 0.8569711538461539 0.0889423076923077 0.06490384615384616
