0 0.3161057692307693 0.48557692307692313 0.03605769230769231 0.02403846153846154
0 0.3317307692307693 0.5048076923076923 0.05288461538461539 0.028846153846153848
0 0.35216346153846156 0.5216346153846154 0.0889423076923077 0.03365384615384616
0 0.36418269230769235 0.5396634615384616 0.11298076923076923 0.040865384615384616
0 0.36899038461538464 0.5600961538461539 0.10817307692307693 0.038461538461538464
0 0.3713942307692308 0.578125 0.11298076923076923 0.03605769230769231
0 0.37259615384615385 0.5961538461538461 0.11057692307692309 0.03365384615384616
0 0.3762019230769231 0.6165865384615385 0.10817307692307693 0.03605769230769231
0 0.3822115384615385 0.6358173076923077 0.11538461538461539 0.03605769230769231
0 0.38341346153846156 0.6526442307692308 0.10817307692307693 0.03605769230769231
0 0.3858173076923077 0.671875 0.10336538461538462 0.03605769230769231
0 0.390625 0.6923076923076923 0.11298076923076923 0.03365384615384616
0 0.3942307692307693 0.7139423076923077 0.11057692307692309 0.03365384615384616
0 0.4014423076923077 0.7572115384615385 0.11057692307692309 0.03365384615384616
0 0.4074519230769231 0.7980769230769231 0.10336538461538462 0.038461538461538464
0 0.40024038461538464 0.8401442307692308 0.06971153846153846 0.03125
