0 0.28365384615384615 0.43149038461538464 0.13942307692307693 0.021634615384615384
0 0.28605769230769235 0.4483173076923077 0.13461538461538464 0.01682692307692308
0 0.28365384615384615 0.4603365384615385 0.13942307692307693 0.01682692307692308
0 0.28365384615384615 0.47836538461538464 0.13461538461538464 0.019230769230769232
0 0.2824519230769231 0.49399038461538464 0.13701923076923078 0.021634615384615384
0 0.23918269230769232 0.5132211538461539 0.040865384615384616 0.01682692307692308
0 0.3137019230769231 0.5288461538461539 0.07451923076923077 0.014423076923076924
0 0.31490384615384615 0.5420673076923077 0.07692307692307693 0.01682692307692308
0 0.3112980769230769 0.5600961538461539 0.06971153846153846 0.019230769230769232
0 0.3125 0.576923076923077 0.07211538461538462 0.019230769230769232
0 0.3137019230769231 0.5901442307692308 0.07451923076923077 0.01682692307692308
0 0.3112980769230769 0.6057692307692308 0.06971153846153846 0.019230769230769232
0 0.31009615384615385 0.6213942307692308 0.06730769230769232 0.01682692307692308
0 0.3088942307692308 0.6370192307692308 0.07451923076923077 0.014423076923076924
0 0.3112980769230769 0.655048076923077 0.06971153846153846 0.01682692307692308
0 0.3076923076923077 0.6730769230769231 0.06730769230769232 0.019230769230769232
0 0.3076923076923077 0.686298076923077 0.06730769230769232 0.01682692307692308
0 0.5012019230769231 0.6899038461538461 0.07451923076923077 0.019230769230769232
0 0.5060096153846154 0.9483173076923077 0.05048076923076923 0.07451923076923077
0 0.9939903846153847 0.65625 0.01201923076923077 0.038461538461538464
