0 0.140625 0.019230769230769232 0.040865384615384616 0.038461538461538464
0 0.03966346153846154 0.25480769230769235 0.03605769230769231 0.028846153846153848
0 0.10817307692307693 0.670673076923077 0.04326923076923077 0.05288461538461539
0 0.09254807692307693 0.7548076923076924 0.05528846153846154 0.07211538461538462
0 0.13822115384615385 0.7704326923076924 0.05048076923076923 0.06490384615384616
0 0.3137019230769231 0.6923076923076923 0.040865384615384616 0.04807692307692308
0 0.27043269230769235 0.7103365384615385 0.04567307692307693 0.10336538461538462
0 0.5829326923076923 0.8377403846153847 0.0889423076923077 0.11298076923076923
0 0.5420673076923077 0.8161057692307693 0.08413461538461539 0.10336538461538462
0 0.984375 0.1826923076923077 0.03125 0.08653846153846154
0 0.33293269230769235 0.296875 0.021634615384615384 0.03605769230769231
