0 0.06610576923076923 0.11658653846153846 0.13221153846153846 0.23317307692307693
0 0.1622596153846154 0.3545673076923077 0.07932692307692309 0.06490384615384616
0 0.2139423076923077 0.3894230769230769 0.08173076923076923 0.057692307692307696
0 0.2728365384615385 0.4338942307692308 0.07451923076923077 0.08413461538461539
0 0.3197115384615385 0.46875 0.09134615384615385 0.09615384615384616
0 0.3774038461538462 0.5 0.09134615384615385 0.09615384615384616
0 0.43149038461538464 0.5252403846153847 0.07932692307692309 0.07932692307692309
0 0.11057692307692309 0.5661057692307693 0.08653846153846154 0.06490384615384616
0 0.4206730769230769 0.6117788461538461 0.05288461538461539 0.06490384615384616
0 0.3665865384615385 0.6802884615384616 0.09855769230769232 0.11538461538461539
0 0.2920673076923077 0.764423076923077 0.11778846153846155 0.125
0 0.48557692307692313 0.7944711538461539 0.14903846153846154 0.12740384615384617
0 0.9230769230769231 0.7043269230769231 0.125 0.11057692307692309
