0 0.13341346153846154 0.3978365384615385 0.03125 0.05048076923076923
0 0.28966346153846156 0.6742788461538461 0.06490384615384616 0.03605769230769231
0 0.33774038461538464 0.5901442307692308 0.03125 0.05528846153846154
0 0.36899038461538464 0.5961538461538461 0.03125 0.05288461538461539
0 0.3870192307692308 0.5264423076923077 0.10576923076923078 0.07211538461538462
0 0.5673076923076923 0.7872596153846154 0.038461538461538464 0.05048076923076923
0 0.6165865384615385 0.7884615384615385 0.05048076923076923 0.04326923076923077
0 0.623798076923077 0.9747596153846154 0.10817307692307693 0.05048076923076923
0 0.4290865384615385 0.9807692307692308 0.05048076923076923 0.038461538461538464
0 0.35697115384615385 0.9759615384615385 0.03605769230769231 0.04807692307692308
0 0.1466346153846154 0.9795673076923077 0.1201923076923077 0.040865384615384616
