0 0.2872596153846154 0.18990384615384617 0.12740384615384617 0.14903846153846154
0 0.6586538461538461 0.022836538461538464 0.125 0.04567307692307693
0 0.889423076923077 0.01682692307692308 0.07692307692307693 0.03365384615384616
0 0.8665865384615385 0.02403846153846154 0.07451923076923077 0.04807692307692308
0 0.7944711538461539 0.04567307692307693 0.07451923076923077 0.09134615384615385
0 0.7704326923076924 0.06129807692307693 0.08413461538461539 0.09855769230769232
0 0.842548076923077 0.1778846153846154 0.09855769230769232 0.12980769230769232
0 0.873798076923077 0.15865384615384617 0.10817307692307693 0.13461538461538464
0 0.9302884615384616 0.12139423076923078 0.11057692307692309 0.13221153846153846
0 0.9555288461538463 0.09735576923076923 0.0889423076923077 0.12740384615384617
0 0.983173076923077 0.06490384615384616 0.03365384615384616 0.12980769230769232
0 0.9939903846153847 0.1983173076923077 0.01201923076923077 0.0889423076923077
0 0.9783653846153847 0.21875 0.04326923076923077 0.09615384615384616
0 0.9375 0.2560096153846154 0.07692307692307693 0.09375
0 0.90625 0.2776442307692308 0.07692307692307693 0.0889423076923077
0 0.9651442307692308 0.9891826923076924 0.05528846153846154 0.021634615384615384
0 0.5216346153846154 0.25 0.3028846153846154 0.42307692307692313
0 0.4435096153846154 0.3930288461538462 0.2139423076923077 0.31490384615384615
0 0.3293269230769231 0.46995192307692313 0.23076923076923078 0.3293269230769231
0 0.19110576923076925 0.47716346153846156 0.1514423076923077 0.2043269230769231
0 0.2716346153846154 0.5096153846153847 0.22596153846153846 0.3076923076923077
0 0.4831730769230769 0.37259615384615385 0.21634615384615385 0.3076923076923077
0 0.6129807692307693 0.21274038461538464 0.33653846153846156 0.4254807692307693
