0 0.14783653846153846 0.7896634615384616 0.040865384615384616 0.03125
0 0.23076923076923078 0.8221153846153847 0.028846153846153848 0.02403846153846154
0 0.22115384615384617 0.8497596153846154 0.028846153846153848 0.026442307692307696
0 0.3653846153846154 0.375 0.09615384615384616 0.08173076923076923
0 0.41466346153846156 0.4519230769230769 0.08413461538461539 0.07692307692307693
0 0.5961538461538461 0.5 0.057692307692307696 0.05288461538461539
0 0.5492788461538461 0.4759615384615385 0.05048076923076923 0.04807692307692308
0 0.6021634615384616 0.5444711538461539 0.05528846153846154 0.05528846153846154
0 0.9795673076923077 0.6454326923076923 0.040865384615384616 0.06490384615384616
0 0.8858173076923077 0.8173076923076924 0.13701923076923078 0.057692307692307696
