0 0.96875 0.1875 0.0625 0.07692307692307693
0 0.8365384615384616 0.1622596153846154 0.1778846153846154 0.16586538461538464
0 0.5709134615384616 0.2728365384615385 0.24278846153846156 0.23317307692307693
0 0.4495192307692308 0.25961538461538464 0.11538461538461539 0.11057692307692309
0 0.514423076923077 0.2043269230769231 0.1201923076923077 0.11057692307692309
0 0.5805288461538461 0.14903846153846154 0.11778846153846155 0.11057692307692309
0 0.6911057692307693 0.4447115384615385 0.11778846153846155 0.1201923076923077
0 0.5072115384615384 0.4483173076923077 0.07692307692307693 0.07932692307692309
0 0.4591346153846154 0.49759615384615385 0.07692307692307693 0.08173076923076923
0 0.4014423076923077 0.5444711538461539 0.08653846153846154 0.07932692307692309
0 0.34615384615384615 0.592548076923077 0.08653846153846154 0.07932692307692309
0 0.655048076923077 0.4050480769230769 0.12740384615384617 0.11778846153846155
