0 0.09375 0.04447115384615385 0.1875 0.0889423076923077
0 0.022836538461538464 0.7355769230769231 0.04567307692307693 0.08653846153846154
0 0.07451923076923077 0.984375 0.05288461538461539 0.03125
0 0.3966346153846154 0.35697115384615385 0.125 0.10336538461538462
0 0.4723557692307693 0.29927884615384615 0.09855769230769232 0.11778846153846155
0 0.41466346153846156 0.4362980769230769 0.12740384615384617 0.10336538461538462
1 0.4831730769230769 0.390625 0.057692307692307696 0.05048076923076923
0 0.5709134615384616 0.48197115384615385 0.03125 0.040865384615384616
0 0.4519230769230769 0.4879807692307693 0.15384615384615385 0.12980769230769232
0 0.4747596153846154 0.576923076923077 0.19951923076923078 0.21634615384615385
0 0.3918269230769231 0.5973557692307693 0.06730769230769232 0.06490384615384616
0 0.6177884615384616 0.5504807692307693 0.09134615384615385 0.125
1 0.5745192307692308 0.6310096153846154 0.11538461538461539 0.11298076923076923
0 0.7271634615384616 0.90625 0.23798076923076925 0.1875
0 0.9723557692307693 0.9795673076923077 0.05528846153846154 0.040865384615384616
0 0.2451923076923077 0.1201923076923077 0.15865384615384617 0.15865384615384617
0 0.40024038461538464 0.12259615384615385 0.15625 0.15384615384615385
