0 0.9122596153846154 0.48197115384615385 0.17548076923076925 0.16586538461538464
0 0.6478365384615385 0.592548076923077 0.24278846153846156 0.23317307692307693
0 0.5264423076923077 0.5793269230769231 0.11538461538461539 0.11057692307692309
0 0.5913461538461539 0.5240384615384616 0.1201923076923077 0.11057692307692309
0 0.6574519230769231 0.46875 0.11778846153846155 0.11057692307692309
0 0.7680288461538461 0.764423076923077 0.11778846153846155 0.1201923076923077
0 0.5841346153846154 0.7680288461538461 0.07692307692307693 0.07932692307692309
0 0.5360576923076923 0.8173076923076924 0.07692307692307693 0.08173076923076923
0 0.47836538461538464 0.8641826923076924 0.08653846153846154 0.07932692307692309
0 0.42307692307692313 0.9122596153846154 0.08653846153846154 0.07932692307692309
0 0.7319711538461539 0.7247596153846154 0.12740384615384617 0.11778846153846155
