0 0.8918269230769231 0.5336538461538461 0.04807692307692308 0.04326923076923077
0 0.8629807692307693 0.15264423076923078 0.038461538461538464 0.01682692307692308
0 0.5420673076923077 0.5240384615384616 0.03605769230769231 0.014423076923076924
0 0.670673076923077 0.16105769230769232 0.038461538461538464 0.057692307692307696
0 0.6045673076923077 0.15264423076923078 0.040865384615384616 0.05048076923076923
0 0.44230769230769235 0.06730769230769232 0.05288461538461539 0.04807692307692308
0 0.4254807692307693 0.13221153846153846 0.04807692307692308 0.06730769230769232
0 0.4278846153846154 0.18990384615384617 0.038461538461538464 0.057692307692307696
0 0.4098557692307693 0.3389423076923077 0.03125 0.019230769230769232
0 0.3389423076923077 0.3293269230769231 0.07692307692307693 0.038461538461538464
