0 0.08293269230769232 0.018028846153846156 0.16586538461538464 0.03605769230769231
0 0.22836538461538464 0.14783653846153846 0.19230769230769232 0.19471153846153846
0 0.13822115384615385 0.23076923076923078 0.18990384615384617 0.19711538461538464
0 0.06730769230769232 0.3125 0.13461538461538464 0.19230769230769232
0 0.3786057692307693 0.3088942307692308 0.07451923076923077 0.03125
0 0.37259615384615385 0.33653846153846156 0.10576923076923078 0.04326923076923077
0 0.3665865384615385 0.359375 0.1514423076923077 0.05528846153846154
0 0.35336538461538464 0.3870192307692308 0.21153846153846156 0.0625
0 0.34615384615384615 0.4122596153846154 0.2644230769230769 0.07451923076923077
0 0.9170673076923077 0.2980769230769231 0.16586538461538464 0.21634615384615385
0 0.019230769230769232 0.3930288461538462 0.038461538461538464 0.19951923076923078
0 0.33052884615384615 0.4411057692307693 0.3245192307692308 0.09375
0 0.3341346153846154 0.46153846153846156 0.3509615384615385 0.09134615384615385
0 0.3894230769230769 0.4759615384615385 0.2692307692307693 0.07692307692307693
0 0.3966346153846154 0.4951923076923077 0.2884615384615385 0.08653846153846154
0 0.3293269230769231 0.53125 0.25 0.07211538461538462
0 0.4026442307692308 0.5625 0.2956730769230769 0.08173076923076923
0 0.3786057692307693 0.5901442307692308 0.24759615384615385 0.07451923076923077
0 0.36899038461538464 0.6141826923076923 0.18028846153846154 0.05528846153846154
0 0.3545673076923077 0.639423076923077 0.12740384615384617 0.04326923076923077
0 0.530048076923077 0.670673076923077 0.3245192307692308 0.08653846153846154
0 0.5372596153846154 0.6947115384615385 0.35336538461538464 0.09615384615384616
0 0.5516826923076923 0.7139423076923077 0.34855769230769235 0.09134615384615385
0 0.5697115384615385 0.734375 0.3509615384615385 0.0889423076923077
0 0.5889423076923077 0.7524038461538461 0.3557692307692308 0.09134615384615385
0 0.5985576923076923 0.7704326923076924 0.34615384615384615 0.09375
0 0.6009615384615385 0.795673076923077 0.2932692307692308 0.08173076923076923
0 0.578125 0.8461538461538463 0.18509615384615385 0.0625
0 0.5913461538461539 0.8185096153846154 0.2451923076923077 0.07451923076923077
0 0.5697115384615385 0.8701923076923077 0.14423076923076925 0.04807692307692308
