0 0.0733173076923077 0.23076923076923078 0.13221153846153846 0.1201923076923077
0 0.11778846153846155 0.2872596153846154 0.04807692307692308 0.05048076923076923
0 0.24399038461538464 0.17067307692307693 0.05528846153846154 0.05288461538461539
0 0.28365384615384615 0.20072115384615385 0.0625 0.06009615384615385
0 0.3293269230769231 0.23677884615384617 0.0625 0.06009615384615385
0 0.3774038461538462 0.2716346153846154 0.06730769230769232 0.057692307692307696
0 0.3040865384615385 0.2776442307692308 0.06009615384615385 0.05048076923076923
0 0.3449519230769231 0.31009615384615385 0.040865384615384616 0.038461538461538464
0 0.24639423076923078 0.3076923076923077 0.03605769230769231 0.038461538461538464
0 0.22115384615384617 0.3353365384615385 0.04326923076923077 0.040865384615384616
0 0.2884615384615385 0.3353365384615385 0.05288461538461539 0.05048076923076923
0 0.25841346153846156 0.3701923076923077 0.05048076923076923 0.04326923076923077
0 0.6346153846153847 0.5060096153846154 0.05288461538461539 0.05048076923076923
0 0.6009615384615385 0.5480769230769231 0.05288461538461539 0.05288461538461539
0 0.5829326923076923 0.5709134615384616 0.040865384615384616 0.040865384615384616
0 0.5685096153846154 0.6382211538461539 0.07451923076923077 0.06009615384615385
0 0.5384615384615385 0.6742788461538461 0.057692307692307696 0.06490384615384616
0 0.5913461538461539 0.71875 0.08653846153846154 0.07692307692307693
0 0.640625 0.6995192307692308 0.06490384615384616 0.05288461538461539
0 0.7079326923076924 0.5180288461538461 0.06971153846153846 0.06490384615384616
0 0.7548076923076924 0.561298076923077 0.038461538461538464 0.03605769230769231
0 0.7355769230769231 0.5853365384615385 0.05288461538461539 0.05048076923076923
0 0.6850961538461539 0.5516826923076923 0.08173076923076923 0.07451923076923077
0 0.6586538461538461 0.5889423076923077 0.08173076923076923 0.06730769230769232
0 0.6322115384615385 0.6165865384615385 0.06730769230769232 0.06009615384615385
0 0.7163461538461539 0.6334134615384616 0.07211538461538462 0.06971153846153846
0 0.6959134615384616 0.6634615384615385 0.06971153846153846 0.05288461538461539
0 0.7776442307692308 0.6802884615384616 0.07451923076923077 0.07211538461538462
0 0.7512019230769231 0.7079326923076924 0.06971153846153846 0.06009615384615385
0 0.8485576923076924 0.6298076923076923 0.03365384615384616 0.03365384615384616
0 0.8677884615384616 0.6935096153846154 0.07211538461538462 0.07451923076923077
0 0.8918269230769231 0.6670673076923077 0.06730769230769232 0.05528846153846154
0 0.9387019230769231 0.7007211538461539 0.040865384615384616 0.040865384615384616
0 0.9170673076923077 0.7295673076923077 0.05528846153846154 0.05048076923076923
0 0.8858173076923077 0.7620192307692308 0.05528846153846154 0.04807692307692308
0 0.8377403846153847 0.733173076923077 0.07451923076923077 0.06730769230769232
0 0.8629807692307693 0.795673076923077 0.04807692307692308 0.038461538461538464
0 0.8125 0.7596153846153847 0.07211538461538462 0.0625
0 0.8473557692307693 0.8545673076923077 0.04567307692307693 0.05048076923076923
0 0.8052884615384616 0.9002403846153847 0.05288461538461539 0.06490384615384616
0 0.421875 0.9927884615384616 0.03125 0.014423076923076924
0 0.15024038461538464 0.2512019230769231 0.04567307692307693 0.040865384615384616
