0 0.6286057692307693 0.04927884615384616 0.06971153846153846 0.06971153846153846
0 0.16346153846153846 0.00841346153846154 0.09615384615384616 0.01682692307692308
0 0.4375 0.3425480769230769 0.04326923076923077 0.03605769230769231
0 0.07091346153846154 0.8088942307692308 0.03605769230769231 0.03125
0 0.12860576923076925 0.8485576923076924 0.03125 0.028846153846153848
0 0.25841346153846156 0.7103365384615385 0.03125 0.03605769230769231
0 0.32211538461538464 0.9699519230769231 0.028846153846153848 0.03605769230769231
0 0.0889423076923077 0.3810096153846154 0.04326923076923077 0.04567307692307693
0 0.5348557692307693 0.6021634615384616 0.03605769230769231 0.03605769230769231
0 0.5829326923076923 0.6430288461538461 0.040865384615384616 0.03605769230769231
0 0.4879807692307693 0.8365384615384616 0.10096153846153846 0.05288461538461539
0 0.9423076923076924 0.49759615384615385 0.038461538461538464 0.057692307692307696
0 0.9615384615384616 0.5829326923076923 0.07692307692307693 0.11298076923076923
