0 0.45793269230769235 0.6322115384615385 0.03605769230769231 0.02403846153846154
0 0.47355769230769235 0.6514423076923077 0.05288461538461539 0.028846153846153848
0 0.49399038461538464 0.6682692307692308 0.0889423076923077 0.03365384615384616
0 0.5060096153846154 0.686298076923077 0.11298076923076923 0.040865384615384616
0 0.5108173076923077 0.7067307692307693 0.10817307692307693 0.038461538461538464
0 0.5132211538461539 0.7247596153846154 0.11298076923076923 0.03605769230769231
0 0.514423076923077 0.7427884615384616 0.11057692307692309 0.03365384615384616
0 0.5180288461538461 0.7632211538461539 0.10817307692307693 0.03605769230769231
0 0.5240384615384616 0.7824519230769231 0.11538461538461539 0.03605769230769231
0 0.5252403846153847 0.7992788461538461 0.10817307692307693 0.03605769230769231
0 0.5276442307692308 0.8185096153846154 0.10336538461538462 0.03605769230769231
0 0.5324519230769231 0.8389423076923077 0.11298076923076923 0.03365384615384616
0 0.5360576923076923 0.8605769230769231 0.11057692307692309 0.03365384615384616
0 0.5432692307692308 0.9038461538461539 0.11057692307692309 0.03365384615384616
0 0.5492788461538461 0.9447115384615385 0.10336538461538462 0.038461538461538464
0 0.5420673076923077 0.9855769230769231 0.06971153846153846 0.028846153846153848
