0 0.3497596153846154 0.06129807692307693 0.2091346153846154 0.07932692307692309
0 0.09975961538461539 0.09014423076923077 0.18990384615384617 0.06490384615384616
0 0.08293269230769232 0.3161057692307693 0.1466346153846154 0.05528846153846154
0 0.15865384615384617 0.5865384615384616 0.31730769230769235 0.10096153846153846
0 0.6382211538461539 0.515625 0.14182692307692307 0.04567307692307693
0 0.6358173076923077 0.546875 0.14182692307692307 0.026442307692307696
0 0.6286057692307693 0.5949519230769231 0.13701923076923078 0.03605769230769231
0 0.6286057692307693 0.6358173076923077 0.14182692307692307 0.04567307692307693
0 0.623798076923077 0.6850961538461539 0.1466346153846154 0.038461538461538464
0 0.6177884615384616 0.7259615384615385 0.15384615384615385 0.04326923076923077
0 0.6153846153846154 0.7776442307692308 0.13942307692307693 0.026442307692307696
0 0.6189903846153847 0.6454326923076923 0.23798076923076925 0.36778846153846156
