0 0.03245192307692308 0.004807692307692308 0.05048076923076923 0.009615384615384616
0 0.07692307692307693 0.010817307692307692 0.08653846153846154 0.021634615384615384
0 0.06850961538461539 0.19711538461538464 0.06971153846153846 0.04326923076923077
0 0.13341346153846154 0.43509615384615385 0.06971153846153846 0.05288461538461539
0 0.17548076923076925 0.576923076923077 0.05288461538461539 0.028846153846153848
0 0.4026442307692308 0.4435096153846154 0.06009615384615385 0.03125
0 0.4026442307692308 0.24759615384615385 0.06971153846153846 0.028846153846153848
0 0.6778846153846154 0.23798076923076925 0.17307692307692307 0.09134615384615385
0 0.7584134615384616 0.5084134615384616 0.09855769230769232 0.06009615384615385
0 0.8786057692307693 0.4567307692307693 0.03125 0.057692307692307696
0 0.8918269230769231 0.4519230769230769 0.028846153846153848 0.05288461538461539
0 0.905048076923077 0.44711538461538464 0.03125 0.057692307692307696
0 0.9230769230769231 0.4447115384615385 0.03365384615384616 0.057692307692307696
0 0.9375 0.4411057692307693 0.03365384615384616 0.05528846153846154
0 0.9543269230769231 0.4326923076923077 0.028846153846153848 0.057692307692307696
0 0.9723557692307693 0.42668269230769235 0.021634615384615384 0.06009615384615385
0 0.9891826923076924 0.4362980769230769 0.021634615384615384 0.03125
0 0.7776442307692308 0.7776442307692308 0.08413461538461539 0.04567307692307693
0 0.5072115384615384 0.9435096153846154 0.05288461538461539 0.05528846153846154
0 0.46875 0.9134615384615385 0.028846153846153848 0.038461538461538464
