0 0.4278846153846154 0.5096153846153847 0.08173076923076923 0.028846153846153848
0 0.34615384615384615 0.484375 0.08653846153846154 0.03125
0 0.265625 0.4759615384615385 0.06009615384615385 0.03365384615384616
0 0.3028846153846154 0.5 0.14423076923076925 0.05288461538461539
0 0.34134615384615385 0.49759615384615385 0.07692307692307693 0.028846153846153848
0 0.4254807692307693 0.5228365384615384 0.08173076923076923 0.03125
0 0.421875 0.5360576923076923 0.07932692307692309 0.028846153846153848
0 0.4170673076923077 0.5492788461538461 0.07932692307692309 0.03125
0 0.2980769230769231 0.5180288461538461 0.14903846153846154 0.05048076923076923
0 0.2956730769230769 0.5276442307692308 0.14423076923076925 0.05048076923076923
0 0.2920673076923077 0.5432692307692308 0.1514423076923077 0.05288461538461539
0 0.4122596153846154 0.5588942307692308 0.07932692307692309 0.03605769230769231
0 0.4086538461538462 0.5745192307692308 0.08173076923076923 0.03365384615384616
0 0.4050480769230769 0.592548076923077 0.07932692307692309 0.03125
0 0.32091346153846156 0.5673076923076923 0.07451923076923077 0.03365384615384616
