0 0.020432692307692308 0.8725961538461539 0.040865384615384616 0.05288461538461539
0 0.16105769230769232 0.608173076923077 0.08653846153846154 0.0625
0 0.375 0.5853365384615385 0.10096153846153846 0.05048076923076923
0 0.3197115384615385 0.8329326923076924 0.04807692307692308 0.021634615384615384
0 0.59375 0.5637019230769231 0.04326923076923077 0.05048076923076923
0 0.7740384615384616 0.5600961538461539 0.03365384615384616 0.05288461538461539
0 0.8509615384615385 0.5504807692307693 0.03365384615384616 0.057692307692307696
0 0.546875 0.8293269230769231 0.08413461538461539 0.04807692307692308
0 0.5889423076923077 0.859375 0.03365384615384616 0.06009615384615385
0 0.6262019230769231 0.859375 0.03125 0.06009615384615385
0 0.8461538461538463 0.983173076923077 0.028846153846153848 0.019230769230769232
0 0.6526442307692308 0.5504807692307693 0.040865384615384616 0.03365384615384616
