0 0.2536057692307692 0.03485576923076923 0.07451923076923077 0.021634615384615384
0 0.24639423076923078 0.07211538461538462 0.14182692307692307 0.02403846153846154
0 0.25 0.10697115384615385 0.20192307692307693 0.026442307692307696
0 0.2512019230769231 0.13942307692307693 0.2716346153846154 0.02403846153846154
0 0.22596153846153846 0.17067307692307693 0.3125 0.028846153846153848
0 0.19230769230769232 0.2043269230769231 0.2932692307692308 0.02403846153846154
0 0.15384615384615385 0.2355769230769231 0.2932692307692308 0.02403846153846154
0 0.13701923076923078 0.27043269230769235 0.2692307692307693 0.021634615384615384
0 0.13341346153846154 0.3028846153846154 0.2043269230769231 0.02403846153846154
0 0.13341346153846154 0.3353365384615385 0.13221153846153846 0.021634615384615384
0 0.13221153846153846 0.36899038461538464 0.07211538461538462 0.021634615384615384
0 0.41586538461538464 0.19471153846153846 0.057692307692307696 0.019230769230769232
0 0.40625 0.21875 0.10576923076923078 0.019230769230769232
0 0.4074519230769231 0.24759615384615385 0.16105769230769232 0.02403846153846154
0 0.41586538461538464 0.2728365384615385 0.21153846153846156 0.021634615384615384
0 0.4014423076923077 0.296875 0.2403846153846154 0.026442307692307696
0 0.4026442307692308 0.3197115384615385 0.30528846153846156 0.028846153846153848
0 0.3918269230769231 0.3473557692307693 0.32211538461538464 0.026442307692307696
0 0.3617788461538462 0.3701923076923077 0.31009615384615385 0.02403846153846154
0 0.34615384615384615 0.39903846153846156 0.2980769230769231 0.028846153846153848
0 0.3317307692307693 0.4242788461538462 0.28365384615384615 0.026442307692307696
0 0.31730769230769235 0.44591346153846156 0.2451923076923077 0.026442307692307696
0 0.3245192307692308 0.4747596153846154 0.19230769230769232 0.021634615384615384
0 0.32091346153846156 0.49759615384615385 0.16105769230769232 0.019230769230769232
0 0.3185096153846154 0.5252403846153847 0.08413461538461539 0.021634615384615384
0 0.004807692307692308 0.3040865384615385 0.009615384615384616 0.021634615384615384
0 0.021634615384615384 0.3425480769230769 0.04326923076923077 0.021634615384615384
0 0.038461538461538464 0.375 0.07692307692307693 0.02403846153846154
0 0.05528846153846154 0.4074519230769231 0.11057692307692309 0.026442307692307696
0 0.042067307692307696 0.44230769230769235 0.08413461538461539 0.02403846153846154
0 0.026442307692307696 0.4723557692307693 0.05288461538461539 0.021634615384615384
0 0.12860576923076925 0.4759615384615385 0.10336538461538462 0.02403846153846154
0 0.12379807692307693 0.5084134615384616 0.13701923076923078 0.021634615384615384
0 0.12740384615384617 0.530048076923077 0.19230769230769232 0.021634615384615384
0 0.12740384615384617 0.5540865384615385 0.22596153846153846 0.026442307692307696
0 0.13341346153846154 0.5817307692307693 0.2668269230769231 0.028846153846153848
0 0.1358173076923077 0.6069711538461539 0.2716346153846154 0.03125
0 0.125 0.6298076923076923 0.25 0.02403846153846154
0 0.11658653846153846 0.6586538461538461 0.23317307692307693 0.02403846153846154
0 0.09975961538461539 0.6814903846153847 0.19951923076923078 0.026442307692307696
0 0.08533653846153846 0.7067307692307693 0.17067307692307693 0.02403846153846154
0 0.07451923076923077 0.7295673076923077 0.14903846153846154 0.026442307692307696
0 0.0625 0.7560096153846154 0.125 0.026442307692307696
0 0.9483173076923077 0.9002403846153847 0.09855769230769232 0.09375
0 0.9266826923076924 0.9230769230769231 0.0889423076923077 0.09134615384615385
0 0.9074519230769231 0.9447115384615385 0.09375 0.09134615384615385
0 0.8918269230769231 0.9591346153846154 0.09134615384615385 0.08173076923076923
0 0.8677884615384616 0.9711538461538463 0.09615384615384616 0.057692307692307696
0 0.39543269230769235 0.7908653846153847 0.2043269230769231 0.21634615384615385
0 0.3762019230769231 0.8064903846153847 0.2043269230769231 0.2139423076923077
0 0.3605769230769231 0.8233173076923077 0.20192307692307693 0.2139423076923077
0 0.34134615384615385 0.8377403846153847 0.21153846153846156 0.2091346153846154
0 0.328125 0.8569711538461539 0.2139423076923077 0.2139423076923077
0 0.04326923076923077 0.78125 0.08653846153846154 0.028846153846153848
0 0.03365384615384616 0.8052884615384616 0.06730769230769232 0.028846153846153848
0 0.022836538461538464 0.8305288461538461 0.04567307692307693 0.026442307692307696
