0 0.4170673076923077 0.1935096153846154 0.15625 0.13701923076923078
0 0.3112980769230769 0.234375 0.10336538461538462 0.10817307692307693
0 0.45793269230769235 0.2764423076923077 0.1514423076923077 0.12980769230769232
0 0.48918269230769235 0.37259615384615385 0.11778846153846155 0.12980769230769232
0 0.5661057692307693 0.3762019230769231 0.10817307692307693 0.11298076923076923
0 0.5961538461538461 0.44591346153846156 0.11538461538461539 0.10336538461538462
0 0.3557692307692308 0.3245192307692308 0.09615384615384616 0.1201923076923077
0 0.3942307692307693 0.41586538461538464 0.09134615384615385 0.11057692307692309
0 0.5120192307692308 0.4675480769230769 0.11057692307692309 0.11298076923076923
0 0.5396634615384616 0.5432692307692308 0.09855769230769232 0.10096153846153846
0 0.5805288461538461 0.6213942307692308 0.09375 0.09855769230769232
0 0.26802884615384615 0.3293269230769231 0.10817307692307693 0.12980769230769232
0 0.2091346153846154 0.35697115384615385 0.07692307692307693 0.12259615384615385
0 0.24278846153846156 0.46995192307692313 0.09615384615384616 0.13221153846153846
0 0.32211538461538464 0.43870192307692313 0.10096153846153846 0.13221153846153846
0 0.43870192307692313 0.5 0.09855769230769232 0.10576923076923078
0 0.3605769230769231 0.5324519230769231 0.09615384615384616 0.10336538461538462
0 0.4675480769230769 0.5793269230769231 0.08413461538461539 0.10576923076923078
0 0.3942307692307693 0.6033653846153847 0.08653846153846154 0.08653846153846154
0 0.28605769230769235 0.5649038461538461 0.09134615384615385 0.10576923076923078
0 0.16586538461538464 0.4759615384615385 0.09615384615384616 0.08653846153846154
0 0.18149038461538464 0.5276442307692308 0.0889423076923077 0.08413461538461539
0 0.09014423076923077 0.5048076923076923 0.0889423076923077 0.08173076923076923
0 0.11418269230769232 0.5649038461538461 0.0889423076923077 0.08173076923076923
0 0.21153846153846156 0.5997596153846154 0.10096153846153846 0.10817307692307693
0 0.13822115384615385 0.6274038461538461 0.09375 0.10576923076923078
0 0.31730769230769235 0.6478365384615385 0.08653846153846154 0.08413461538461539
0 0.06129807692307693 0.6586538461538461 0.10336538461538462 0.10576923076923078
0 0.4963942307692308 0.6538461538461539 0.08413461538461539 0.09615384615384616
0 0.6117788461538461 0.6971153846153847 0.10336538461538462 0.11538461538461539
0 0.5348557692307693 0.733173076923077 0.09855769230769232 0.10096153846153846
0 0.4278846153846154 0.6850961538461539 0.08653846153846154 0.09615384615384616
0 0.4603365384615385 0.7608173076923077 0.10336538461538462 0.10817307692307693
0 0.4915865384615385 0.84375 0.09375 0.09134615384615385
0 0.4254807692307693 0.873798076923077 0.09615384615384616 0.09375
0 0.3545673076923077 0.717548076923077 0.09855769230769232 0.0889423076923077
0 0.3858173076923077 0.7896634615384616 0.09375 0.10336538461538462
0 0.2451923076923077 0.6730769230769231 0.09134615384615385 0.09134615384615385
0 0.28125 0.7475961538461539 0.08653846153846154 0.09134615384615385
0 0.3161057692307693 0.8257211538461539 0.09855769230769232 0.10817307692307693
0 0.171875 0.7043269230769231 0.0889423076923077 0.10096153846153846
0 0.20192307692307693 0.7824519230769231 0.08173076923076923 0.09855769230769232
0 0.2403846153846154 0.8617788461538463 0.10096153846153846 0.10336538461538462
0 0.10216346153846155 0.7391826923076924 0.08413461538461539 0.09855769230769232
0 0.01682692307692308 0.6935096153846154 0.03365384615384616 0.11298076923076923
0 0.03245192307692308 0.7704326923076924 0.06490384615384616 0.09855769230769232
0 0.13341346153846154 0.8149038461538461 0.08413461538461539 0.09615384615384616
0 0.1622596153846154 0.8942307692307693 0.10336538461538462 0.11057692307692309
0 0.09014423076923077 0.9242788461538463 0.10336538461538462 0.11778846153846155
0 0.057692307692307696 0.8509615384615385 0.10576923076923078 0.10576923076923078
0 0.17908653846153846 0.9903846153846154 0.09855769230769232 0.019230769230769232
