0 0.8689903846153847 0.010817307692307692 0.2620192307692308 0.021634615384615384
0 0.8521634615384616 0.040865384615384616 0.2956730769230769 0.02403846153846154
0 0.8209134615384616 0.06971153846153846 0.30528846153846156 0.02403846153846154
0 0.7860576923076924 0.10336538461538462 0.3028846153846154 0.02403846153846154
0 0.7536057692307693 0.1358173076923077 0.3004807692307693 0.026442307692307696
0 0.71875 0.17067307692307693 0.3028846153846154 0.02403846153846154
0 0.9759615384615385 0.11658653846153846 0.04807692307692308 0.026442307692307696
0 0.9663461538461539 0.14182692307692307 0.06730769230769232 0.02403846153846154
0 0.9471153846153847 0.16466346153846154 0.10576923076923078 0.026442307692307696
0 0.9326923076923077 0.19110576923076925 0.13461538461538464 0.026442307692307696
0 0.9266826923076924 0.21634615384615385 0.1466346153846154 0.028846153846153848
0 0.90625 0.2403846153846154 0.1875 0.028846153846153848
0 0.8966346153846154 0.265625 0.20673076923076925 0.026442307692307696
0 0.8870192307692308 0.28966346153846156 0.22596153846153846 0.026442307692307696
0 0.8713942307692308 0.3161057692307693 0.2572115384615385 0.026442307692307696
0 0.8617788461538463 0.3389423076923077 0.2764423076923077 0.03365384615384616
0 0.8473557692307693 0.3665865384615385 0.30528846153846156 0.03125
0 0.826923076923077 0.390625 0.3269230769230769 0.03125
0 0.8040865384615385 0.4182692307692308 0.3293269230769231 0.028846153846153848
0 0.7704326923076924 0.4399038461538462 0.3245192307692308 0.02403846153846154
0 0.7475961538461539 0.46634615384615385 0.3317307692307693 0.028846153846153848
0 0.7247596153846154 0.4915865384615385 0.3293269230769231 0.026442307692307696
0 0.6899038461538461 0.515625 0.3269230769230769 0.026442307692307696
0 0.6742788461538461 0.5420673076923077 0.3245192307692308 0.026442307692307696
0 0.655048076923077 0.5637019230769231 0.31490384615384615 0.026442307692307696
0 0.6370192307692308 0.5889423076923077 0.28365384615384615 0.028846153846153848
0 0.6286057692307693 0.6141826923076923 0.2572115384615385 0.021634615384615384
0 0.639423076923077 0.6430288461538461 0.19230769230769232 0.026442307692307696
0 0.6298076923076923 0.6646634615384616 0.13942307692307693 0.01682692307692308
0 0.6262019230769231 0.6923076923076923 0.09855769230769232 0.019230769230769232
0 0.6310096153846154 0.71875 0.06009615384615385 0.019230769230769232
0 0.6826923076923077 0.20072115384615385 0.2980769230769231 0.026442307692307696
0 0.6454326923076923 0.234375 0.3004807692307693 0.026442307692307696
0 0.6153846153846154 0.2668269230769231 0.3125 0.02403846153846154
0 0.578125 0.3004807692307693 0.30528846153846156 0.02403846153846154
0 0.5504807692307693 0.33293269230769235 0.3028846153846154 0.026442307692307696
0 0.5120192307692308 0.3665865384615385 0.3028846153846154 0.026442307692307696
0 0.4867788461538462 0.4014423076923077 0.3004807692307693 0.02403846153846154
0 0.4675480769230769 0.4326923076923077 0.2620192307692308 0.02403846153846154
0 0.4591346153846154 0.4639423076923077 0.20673076923076925 0.028846153846153848
0 0.46153846153846156 0.4963942307692308 0.13942307692307693 0.021634615384615384
0 0.46153846153846156 0.530048076923077 0.07692307692307693 0.021634615384615384
0 0.07692307692307693 0.6814903846153847 0.15384615384615385 0.17067307692307693
0 0.21634615384615385 0.8786057692307693 0.19230769230769232 0.19471153846153846
0 0.12620192307692307 0.9314903846153847 0.18990384615384617 0.13701923076923078
0 0.06129807692307693 0.9735576923076924 0.12259615384615385 0.05288461538461539
0 0.9110576923076924 0.9603365384615385 0.1778846153846154 0.07932692307692309
