0 0.6754807692307693 0.4555288461538462 0.057692307692307696 0.05528846153846154
0 0.42307692307692313 0.4375 0.04326923076923077 0.038461538461538464
0 0.5264423076923077 0.5096153846153847 0.05288461538461539 0.05288461538461539
0 0.6778846153846154 0.6899038461538461 0.028846153846153848 0.028846153846153848
0 0.71875 0.7139423076923077 0.04326923076923077 0.03365384615384616
0 0.765625 0.7728365384615385 0.040865384615384616 0.05048076923076923
0 0.7235576923076924 0.9266826923076924 0.0625 0.06490384615384616
0 0.6694711538461539 0.8762019230769231 0.026442307692307696 0.03125
0 0.623798076923077 0.8365384615384616 0.026442307692307696 0.02403846153846154
0 0.5120192307692308 0.9483173076923077 0.08653846153846154 0.08413461538461539
2 0.18509615384615385 0.8028846153846154 0.04326923076923077 0.05288461538461539
0 0.12740384615384617 0.7211538461538461 0.057692307692307696 0.0625
0 0.46153846153846156 0.47716346153846156 0.038461538461538464 0.03125
