0 0.04807692307692308 0.007211538461538462 0.04326923076923077 0.014423076923076924
0 0.11538461538461539 0.009615384615384616 0.05288461538461539 0.019230769230769232
0 0.08533653846153846 0.028846153846153848 0.05048076923076923 0.04326923076923077
0 0.46153846153846156 0.16466346153846154 0.05288461538461539 0.05048076923076923
0 0.4278846153846154 0.20673076923076925 0.05288461538461539 0.05288461538461539
0 0.4098557692307693 0.2295673076923077 0.040865384615384616 0.040865384615384616
0 0.39543269230769235 0.296875 0.07451923076923077 0.06009615384615385
0 0.3653846153846154 0.33293269230769235 0.057692307692307696 0.06490384615384616
0 0.4182692307692308 0.3774038461538462 0.08653846153846154 0.07692307692307693
0 0.4675480769230769 0.3581730769230769 0.06490384615384616 0.05288461538461539
0 0.5348557692307693 0.17668269230769232 0.06971153846153846 0.06490384615384616
0 0.5817307692307693 0.2199519230769231 0.038461538461538464 0.03605769230769231
0 0.5625 0.24399038461538464 0.05288461538461539 0.05048076923076923
0 0.5120192307692308 0.21033653846153846 0.08173076923076923 0.07451923076923077
0 0.48557692307692313 0.24759615384615385 0.08173076923076923 0.06730769230769232
0 0.4591346153846154 0.27524038461538464 0.06730769230769232 0.06009615384615385
0 0.5432692307692308 0.2920673076923077 0.07211538461538462 0.06971153846153846
0 0.5228365384615384 0.32211538461538464 0.06971153846153846 0.05288461538461539
0 0.6045673076923077 0.3389423076923077 0.07451923076923077 0.07211538461538462
0 0.578125 0.3665865384615385 0.06971153846153846 0.06009615384615385
0 0.6754807692307693 0.2884615384615385 0.03365384615384616 0.03365384615384616
0 0.6947115384615385 0.35216346153846156 0.07211538461538462 0.07451923076923077
0 0.71875 0.32572115384615385 0.06730769230769232 0.05528846153846154
0 0.765625 0.359375 0.040865384615384616 0.040865384615384616
0 0.7439903846153847 0.38822115384615385 0.05528846153846154 0.05048076923076923
0 0.7127403846153847 0.4206730769230769 0.05528846153846154 0.04807692307692308
0 0.6646634615384616 0.3918269230769231 0.07451923076923077 0.06730769230769232
0 0.6899038461538461 0.45432692307692313 0.04807692307692308 0.038461538461538464
0 0.639423076923077 0.4182692307692308 0.07211538461538462 0.0625
0 0.6742788461538461 0.5132211538461539 0.04567307692307693 0.05048076923076923
0 0.6322115384615385 0.5588942307692308 0.05288461538461539 0.06490384615384616
0 0.24879807692307693 0.65625 0.03125 0.02403846153846154
0 0.018028846153846156 0.8305288461538461 0.03605769230769231 0.09375
