0 0.5829326923076923 0.6418269230769231 0.05048076923076923 0.04326923076923077
0 0.33293269230769235 0.5576923076923077 0.14182692307692307 0.13942307692307693
0 0.4435096153846154 0.4338942307692308 0.08413461538461539 0.10336538461538462
0 0.3653846153846154 0.2920673076923077 0.11057692307692309 0.10336538461538462
0 0.3245192307692308 0.265625 0.038461538461538464 0.040865384615384616
0 0.34615384615384615 0.24759615384615385 0.038461538461538464 0.03365384615384616
0 0.36778846153846156 0.234375 0.03365384615384616 0.03605769230769231
0 0.2451923076923077 0.3786057692307693 0.14423076923076925 0.12740384615384617
0 0.16826923076923078 0.36778846153846156 0.04807692307692308 0.04807692307692308
0 0.1887019230769231 0.3509615384615385 0.04567307692307693 0.04326923076923077
0 0.21033653846153846 0.3341346153846154 0.04567307692307693 0.05288461538461539
0 0.23197115384615385 0.31730769230769235 0.04567307692307693 0.04326923076923077
0 0.25240384615384615 0.3028846153846154 0.05288461538461539 0.038461538461538464
0 0.03605769230769231 0.25480769230769235 0.07211538461538462 0.0625
0 0.07451923076923077 0.2091346153846154 0.11057692307692309 0.10576923076923078
0 0.1310096153846154 0.14182692307692307 0.10336538461538462 0.10096153846153846
0 0.18990384615384617 0.08052884615384616 0.10576923076923078 0.10817307692307693
0 0.15625 0.014423076923076924 0.06730769230769232 0.028846153846153848
0 0.13701923076923078 0.026442307692307696 0.057692307692307696 0.05288461538461539
0 0.11778846153846155 0.04567307692307693 0.06730769230769232 0.05288461538461539
0 0.1045673076923077 0.06850961538461539 0.06009615384615385 0.05048076923076923
0 0.08173076923076923 0.08774038461538462 0.057692307692307696 0.05048076923076923
0 0.06610576923076923 0.109375 0.06971153846153846 0.06009615384615385
0 0.04807692307692308 0.13221153846153846 0.05288461538461539 0.04807692307692308
0 0.03485576923076923 0.15384615384615385 0.06009615384615385 0.04326923076923077
0 0.02403846153846154 0.17307692307692307 0.04807692307692308 0.04807692307692308
0 0.01201923076923077 0.19711538461538464 0.02403846153846154 0.04326923076923077
0 0.003605769230769231 0.2199519230769231 0.007211538461538462 0.04567307692307693
0 0.75 0.984375 0.10576923076923078 0.03125
