0 0.7932692307692308 0.4759615384615385 0.038461538461538464 0.05288461538461539
0 0.8557692307692308 0.4987980769230769 0.038461538461538464 0.026442307692307696
0 0.8293269230769231 0.530048076923077 0.09134615384615385 0.05048076923076923
0 0.780048076923077 0.5168269230769231 0.04567307692307693 0.028846153846153848
0 0.7632211538461539 0.4879807692307693 0.06009615384615385 0.057692307692307696
0 0.5985576923076923 0.4483173076923077 0.028846153846153848 0.026442307692307696
0 0.592548076923077 0.5276442307692308 0.03125 0.03125
0 0.6274038461538461 0.5396634615384616 0.04807692307692308 0.08413461538461539
0 0.6033653846153847 0.5745192307692308 0.03365384615384616 0.038461538461538464
0 0.015625 0.9747596153846154 0.03125 0.021634615384615384
