0 0.733173076923077 0.3605769230769231 0.10096153846153846 0.11538461538461539
0 0.6598557692307693 0.3401442307692308 0.0889423076923077 0.10817307692307693
0 0.5913461538461539 0.3112980769230769 0.09134615384615385 0.10817307692307693
0 0.5180288461538461 0.2920673076923077 0.09855769230769232 0.11298076923076923
0 0.43870192307692313 0.2644230769230769 0.09855769230769232 0.09615384615384616
0 0.6694711538461539 0.6971153846153847 0.10336538461538462 0.11057692307692309
0 0.59375 0.6778846153846154 0.09134615384615385 0.10576923076923078
0 0.5240384615384616 0.65625 0.09615384615384616 0.11057692307692309
0 0.4495192307692308 0.6298076923076923 0.10096153846153846 0.11057692307692309
0 0.375 0.6105769230769231 0.10096153846153846 0.11538461538461539
