0 0.3185096153846154 0.002403846153846154 0.16105769230769232 0.004807692307692308
0 0.3161057692307693 0.022836538461538464 0.08413461538461539 0.021634615384615384
0 0.12139423076923078 0.00841346153846154 0.13701923076923078 0.01682692307692308
0 0.125 0.02764423076923077 0.19230769230769232 0.021634615384615384
0 0.125 0.05168269230769231 0.22596153846153846 0.026442307692307696
0 0.13221153846153846 0.07932692307692309 0.2644230769230769 0.028846153846153848
0 0.13461538461538464 0.1045673076923077 0.2692307692307693 0.03125
0 0.12379807692307693 0.12740384615384617 0.24759615384615385 0.02403846153846154
0 0.11538461538461539 0.15625 0.23076923076923078 0.02403846153846154
0 0.09855769230769232 0.17908653846153846 0.19711538461538464 0.026442307692307696
0 0.08413461538461539 0.2043269230769231 0.16826923076923078 0.02403846153846154
0 0.0733173076923077 0.22716346153846156 0.1466346153846154 0.026442307692307696
0 0.06129807692307693 0.2536057692307692 0.12259615384615385 0.026442307692307696
0 0.9459134615384616 0.3978365384615385 0.09855769230769232 0.09375
0 0.9242788461538463 0.4206730769230769 0.0889423076923077 0.09134615384615385
0 0.905048076923077 0.44230769230769235 0.09375 0.09134615384615385
0 0.889423076923077 0.46274038461538464 0.09134615384615385 0.09375
0 0.8653846153846154 0.4831730769230769 0.09615384615384616 0.08653846153846154
0 0.3930288461538462 0.2884615384615385 0.2043269230769231 0.21634615384615385
0 0.3737980769230769 0.3040865384615385 0.2043269230769231 0.2139423076923077
0 0.3581730769230769 0.32091346153846156 0.20192307692307693 0.2139423076923077
0 0.3389423076923077 0.3353365384615385 0.21153846153846156 0.2091346153846154
0 0.32572115384615385 0.3545673076923077 0.2139423076923077 0.2139423076923077
0 0.24879807692307693 0.7884615384615385 0.49759615384615385 0.42307692307692313
0 0.042067307692307696 0.27884615384615385 0.08413461538461539 0.028846153846153848
0 0.03245192307692308 0.3028846153846154 0.06490384615384616 0.028846153846153848
0 0.021634615384615384 0.328125 0.04326923076923077 0.026442307692307696
