0 0.015625 0.21634615384615385 0.03125 0.0625
0 0.054086538461538464 0.20673076923076925 0.05048076923076923 0.057692307692307696
0 0.14543269230769232 0.20552884615384617 0.0889423076923077 0.05528846153846154
0 0.028846153846153848 0.7560096153846154 0.057692307692307696 0.06009615384615385
0 0.09014423076923077 0.7211538461538461 0.0889423076923077 0.057692307692307696
0 0.16947115384615385 0.7668269230769231 0.06490384615384616 0.14903846153846154
0 0.1778846153846154 0.7091346153846154 0.05288461538461539 0.07211538461538462
0 0.20072115384615385 0.7872596153846154 0.06490384615384616 0.08413461538461539
0 0.4987980769230769 0.7752403846153847 0.11298076923076923 0.07932692307692309
0 0.6213942307692308 0.3810096153846154 0.13701923076923078 0.0889423076923077
0 0.717548076923077 0.3894230769230769 0.08413461538461539 0.0625
0 0.671875 0.6959134615384616 0.040865384615384616 0.03125
0 0.9603365384615385 0.4951923076923077 0.040865384615384616 0.028846153846153848
0 0.9879807692307693 0.8810096153846154 0.02403846153846154 0.07932692307692309
