0 0.9771634615384616 0.8365384615384616 0.04567307692307693 0.057692307692307696
0 0.5384615384615385 0.3545673076923077 0.057692307692307696 0.05528846153846154
0 0.28605769230769235 0.33653846153846156 0.04326923076923077 0.038461538461538464
0 0.3894230769230769 0.4086538461538462 0.05288461538461539 0.05288461538461539
0 0.5408653846153847 0.5889423076923077 0.028846153846153848 0.028846153846153848
0 0.5817307692307693 0.6129807692307693 0.04326923076923077 0.03365384615384616
0 0.6286057692307693 0.671875 0.040865384615384616 0.05048076923076923
0 0.5865384615384616 0.8257211538461539 0.0625 0.06490384615384616
0 0.5324519230769231 0.7752403846153847 0.026442307692307696 0.03125
0 0.4867788461538462 0.7355769230769231 0.026442307692307696 0.02403846153846154
0 0.375 0.8473557692307693 0.08653846153846154 0.08413461538461539
2 0.04807692307692308 0.701923076923077 0.04326923076923077 0.05288461538461539
0 0.009615384615384616 0.6201923076923077 0.019230769230769232 0.0625
0 0.3245192307692308 0.3762019230769231 0.038461538461538464 0.03125
