0 0.018028846153846156 0.4435096153846154 0.03605769230769231 0.06490384615384616
0 0.0889423076923077 0.4026442307692308 0.14903846153846154 0.09855769230769232
0 0.2247596153846154 0.40384615384615385 0.0889423076923077 0.09615384615384616
0 0.25841346153846156 0.4723557692307693 0.07932692307692309 0.09375
0 0.2932692307692308 0.5492788461538461 0.08173076923076923 0.10336538461538462
0 0.28365384615384615 0.3774038461538462 0.08653846153846154 0.10576923076923078
0 0.34615384615384615 0.5060096153846154 0.13461538461538464 0.19951923076923078
0 0.25480769230769235 0.6923076923076923 0.10096153846153846 0.08653846153846154
0 0.17307692307692307 0.7295673076923077 0.11057692307692309 0.09855769230769232
0 0.08533653846153846 0.7716346153846154 0.11298076923076923 0.08653846153846154
