0 0.96875 0.13701923076923078 0.04326923076923077 0.028846153846153848
0 0.890625 0.14423076923076925 0.05528846153846154 0.0625
0 0.84375 0.22836538461538464 0.057692307692307696 0.038461538461538464
0 0.8004807692307693 0.2355769230769231 0.038461538461538464 0.028846153846153848
0 0.7079326923076924 0.27043269230769235 0.12259615384615385 0.10817307692307693
0 0.592548076923077 0.5889423076923077 0.06490384615384616 0.1201923076923077
0 0.3653846153846154 0.453125 0.05288461538461539 0.040865384615384616
0 0.30168269230769235 0.49399038461538464 0.05528846153846154 0.05048076923076923
0 0.8401442307692308 0.8040865384615385 0.03605769230769231 0.03125
0 0.9038461538461539 0.8293269230769231 0.06730769230769232 0.057692307692307696
