0 0.24879807692307693 0.025240384615384616 0.03605769230769231 0.03125
0 0.30649038461538464 0.06490384615384616 0.03125 0.028846153846153848
0 0.5 0.18629807692307693 0.028846153846153848 0.03605769230769231
0 0.6658653846153847 0.05288461538461539 0.10096153846153846 0.05288461538461539
0 0.9699519230769231 0.30649038461538464 0.06009615384615385 0.05528846153846154
0 0.9326923076923077 0.5528846153846154 0.057692307692307696 0.07692307692307693
0 0.9074519230769231 0.545673076923077 0.05048076923076923 0.08173076923076923
0 0.639423076923077 0.25 0.038461538461538464 0.04326923076923077
0 0.7091346153846154 0.2848557692307693 0.04807692307692308 0.07451923076923077
0 0.655048076923077 0.4867788461538462 0.03605769230769231 0.026442307692307696
0 0.7223557692307693 0.7992788461538461 0.03605769230769231 0.040865384615384616
0 0.6682692307692308 0.7680288461538461 0.04326923076923077 0.05048076923076923
0 0.015625 0.7620192307692308 0.03125 0.028846153846153848
