0 0.5 0.025240384615384616 0.20192307692307693 0.026442307692307696
0 0.5012019230769231 0.057692307692307696 0.2716346153846154 0.02403846153846154
0 0.4759615384615385 0.0889423076923077 0.3125 0.028846153846153848
0 0.44230769230769235 0.12259615384615385 0.2932692307692308 0.02403846153846154
0 0.40384615384615385 0.15384615384615385 0.2932692307692308 0.02403846153846154
0 0.3870192307692308 0.1887019230769231 0.2692307692307693 0.021634615384615384
0 0.38341346153846156 0.22115384615384617 0.2043269230769231 0.02403846153846154
0 0.38341346153846156 0.2536057692307692 0.13221153846153846 0.021634615384615384
0 0.3822115384615385 0.2872596153846154 0.07211538461538462 0.021634615384615384
0 0.6658653846153847 0.11298076923076923 0.057692307692307696 0.019230769230769232
0 0.65625 0.13701923076923078 0.10576923076923078 0.019230769230769232
0 0.6574519230769231 0.16586538461538464 0.16105769230769232 0.02403846153846154
0 0.6658653846153847 0.19110576923076925 0.21153846153846156 0.021634615384615384
0 0.6514423076923077 0.21514423076923078 0.2403846153846154 0.026442307692307696
0 0.6526442307692308 0.23798076923076925 0.30528846153846156 0.028846153846153848
0 0.6418269230769231 0.265625 0.32211538461538464 0.026442307692307696
0 0.6117788461538461 0.2884615384615385 0.31009615384615385 0.02403846153846154
0 0.5961538461538461 0.31730769230769235 0.2980769230769231 0.028846153846153848
0 0.5817307692307693 0.3425480769230769 0.28365384615384615 0.026442307692307696
0 0.5673076923076923 0.36418269230769235 0.2451923076923077 0.026442307692307696
0 0.5745192307692308 0.3930288461538462 0.19230769230769232 0.021634615384615384
0 0.5709134615384616 0.41586538461538464 0.16105769230769232 0.019230769230769232
0 0.5685096153846154 0.4435096153846154 0.08413461538461539 0.021634615384615384
0 0.2199519230769231 0.22235576923076925 0.07932692307692309 0.021634615384615384
0 0.21875 0.2608173076923077 0.14903846153846154 0.021634615384615384
0 0.22235576923076925 0.2932692307692308 0.2091346153846154 0.02403846153846154
0 0.21754807692307693 0.32572115384615385 0.28605769230769235 0.026442307692307696
0 0.1887019230769231 0.3605769230769231 0.29086538461538464 0.02403846153846154
0 0.15264423076923078 0.390625 0.3004807692307693 0.021634615384615384
0 0.3786057692307693 0.3942307692307693 0.10336538461538462 0.02403846153846154
0 0.3737980769230769 0.42668269230769235 0.13701923076923078 0.021634615384615384
0 0.3774038461538462 0.4483173076923077 0.19230769230769232 0.021634615384615384
0 0.3774038461538462 0.4723557692307693 0.22596153846153846 0.026442307692307696
0 0.37259615384615385 0.5 0.2884615384615385 0.028846153846153848
0 0.3605769230769231 0.5252403846153847 0.32211538461538464 0.03125
0 0.3389423076923077 0.5480769230769231 0.32211538461538464 0.02403846153846154
0 0.13461538461538464 0.4206730769230769 0.2692307692307693 0.019230769230769232
0 0.12139423076923078 0.45793269230769235 0.24278846153846156 0.026442307692307696
0 0.10096153846153846 0.4903846153846154 0.20192307692307693 0.028846153846153848
0 0.08774038461538462 0.5240384615384616 0.17548076923076925 0.02403846153846154
0 0.07091346153846154 0.5528846153846154 0.14182692307692307 0.02403846153846154
0 0.05288461538461539 0.5865384615384616 0.10576923076923078 0.02403846153846154
0 0.03605769230769231 0.6189903846153847 0.07211538461538462 0.026442307692307696
0 0.019230769230769232 0.6538461538461539 0.038461538461538464 0.02403846153846154
0 0.33293269230769235 0.576923076923077 0.3004807692307693 0.02403846153846154
0 0.2848557692307693 0.5997596153846154 0.3293269230769231 0.026442307692307696
0 0.2608173076923077 0.625 0.3197115384615385 0.02403846153846154
0 0.23076923076923078 0.6478365384615385 0.33653846153846156 0.026442307692307696
0 0.2043269230769231 0.6742788461538461 0.34134615384615385 0.026442307692307696
0 0.6454326923076923 0.7091346153846154 0.2043269230769231 0.21634615384615385
0 0.6262019230769231 0.7247596153846154 0.2043269230769231 0.2139423076923077
0 0.6105769230769231 0.7415865384615385 0.20192307692307693 0.2139423076923077
0 0.5913461538461539 0.7560096153846154 0.21153846153846156 0.2091346153846154
0 0.578125 0.7752403846153847 0.2139423076923077 0.2139423076923077
0 0.17908653846153846 0.6995192307692308 0.31490384615384615 0.028846153846153848
0 0.15865384615384617 0.7235576923076924 0.31730769230769235 0.028846153846153848
0 0.14783653846153846 0.748798076923077 0.2956730769230769 0.026442307692307696
0 0.12980769230769232 0.7728365384615385 0.25961538461538464 0.026442307692307696
0 0.1201923076923077 0.7992788461538461 0.2403846153846154 0.026442307692307696
0 0.10576923076923078 0.8221153846153847 0.21153846153846156 0.03365384615384616
0 0.08774038461538462 0.8497596153846154 0.17548076923076925 0.03125
0 0.07932692307692309 0.873798076923077 0.15865384615384617 0.03125
0 0.06850961538461539 0.9014423076923077 0.13701923076923078 0.028846153846153848
0 0.05048076923076923 0.9230769230769231 0.10096153846153846 0.02403846153846154
0 0.040865384615384616 0.9495192307692308 0.08173076923076923 0.028846153846153848
0 0.028846153846153848 0.9747596153846154 0.057692307692307696 0.026442307692307696
