0 0.5637019230769231 0.546875 0.07451923076923077 0.021634615384615384
0 0.5564903846153847 0.5841346153846154 0.14182692307692307 0.02403846153846154
0 0.5600961538461539 0.6189903846153847 0.20192307692307693 0.026442307692307696
0 0.561298076923077 0.6514423076923077 0.2716346153846154 0.02403846153846154
0 0.5360576923076923 0.6826923076923077 0.3125 0.028846153846153848
0 0.5024038461538461 0.7163461538461539 0.2932692307692308 0.02403846153846154
0 0.4639423076923077 0.7475961538461539 0.2932692307692308 0.02403846153846154
0 0.44711538461538464 0.7824519230769231 0.2692307692307693 0.021634615384615384
0 0.4435096153846154 0.8149038461538461 0.2043269230769231 0.02403846153846154
0 0.4435096153846154 0.8473557692307693 0.13221153846153846 0.021634615384615384
0 0.44230769230769235 0.8810096153846154 0.07211538461538462 0.021634615384615384
0 0.7259615384615385 0.7067307692307693 0.057692307692307696 0.019230769230769232
0 0.7163461538461539 0.7307692307692308 0.10576923076923078 0.019230769230769232
0 0.717548076923077 0.7596153846153847 0.16105769230769232 0.02403846153846154
0 0.7259615384615385 0.7848557692307693 0.21153846153846156 0.021634615384615384
0 0.7115384615384616 0.8088942307692308 0.2403846153846154 0.026442307692307696
0 0.7127403846153847 0.8317307692307693 0.30528846153846156 0.028846153846153848
0 0.701923076923077 0.859375 0.32211538461538464 0.026442307692307696
0 0.671875 0.8822115384615385 0.31009615384615385 0.02403846153846154
0 0.65625 0.9110576923076924 0.2980769230769231 0.028846153846153848
0 0.6418269230769231 0.936298076923077 0.28365384615384615 0.026442307692307696
0 0.6274038461538461 0.9579326923076924 0.2451923076923077 0.026442307692307696
0 0.6346153846153847 0.9867788461538463 0.19230769230769232 0.021634615384615384
0 0.2800480769230769 0.8161057692307693 0.07932692307692309 0.021634615384615384
0 0.27884615384615385 0.8545673076923077 0.14903846153846154 0.021634615384615384
0 0.2824519230769231 0.8870192307692308 0.2091346153846154 0.02403846153846154
0 0.2776442307692308 0.9194711538461539 0.28605769230769235 0.026442307692307696
0 0.24879807692307693 0.9543269230769231 0.29086538461538464 0.02403846153846154
0 0.21274038461538464 0.984375 0.3004807692307693 0.021634615384615384
0 0.43870192307692313 0.9879807692307693 0.10336538461538462 0.02403846153846154
