0 0.5444711538461539 0.40024038461538464 0.2139423076923077 0.17067307692307693
0 0.4879807692307693 0.43149038461538464 0.17307692307692307 0.13221153846153846
0 0.545673076923077 0.5985576923076923 0.13942307692307693 0.125
0 0.15865384615384617 0.24399038461538464 0.19711538461538464 0.16105769230769232
0 0.11057692307692309 0.33774038461538464 0.16826923076923078 0.12259615384615385
0 0.06490384615384616 0.5625 0.12980769230769232 0.17307692307692307
0 0.021634615384615384 0.5733173076923077 0.04326923076923077 0.3004807692307693
0 0.030048076923076924 0.6875 0.06009615384615385 0.17307692307692307
0 0.28125 0.6610576923076923 0.16826923076923078 0.17307692307692307
0 0.37259615384615385 0.7403846153846154 0.17307692307692307 0.17307692307692307
