0 0.7247596153846154 0.9423076923076924 0.05048076923076923 0.04326923076923077
0 0.4747596153846154 0.858173076923077 0.14182692307692307 0.13942307692307693
0 0.5853365384615385 0.734375 0.08413461538461539 0.10336538461538462
0 0.5072115384615384 0.592548076923077 0.11057692307692309 0.10336538461538462
0 0.46634615384615385 0.5661057692307693 0.038461538461538464 0.040865384615384616
0 0.4879807692307693 0.5480769230769231 0.038461538461538464 0.03365384615384616
0 0.5096153846153847 0.5348557692307693 0.03365384615384616 0.03605769230769231
0 0.3870192307692308 0.6790865384615385 0.14423076923076925 0.12740384615384617
0 0.31009615384615385 0.6682692307692308 0.04807692307692308 0.04807692307692308
0 0.33052884615384615 0.6514423076923077 0.04567307692307693 0.04326923076923077
0 0.35216346153846156 0.6346153846153847 0.04567307692307693 0.05288461538461539
0 0.3737980769230769 0.6177884615384616 0.04567307692307693 0.04326923076923077
0 0.3942307692307693 0.6033653846153847 0.05288461538461539 0.038461538461538464
0 0.1778846153846154 0.5552884615384616 0.07211538461538462 0.0625
0 0.21634615384615385 0.5096153846153847 0.11057692307692309 0.10576923076923078
0 0.2728365384615385 0.44230769230769235 0.10336538461538462 0.10096153846153846
0 0.3317307692307693 0.3810096153846154 0.10576923076923078 0.10817307692307693
0 0.2980769230769231 0.3028846153846154 0.06730769230769232 0.05288461538461539
0 0.27884615384615385 0.3269230769230769 0.057692307692307696 0.05288461538461539
0 0.25961538461538464 0.34615384615384615 0.06730769230769232 0.05288461538461539
0 0.24639423076923078 0.36899038461538464 0.06009615384615385 0.05048076923076923
0 0.22355769230769232 0.38822115384615385 0.057692307692307696 0.05048076923076923
0 0.20793269230769232 0.4098557692307693 0.06971153846153846 0.06009615384615385
0 0.18990384615384617 0.4326923076923077 0.05288461538461539 0.04807692307692308
0 0.17668269230769232 0.45432692307692313 0.06009615384615385 0.04326923076923077
0 0.16105769230769232 0.47355769230769235 0.057692307692307696 0.04807692307692308
0 0.13942307692307693 0.49759615384615385 0.05288461538461539 0.04326923076923077
0 0.12259615384615385 0.5204326923076923 0.05288461538461539 0.04567307692307693
0 0.018028846153846156 0.5396634615384616 0.03605769230769231 0.11298076923076923
0 0.09134615384615385 0.25841346153846156 0.1826923076923077 0.18990384615384617
