0 0.05288461538461539 0.13221153846153846 0.04807692307692308 0.028846153846153848
0 0.17548076923076925 0.23798076923076925 0.05288461538461539 0.03365384615384616
0 0.21514423076923078 0.234375 0.03605769230769231 0.04567307692307693
0 0.561298076923077 0.30528846153846156 0.07932692307692309 0.057692307692307696
0 0.6177884615384616 0.3353365384615385 0.05288461538461539 0.05048076923076923
0 0.920673076923077 0.9819711538461539 0.07211538461538462 0.03605769230769231
0 0.8617788461538463 0.9807692307692308 0.06971153846153846 0.038461538461538464
0 0.90625 0.8918269230769231 0.15865384615384617 0.06730769230769232
0 0.6923076923076923 0.9483173076923077 0.14423076923076925 0.06490384615384616
0 0.43509615384615385 0.9735576923076924 0.06730769230769232 0.05288461538461539
