0 0.004807692307692308 0.8076923076923077 0.009615384615384616 0.03365384615384616
0 0.2920673076923077 0.6117788461538461 0.040865384615384616 0.03125
0 0.375 0.6442307692307693 0.028846153846153848 0.02403846153846154
0 0.3653846153846154 0.671875 0.028846153846153848 0.026442307692307696
0 0.5096153846153847 0.19711538461538464 0.09615384615384616 0.08173076923076923
0 0.5588942307692308 0.27403846153846156 0.08413461538461539 0.07692307692307693
0 0.7403846153846154 0.32211538461538464 0.057692307692307696 0.05288461538461539
0 0.6935096153846154 0.2980769230769231 0.05048076923076923 0.04807692307692308
0 0.7463942307692308 0.3665865384615385 0.05528846153846154 0.05528846153846154
0 0.9807692307692308 0.639423076923077 0.038461538461538464 0.057692307692307696
2 0.5264423076923077 0.8701923076923077 0.057692307692307696 0.04326923076923077
