0 0.9723557692307693 0.36418269230769235 0.05528846153846154 0.11298076923076923
0 0.6538461538461539 0.3497596153846154 0.15384615384615385 0.12740384615384617
0 0.5120192307692308 0.42668269230769235 0.16346153846153846 0.12259615384615385
0 0.21754807692307693 0.7283653846153847 0.17548076923076925 0.13942307692307693
0 0.34134615384615385 0.655048076923077 0.14903846153846154 0.12259615384615385
0 0.8786057692307693 0.6262019230769231 0.06490384615384616 0.07451923076923077
0 0.8088942307692308 0.6634615384615385 0.05048076923076923 0.07692307692307693
0 0.7163461538461539 0.7355769230769231 0.20192307692307693 0.14903846153846154
0 0.5384615384615385 0.7728365384615385 0.09615384615384616 0.11778846153846155
0 0.48918269230769235 0.6887019230769231 0.09855769230769232 0.10817307692307693
0 0.4495192307692308 0.6069711538461539 0.07211538461538462 0.09375
0 0.4963942307692308 0.5745192307692308 0.09855769230769232 0.09134615384615385
0 0.5588942307692308 0.6947115384615385 0.11298076923076923 0.21153846153846156
