0 0.3713942307692308 0.058894230769230775 0.08413461538461539 0.08413461538461539
0 0.03365384615384616 0.038461538461538464 0.057692307692307696 0.04807692307692308
0 0.29447115384615385 0.06610576923076923 0.11298076923076923 0.13221153846153846
0 0.019230769230769232 0.25480769230769235 0.038461538461538464 0.09615384615384616
0 0.022836538461538464 0.7283653846153847 0.04567307692307693 0.09134615384615385
0 0.03966346153846154 0.7932692307692308 0.07932692307692309 0.09134615384615385
0 0.07572115384615385 0.8485576923076924 0.08413461538461539 0.09615384615384616
0 0.3509615384615385 0.5853365384615385 0.07692307692307693 0.08413461538461539
0 0.38461538461538464 0.6478365384615385 0.07211538461538462 0.09375
0 0.3137019230769231 0.8209134615384616 0.22355769230769232 0.16105769230769232
