0 0.3581730769230769 0.08653846153846154 0.25 0.17307692307692307
0 0.4050480769230769 0.40625 0.17067307692307693 0.19230769230769232
0 0.3545673076923077 0.43028846153846156 0.1514423076923077 0.17307692307692307
0 0.07451923076923077 0.6454326923076923 0.14903846153846154 0.6129807692307693
0 0.1887019230769231 0.7584134615384616 0.23317307692307693 0.21875
0 0.24759615384615385 0.8137019230769231 0.21634615384615385 0.19951923076923078
0 0.09855769230769232 0.9423076923076924 0.19711538461538464 0.11538461538461539
0 0.03485576923076923 0.9447115384615385 0.06971153846153846 0.11057692307692309
0 0.002403846153846154 0.8149038461538461 0.004807692307692308 0.02403846153846154
0 0.01682692307692308 0.8365384615384616 0.03365384615384616 0.03365384615384616
0 0.009615384615384616 0.858173076923077 0.019230769230769232 0.028846153846153848
