0 0.9603365384615385 0.701923076923077 0.05048076923076923 0.04326923076923077
0 0.7103365384615385 0.6177884615384616 0.14182692307692307 0.13942307692307693
0 0.8209134615384616 0.49399038461538464 0.08413461538461539 0.10336538461538462
0 0.7427884615384616 0.35216346153846156 0.11057692307692309 0.10336538461538462
0 0.701923076923077 0.32572115384615385 0.038461538461538464 0.040865384615384616
0 0.7235576923076924 0.3076923076923077 0.038461538461538464 0.03365384615384616
0 0.7451923076923077 0.29447115384615385 0.03365384615384616 0.03605769230769231
0 0.6225961538461539 0.43870192307692313 0.14423076923076925 0.12740384615384617
0 0.545673076923077 0.4278846153846154 0.04807692307692308 0.04807692307692308
0 0.5661057692307693 0.41105769230769235 0.04567307692307693 0.04326923076923077
0 0.5877403846153847 0.3942307692307693 0.04567307692307693 0.05288461538461539
0 0.609375 0.3774038461538462 0.04567307692307693 0.04326923076923077
0 0.6298076923076923 0.3629807692307693 0.05288461538461539 0.038461538461538464
0 0.4134615384615385 0.31490384615384615 0.07211538461538462 0.0625
0 0.4519230769230769 0.2692307692307693 0.11057692307692309 0.10576923076923078
0 0.5084134615384616 0.20192307692307693 0.10336538461538462 0.10096153846153846
0 0.5673076923076923 0.140625 0.10576923076923078 0.10817307692307693
0 0.5336538461538461 0.0625 0.06730769230769232 0.05288461538461539
0 0.514423076923077 0.08653846153846154 0.057692307692307696 0.05288461538461539
0 0.4951923076923077 0.10576923076923078 0.06730769230769232 0.05288461538461539
0 0.48197115384615385 0.12860576923076925 0.06009615384615385 0.05048076923076923
0 0.4591346153846154 0.14783653846153846 0.057692307692307696 0.05048076923076923
0 0.4435096153846154 0.16947115384615385 0.06971153846153846 0.06009615384615385
0 0.4254807692307693 0.19230769230769232 0.05288461538461539 0.04807692307692308
0 0.4122596153846154 0.2139423076923077 0.06009615384615385 0.04326923076923077
0 0.3966346153846154 0.23317307692307693 0.057692307692307696 0.04807692307692308
0 0.375 0.2572115384615385 0.05288461538461539 0.04326923076923077
0 0.3581730769230769 0.2800480769230769 0.05288461538461539 0.04567307692307693
0 0.21153846153846156 0.29927884615384615 0.1201923076923077 0.11298076923076923
0 0.3137019230769231 0.056490384615384616 0.2091346153846154 0.11298076923076923
0 0.1622596153846154 0.007211538461538462 0.06009615384615385 0.014423076923076924
0 0.12740384615384617 0.030048076923076924 0.08653846153846154 0.06009615384615385
0 0.078125 0.14182692307692307 0.09375 0.07211538461538462
0 0.13701923076923078 0.21875 0.07211538461538462 0.08173076923076923
0 0.01201923076923077 0.2572115384615385 0.02403846153846154 0.057692307692307696
