0 0.9230769230769231 0.003605769230769231 0.15384615384615385 0.007211538461538462
0 0.9711538461538463 0.21514423076923078 0.057692307692307696 0.03125
0 0.9591346153846154 0.24278846153846156 0.08173076923076923 0.028846153846153848
0 0.9435096153846154 0.2644230769230769 0.11298076923076923 0.02403846153846154
0 0.9302884615384616 0.29086538461538464 0.13942307692307693 0.028846153846153848
0 0.9194711538461539 0.3161057692307693 0.16105769230769232 0.026442307692307696
0 0.9026442307692308 0.3401442307692308 0.19471153846153846 0.026442307692307696
0 0.8954326923076924 0.3665865384615385 0.2091346153846154 0.026442307692307696
0 0.8882211538461539 0.38822115384615385 0.22355769230769232 0.026442307692307696
0 0.8870192307692308 0.4134615384615385 0.22596153846153846 0.028846153846153848
0 0.889423076923077 0.43870192307692313 0.22115384615384617 0.021634615384615384
0 0.9110576923076924 0.4675480769230769 0.1778846153846154 0.026442307692307696
0 0.9086538461538463 0.48918269230769235 0.13942307692307693 0.01682692307692308
0 0.905048076923077 0.5168269230769231 0.09855769230769232 0.019230769230769232
0 0.9098557692307693 0.5432692307692308 0.06009615384615385 0.019230769230769232
0 0.90625 0.025240384615384616 0.1875 0.026442307692307696
0 0.8870192307692308 0.058894230769230775 0.22596153846153846 0.026442307692307696
0 0.8689903846153847 0.09134615384615385 0.2620192307692308 0.02403846153846154
0 0.8521634615384616 0.125 0.2956730769230769 0.02403846153846154
0 0.8293269230769231 0.15745192307692307 0.3028846153846154 0.026442307692307696
0 0.7908653846153847 0.19110576923076925 0.3028846153846154 0.026442307692307696
0 0.765625 0.22596153846153846 0.3004807692307693 0.02403846153846154
0 0.7463942307692308 0.2572115384615385 0.2620192307692308 0.02403846153846154
0 0.7379807692307693 0.2884615384615385 0.20673076923076925 0.028846153846153848
0 0.7403846153846154 0.32091346153846156 0.13942307692307693 0.021634615384615384
0 0.7403846153846154 0.3545673076923077 0.07692307692307693 0.021634615384615384
0 0.3473557692307693 0.5060096153846154 0.17067307692307693 0.17067307692307693
0 0.4951923076923077 0.703125 0.19230769230769232 0.19471153846153846
0 0.4050480769230769 0.7860576923076924 0.18990384615384617 0.19711538461538464
0 0.3028846153846154 0.8677884615384616 0.19711538461538464 0.19230769230769232
0 0.6454326923076923 0.8641826923076924 0.07451923076923077 0.03125
0 0.639423076923077 0.8918269230769231 0.10576923076923078 0.04326923076923077
0 0.6334134615384616 0.9146634615384616 0.1514423076923077 0.05528846153846154
0 0.6201923076923077 0.9423076923076924 0.21153846153846156 0.0625
0 0.6129807692307693 0.9651442307692308 0.2644230769230769 0.06971153846153846
0 0.20673076923076925 0.9242788461538463 0.19711538461538464 0.1514423076923077
0 0.11418269230769232 0.967548076923077 0.18990384615384617 0.06490384615384616
0 0.5973557692307693 0.9747596153846154 0.3245192307692308 0.05048076923076923
0 0.6009615384615385 0.9855769230769231 0.3509615384615385 0.028846153846153848
