0 0.48557692307692313 0.01201923076923077 0.16826923076923078 0.02403846153846154
0 0.6057692307692308 0.05528846153846154 0.16826923076923078 0.11057692307692309
0 0.889423076923077 0.18028846153846154 0.22115384615384617 0.20673076923076925
0 0.9194711538461539 0.9819711538461539 0.13701923076923078 0.03605769230769231
0 0.4098557692307693 0.9903846153846154 0.29086538461538464 0.019230769230769232
0 0.7752403846153847 0.4963942307692308 0.17548076923076925 0.18028846153846154
0 0.6682692307692308 0.36899038461538464 0.057692307692307696 0.040865384615384616
0 0.7391826923076924 0.41586538461538464 0.03605769230769231 0.028846153846153848
0 0.6899038461538461 0.4050480769230769 0.11538461538461539 0.07932692307692309
0 0.6814903846153847 0.4170673076923077 0.11778846153846155 0.07932692307692309
0 0.6730769230769231 0.4326923076923077 0.11538461538461539 0.08173076923076923
0 0.6646634615384616 0.4447115384615385 0.11298076923076923 0.07692307692307693
0 0.6899038461538461 0.48197115384615385 0.04326923076923077 0.03125
0 0.6778846153846154 0.49399038461538464 0.04326923076923077 0.03605769230769231
0 0.6730769230769231 0.5120192307692308 0.04326923076923077 0.028846153846153848
