0 0.1466346153846154 0.007211538461538462 0.2932692307692308 0.014423076923076924
0 0.12860576923076925 0.02403846153846154 0.2572115384615385 0.02403846153846154
0 0.11778846153846155 0.05288461538461539 0.2355769230769231 0.028846153846153848
0 0.10697115384615385 0.078125 0.2139423076923077 0.026442307692307696
0 0.09014423076923077 0.09975961538461539 0.18028846153846154 0.026442307692307696
0 0.08052884615384616 0.12860576923076925 0.16105769230769232 0.021634615384615384
0 0.07091346153846154 0.1514423076923077 0.14182692307692307 0.019230769230769232
0 0.058894230769230775 0.17908653846153846 0.08413461538461539 0.021634615384615384
0 0.6887019230769231 0.5540865384615385 0.09855769230769232 0.09375
0 0.6670673076923077 0.576923076923077 0.0889423076923077 0.09134615384615385
0 0.6478365384615385 0.5985576923076923 0.09375 0.09134615384615385
0 0.6322115384615385 0.6189903846153847 0.09134615384615385 0.09375
0 0.608173076923077 0.639423076923077 0.09615384615384616 0.08653846153846154
0 0.1358173076923077 0.4447115384615385 0.2043269230769231 0.21634615384615385
0 0.11658653846153846 0.4603365384615385 0.2043269230769231 0.2139423076923077
0 0.10096153846153846 0.47716346153846156 0.20192307692307693 0.2139423076923077
0 0.09375 0.4915865384615385 0.1875 0.2091346153846154
0 0.08774038461538462 0.5108173076923077 0.17548076923076925 0.2139423076923077
0 0.1201923076923077 0.8665865384615385 0.2403846153846154 0.2668269230769231
