0 0.8870192307692308 0.27524038461538464 0.04326923076923077 0.05528846153846154
0 0.9338942307692308 0.3028846153846154 0.06009615384615385 0.05288461538461539
0 0.9903846153846154 0.3858173076923077 0.019230769230769232 0.05048076923076923
0 0.8605769230769231 0.3389423076923077 0.05288461538461539 0.08653846153846154
0 0.9939903846153847 0.9266826923076924 0.01201923076923077 0.05048076923076923
0 0.9447115384615385 0.9471153846153847 0.06730769230769232 0.0625
0 0.5444711538461539 0.7355769230769231 0.13221153846153846 0.15865384615384617
0 0.3617788461538462 0.6382211538461539 0.05528846153846154 0.05528846153846154
0 0.3317307692307693 0.4483173076923077 0.07211538461538462 0.07451923076923077
0 0.2848557692307693 0.41586538461538464 0.03605769230769231 0.03365384615384616
0 0.16947115384615385 0.828125 0.05528846153846154 0.06009615384615385
0 0.10576923076923078 0.8305288461538461 0.06730769230769232 0.06971153846153846
0 0.12620192307692307 0.6021634615384616 0.11778846153846155 0.06490384615384616
