0 0.3197115384615385 0.002403846153846154 0.05288461538461539 0.004807692307692308
0 0.4951923076923077 0.015625 0.038461538461538464 0.03125
0 0.6213942307692308 0.2199519230769231 0.06490384615384616 0.06490384615384616
0 0.5805288461538461 0.18389423076923078 0.06971153846153846 0.06490384615384616
0 0.5985576923076923 0.6201923076923077 0.03365384615384616 0.028846153846153848
0 0.4987980769230769 0.18990384615384617 0.06490384615384616 0.08173076923076923
0 0.19711538461538464 0.2716346153846154 0.0625 0.05288461538461539
0 0.10576923076923078 0.3497596153846154 0.21153846153846156 0.17548076923076925
0 0.12860576923076925 0.5745192307692308 0.07451923076923077 0.07692307692307693
0 0.4555288461538462 0.3737980769230769 0.040865384615384616 0.03605769230769231
0 0.04326923076923077 0.9699519230769231 0.08653846153846154 0.06009615384615385
