0 0.5 0.03605769230769231 1.0 0.07211538461538462
0 0.4879807692307693 0.10216346153846155 0.9759615384615385 0.07932692307692309
0 0.4711538461538462 0.17307692307692307 0.9423076923076924 0.08173076923076923
0 0.4278846153846154 0.25 0.8557692307692308 0.07692307692307693
0 0.38341346153846156 0.31009615384615385 0.7668269230769231 0.07692307692307693
0 0.3389423076923077 0.3822115384615385 0.6778846153846154 0.07211538461538462
0 0.3028846153846154 0.44711538461538464 0.576923076923077 0.07211538461538462
0 0.26802884615384615 0.515625 0.47355769230769235 0.06490384615384616
0 0.234375 0.5805288461538461 0.37259615384615385 0.05528846153846154
0 0.19951923076923078 0.6502403846153847 0.2644230769230769 0.05048076923076923
0 0.16346153846153846 0.7151442307692308 0.15865384615384617 0.05528846153846154
0 0.12860576923076925 0.7872596153846154 0.05528846153846154 0.03605769230769231
