0 0.09975961538461539 0.5709134615384616 0.06009615384615385 0.03125
0 0.09975961538461539 0.375 0.06971153846153846 0.028846153846153848
0 0.2560096153846154 0.042067307692307696 0.03125 0.021634615384615384
0 0.6514423076923077 0.1045673076923077 0.038461538461538464 0.03125
0 0.375 0.3653846153846154 0.17307692307692307 0.09134615384615385
0 0.4555288461538462 0.6358173076923077 0.09855769230769232 0.06009615384615385
0 0.5757211538461539 0.5841346153846154 0.03125 0.057692307692307696
0 0.5889423076923077 0.5793269230769231 0.028846153846153848 0.05288461538461539
0 0.6021634615384616 0.5745192307692308 0.03125 0.057692307692307696
0 0.6201923076923077 0.5721153846153847 0.03365384615384616 0.057692307692307696
0 0.6346153846153847 0.5685096153846154 0.03365384615384616 0.05528846153846154
0 0.6514423076923077 0.5600961538461539 0.028846153846153848 0.057692307692307696
0 0.6694711538461539 0.5540865384615385 0.021634615384615384 0.06009615384615385
0 0.686298076923077 0.5637019230769231 0.021634615384615384 0.03125
0 0.4747596153846154 0.905048076923077 0.08413461538461539 0.04567307692307693
