0 0.7403846153846154 0.01682692307692308 0.028846153846153848 0.03365384615384616
0 0.6141826923076923 0.32091346153846156 0.0889423076923077 0.08413461538461539
0 0.5108173076923077 0.28125 0.11778846153846155 0.11057692307692309
0 0.453125 0.46875 0.040865384615384616 0.03365384615384616
0 0.3629807692307693 0.4242788461538462 0.038461538461538464 0.03125
0 0.3894230769230769 0.47716346153846156 0.038461538461538464 0.03125
0 0.33774038461538464 0.5012019230769231 0.03605769230769231 0.03605769230769231
0 0.3269230769230769 0.4879807692307693 0.038461538461538464 0.028846153846153848
0 0.31730769230769235 0.4675480769230769 0.03365384615384616 0.03125
0 0.30649038461538464 0.453125 0.03605769230769231 0.03125
0 0.3557692307692308 0.49399038461538464 0.057692307692307696 0.09375
0 0.2956730769230769 0.43149038461538464 0.038461538461538464 0.03605769230769231
0 0.12139423076923078 0.13701923076923078 0.06971153846153846 0.04807692307692308
0 0.1466346153846154 0.1983173076923077 0.06730769230769232 0.05528846153846154
2 0.2884615384615385 0.7788461538461539 0.057692307692307696 0.11538461538461539
0 0.15625 0.7199519230769231 0.0625 0.040865384615384616
