0 0.014423076923076924 0.02764423076923077 0.028846153846153848 0.05528846153846154
0 0.025240384615384616 0.5901442307692308 0.05048076923076923 0.06971153846153846
0 0.07451923076923077 0.561298076923077 0.07692307692307693 0.06490384615384616
0 0.16586538461538464 0.5204326923076923 0.14903846153846154 0.09855769230769232
0 0.30168269230769235 0.5216346153846154 0.0889423076923077 0.09615384615384616
0 0.3353365384615385 0.5901442307692308 0.07932692307692309 0.09375
0 0.3701923076923077 0.6670673076923077 0.08173076923076923 0.10336538461538462
0 0.3605769230769231 0.4951923076923077 0.08653846153846154 0.10576923076923078
0 0.42307692307692313 0.623798076923077 0.13461538461538464 0.19951923076923078
0 0.3317307692307693 0.8100961538461539 0.10096153846153846 0.08653846153846154
0 0.25 0.8473557692307693 0.11057692307692309 0.09855769230769232
0 0.1622596153846154 0.889423076923077 0.11298076923076923 0.08653846153846154
