0 0.640625 0.12860576923076925 0.03125 0.03125
0 0.686298076923077 0.12740384615384617 0.03125 0.03365384615384616
0 0.9338942307692308 0.004807692307692308 0.11778846153846155 0.009615384615384616
0 0.6838942307692308 0.4879807692307693 0.026442307692307696 0.028846153846153848
0 0.655048076923077 0.48557692307692313 0.026442307692307696 0.028846153846153848
0 0.6274038461538461 0.592548076923077 0.08173076923076923 0.11778846153846155
0 0.5673076923076923 0.5757211538461539 0.08653846153846154 0.10817307692307693
0 0.48197115384615385 0.6201923076923077 0.026442307692307696 0.028846153846153848
0 0.43028846153846156 0.5817307692307693 0.08173076923076923 0.05288461538461539
0 0.29086538461538464 0.53125 0.11538461538461539 0.08173076923076923
