0 0.9723557692307693 0.6875 0.05048076923076923 0.04326923076923077
0 0.7223557692307693 0.6033653846153847 0.14182692307692307 0.13942307692307693
0 0.8329326923076924 0.4795673076923077 0.08413461538461539 0.10336538461538462
0 0.7548076923076924 0.33774038461538464 0.11057692307692309 0.10336538461538462
0 0.7139423076923077 0.3112980769230769 0.038461538461538464 0.040865384615384616
0 0.7355769230769231 0.2932692307692308 0.038461538461538464 0.03365384615384616
0 0.7572115384615385 0.2800480769230769 0.03365384615384616 0.03605769230769231
0 0.6346153846153847 0.4242788461538462 0.14423076923076925 0.12740384615384617
0 0.5576923076923077 0.4134615384615385 0.04807692307692308 0.04807692307692308
0 0.578125 0.3966346153846154 0.04567307692307693 0.04326923076923077
0 0.5997596153846154 0.37980769230769235 0.04567307692307693 0.05288461538461539
0 0.6213942307692308 0.3629807692307693 0.04567307692307693 0.04326923076923077
0 0.6418269230769231 0.34855769230769235 0.05288461538461539 0.038461538461538464
0 0.4254807692307693 0.3004807692307693 0.07211538461538462 0.0625
0 0.4639423076923077 0.25480769230769235 0.11057692307692309 0.10576923076923078
0 0.5204326923076923 0.1875 0.10336538461538462 0.10096153846153846
0 0.5793269230769231 0.12620192307692307 0.10576923076923078 0.10817307692307693
0 0.545673076923077 0.04807692307692308 0.06730769230769232 0.05288461538461539
0 0.5264423076923077 0.07211538461538462 0.057692307692307696 0.05288461538461539
0 0.5072115384615384 0.09134615384615385 0.06730769230769232 0.05288461538461539
0 0.49399038461538464 0.11418269230769232 0.06009615384615385 0.05048076923076923
0 0.4711538461538462 0.13341346153846154 0.057692307692307696 0.05048076923076923
0 0.4555288461538462 0.15504807692307693 0.06971153846153846 0.06009615384615385
0 0.4375 0.1778846153846154 0.05288461538461539 0.04807692307692308
0 0.4242788461538462 0.19951923076923078 0.06009615384615385 0.04326923076923077
0 0.4086538461538462 0.21875 0.057692307692307696 0.04807692307692308
0 0.3870192307692308 0.24278846153846156 0.05288461538461539 0.04326923076923077
0 0.3701923076923077 0.265625 0.05288461538461539 0.04567307692307693
0 0.22355769230769232 0.2848557692307693 0.1201923076923077 0.11298076923076923
0 0.32572115384615385 0.04927884615384616 0.2091346153846154 0.09855769230769232
0 0.13942307692307693 0.022836538461538464 0.08653846153846154 0.04567307692307693
0 0.09014423076923077 0.12740384615384617 0.09375 0.07211538461538462
0 0.14903846153846154 0.2043269230769231 0.07211538461538462 0.08173076923076923
0 0.00841346153846154 0.2872596153846154 0.01682692307692308 0.07932692307692309
0 0.018028846153846156 0.24278846153846156 0.03605769230769231 0.057692307692307696
