0 0.06971153846153846 0.014423076923076924 0.0625 0.028846153846153848
0 0.11538461538461539 0.03485576923076923 0.0625 0.06009615384615385
0 0.16346153846153846 0.06971153846153846 0.06730769230769232 0.057692307692307696
0 0.09014423076923077 0.07572115384615385 0.06009615384615385 0.05048076923076923
0 0.1310096153846154 0.10817307692307693 0.040865384615384616 0.038461538461538464
0 0.03245192307692308 0.10576923076923078 0.03605769230769231 0.038461538461538464
0 0.014423076923076924 0.13341346153846154 0.028846153846153848 0.040865384615384616
0 0.07451923076923077 0.13341346153846154 0.05288461538461539 0.05048076923076923
0 0.04447115384615385 0.16826923076923078 0.05048076923076923 0.04326923076923077
0 0.4206730769230769 0.3040865384615385 0.05288461538461539 0.05048076923076923
0 0.3870192307692308 0.34615384615384615 0.05288461538461539 0.05288461538461539
0 0.36899038461538464 0.36899038461538464 0.040865384615384616 0.040865384615384616
0 0.3545673076923077 0.4362980769230769 0.07451923076923077 0.06009615384615385
0 0.3245192307692308 0.4723557692307693 0.057692307692307696 0.06490384615384616
0 0.3774038461538462 0.5168269230769231 0.08653846153846154 0.07692307692307693
0 0.42668269230769235 0.49759615384615385 0.06490384615384616 0.05288461538461539
0 0.49399038461538464 0.3161057692307693 0.06971153846153846 0.06490384615384616
0 0.5408653846153847 0.359375 0.038461538461538464 0.03605769230769231
0 0.5216346153846154 0.38341346153846156 0.05288461538461539 0.05048076923076923
0 0.4711538461538462 0.3497596153846154 0.08173076923076923 0.07451923076923077
0 0.4447115384615385 0.3870192307692308 0.08173076923076923 0.06730769230769232
0 0.4182692307692308 0.41466346153846156 0.06730769230769232 0.06009615384615385
0 0.5024038461538461 0.43149038461538464 0.07211538461538462 0.06971153846153846
0 0.48197115384615385 0.46153846153846156 0.06971153846153846 0.05288461538461539
0 0.5637019230769231 0.47836538461538464 0.07451923076923077 0.07211538461538462
0 0.5372596153846154 0.5060096153846154 0.06971153846153846 0.06009615384615385
0 0.6346153846153847 0.4278846153846154 0.03365384615384616 0.03365384615384616
0 0.6538461538461539 0.4915865384615385 0.07211538461538462 0.07451923076923077
0 0.6778846153846154 0.4651442307692308 0.06730769230769232 0.05528846153846154
0 0.7247596153846154 0.4987980769230769 0.040865384615384616 0.040865384615384616
0 0.703125 0.5276442307692308 0.05528846153846154 0.05048076923076923
0 0.671875 0.5600961538461539 0.05528846153846154 0.04807692307692308
0 0.623798076923077 0.53125 0.07451923076923077 0.06730769230769232
0 0.6490384615384616 0.59375 0.04807692307692308 0.038461538461538464
0 0.5985576923076923 0.5576923076923077 0.07211538461538462 0.0625
0 0.6334134615384616 0.6526442307692308 0.04567307692307693 0.05048076923076923
0 0.5913461538461539 0.6983173076923077 0.05288461538461539 0.06490384615384616
0 0.20793269230769232 0.795673076923077 0.03125 0.02403846153846154
