0 0.921875 0.3966346153846154 0.12259615384615385 0.11538461538461539
0 0.7139423076923077 0.7055288461538461 0.02403846153846154 0.026442307692307696
0 0.6213942307692308 0.873798076923077 0.03605769230769231 0.040865384615384616
0 0.6694711538461539 0.9098557692307693 0.03605769230769231 0.040865384615384616
0 0.734375 0.953125 0.0889423076923077 0.09375
0 0.7740384615384616 0.9819711538461539 0.08653846153846154 0.03605769230769231
0 0.23677884615384617 0.3605769230769231 0.040865384615384616 0.03365384615384616
0 0.34134615384615385 0.453125 0.04807692307692308 0.03125
0 0.3894230769230769 0.46153846153846156 0.04807692307692308 0.04326923076923077
0 0.42668269230769235 0.4831730769230769 0.04567307692307693 0.04807692307692308
0 0.23317307692307693 0.6225961538461539 0.0625 0.07211538461538462
0 0.2824519230769231 0.6478365384615385 0.026442307692307696 0.03125
0 0.3822115384615385 0.6887019230769231 0.06730769230769232 0.07451923076923077
0 0.41947115384615385 0.717548076923077 0.03125 0.03605769230769231
