0 0.23076923076923078 0.022836538461538464 0.13461538461538464 0.04567307692307693
0 0.3545673076923077 0.21875 0.6225961538461539 0.4375
0 0.7055288461538461 0.24399038461538464 0.23317307692307693 0.21875
0 0.764423076923077 0.29927884615384615 0.21634615384615385 0.19951923076923078
0 0.6033653846153847 0.4807692307692308 0.22115384615384617 0.22115384615384617
0 0.46274038461538464 0.6189903846153847 0.19951923076923078 0.19471153846153846
0 0.44591346153846156 0.5096153846153847 0.28125 0.2692307692307693
0 0.4375 0.22716346153846156 0.04807692307692308 0.021634615384615384
0 0.4338942307692308 0.25841346153846156 0.09855769230769232 0.026442307692307696
0 0.4134615384615385 0.2848557692307693 0.1201923076923077 0.021634615384615384
0 0.37980769230769235 0.31490384615384615 0.1201923076923077 0.02403846153846154
0 0.3197115384615385 0.375 0.125 0.02403846153846154
0 0.35216346153846156 0.34375 0.12259615384615385 0.02403846153846154
0 0.2932692307692308 0.40384615384615385 0.11538461538461539 0.02403846153846154
0 0.2620192307692308 0.4290865384615385 0.1201923076923077 0.021634615384615384
0 0.25961538461538464 0.45793269230769235 0.057692307692307696 0.021634615384615384
0 0.49399038461538464 0.3004807692307693 0.05528846153846154 0.02403846153846154
0 0.4987980769230769 0.32211538461538464 0.10336538461538462 0.03365384615384616
0 0.48557692307692313 0.34375 0.10096153846153846 0.028846153846153848
0 0.46274038461538464 0.359375 0.10817307692307693 0.03125
0 0.4399038461538462 0.3774038461538462 0.11057692307692309 0.028846153846153848
0 0.4278846153846154 0.3918269230769231 0.10576923076923078 0.03365384615384616
0 0.4098557692307693 0.4122596153846154 0.10817307692307693 0.03125
0 0.3918269230769231 0.4278846153846154 0.09615384615384616 0.028846153846153848
0 0.3762019230769231 0.4483173076923077 0.10817307692307693 0.026442307692307696
0 0.35216346153846156 0.4651442307692308 0.11298076923076923 0.03125
0 0.3293269230769231 0.48197115384615385 0.11057692307692309 0.026442307692307696
0 0.3185096153846154 0.5228365384615384 0.06490384615384616 0.021634615384615384
0 0.3185096153846154 0.545673076923077 0.03605769230769231 0.019230769230769232
0 0.3185096153846154 0.5024038461538461 0.10336538461538462 0.028846153846153848
