0 0.19471153846153846 0.6526442307692308 0.07211538461538462 0.10336538461538462
0 0.23317307692307693 0.7067307692307693 0.07692307692307693 0.057692307692307696
0 0.4879807692307693 0.6153846153846154 0.05288461538461539 0.038461538461538464
0 0.4987980769230769 0.6490384615384616 0.04567307692307693 0.03365384615384616
0 0.5132211538461539 0.6730769230769231 0.04567307692307693 0.028846153846153848
0 0.5264423076923077 0.701923076923077 0.04326923076923077 0.03365384615384616
0 0.5372596153846154 0.7271634615384616 0.04567307692307693 0.026442307692307696
0 0.5516826923076923 0.7548076923076924 0.04567307692307693 0.028846153846153848
0 0.5649038461538461 0.7836538461538461 0.04326923076923077 0.03365384615384616
0 0.6009615384615385 0.9651442307692308 0.09134615384615385 0.06971153846153846
0 0.6971153846153847 0.9699519230769231 0.09615384615384616 0.06009615384615385
0 0.951923076923077 0.7776442307692308 0.08173076923076923 0.10817307692307693
0 0.9795673076923077 0.890625 0.040865384615384616 0.11298076923076923
0 0.8713942307692308 0.8762019230769231 0.1466346153846154 0.23798076923076925
0 0.9254807692307693 0.9915865384615385 0.06730769230769232 0.01682692307692308
0 0.9651442307692308 0.9819711538461539 0.06490384615384616 0.03605769230769231
