0 0.015625 0.12740384615384617 0.03125 0.0625
0 0.20192307692307693 0.1045673076923077 0.10096153846153846 0.05048076923076923
0 0.1466346153846154 0.35216346153846156 0.04807692307692308 0.021634615384615384
0 0.4206730769230769 0.08293269230769232 0.04326923076923077 0.05048076923076923
0 0.6009615384615385 0.07932692307692309 0.03365384615384616 0.05288461538461539
0 0.6778846153846154 0.06971153846153846 0.03365384615384616 0.057692307692307696
0 0.3737980769230769 0.34855769230769235 0.08413461538461539 0.04807692307692308
0 0.41586538461538464 0.3786057692307693 0.03365384615384616 0.06009615384615385
0 0.453125 0.3786057692307693 0.03125 0.06009615384615385
0 0.41466346153846156 0.8473557692307693 0.03125 0.03125
0 0.4603365384615385 0.8461538461538463 0.03125 0.03365384615384616
0 0.6730769230769231 0.5024038461538461 0.028846153846153848 0.019230769230769232
0 0.7079326923076924 0.6983173076923077 0.11778846153846155 0.06009615384615385
0 0.4795673076923077 0.06971153846153846 0.040865384615384616 0.03365384615384616
