0 0.6141826923076923 0.03365384615384616 0.15625 0.06730769230769232
0 0.5084134615384616 0.046875 0.10336538461538462 0.09375
0 0.655048076923077 0.08173076923076923 0.1514423076923077 0.12980769230769232
0 0.686298076923077 0.1778846153846154 0.11778846153846155 0.12980769230769232
0 0.7632211538461539 0.18149038461538464 0.10817307692307693 0.11298076923076923
0 0.7932692307692308 0.2512019230769231 0.11538461538461539 0.10336538461538462
0 0.5528846153846154 0.12980769230769232 0.09615384615384616 0.1201923076923077
0 0.5913461538461539 0.22115384615384617 0.09134615384615385 0.11057692307692309
0 0.7091346153846154 0.2728365384615385 0.11057692307692309 0.11298076923076923
0 0.7367788461538461 0.34855769230769235 0.09855769230769232 0.10096153846153846
0 0.7776442307692308 0.42668269230769235 0.09375 0.09855769230769232
0 0.4651442307692308 0.13461538461538464 0.10817307692307693 0.12980769230769232
0 0.40625 0.1622596153846154 0.07692307692307693 0.12259615384615385
0 0.4399038461538462 0.27524038461538464 0.09615384615384616 0.13221153846153846
0 0.5192307692307693 0.24399038461538464 0.10096153846153846 0.13221153846153846
0 0.6358173076923077 0.30528846153846156 0.09855769230769232 0.10576923076923078
0 0.5576923076923077 0.33774038461538464 0.09615384615384616 0.10336538461538462
0 0.6646634615384616 0.38461538461538464 0.08413461538461539 0.10576923076923078
0 0.5913461538461539 0.4086538461538462 0.08653846153846154 0.08653846153846154
0 0.4831730769230769 0.3701923076923077 0.09134615384615385 0.10576923076923078
0 0.3629807692307693 0.28125 0.09615384615384616 0.08653846153846154
0 0.3786057692307693 0.33293269230769235 0.0889423076923077 0.08413461538461539
0 0.2872596153846154 0.31009615384615385 0.0889423076923077 0.08173076923076923
0 0.3112980769230769 0.3701923076923077 0.0889423076923077 0.08173076923076923
0 0.4086538461538462 0.4050480769230769 0.10096153846153846 0.10817307692307693
0 0.3353365384615385 0.4326923076923077 0.09375 0.10576923076923078
0 0.514423076923077 0.453125 0.08653846153846154 0.08413461538461539
0 0.25841346153846156 0.4639423076923077 0.10336538461538462 0.10576923076923078
0 0.6935096153846154 0.4591346153846154 0.08413461538461539 0.09615384615384616
0 0.8088942307692308 0.5024038461538461 0.10336538461538462 0.11538461538461539
0 0.7319711538461539 0.5384615384615385 0.09855769230769232 0.10096153846153846
0 0.625 0.4903846153846154 0.08653846153846154 0.09615384615384616
0 0.6574519230769231 0.5661057692307693 0.10336538461538462 0.10817307692307693
0 0.6887019230769231 0.6490384615384616 0.09375 0.09134615384615385
0 0.6225961538461539 0.6790865384615385 0.09615384615384616 0.09375
0 0.5516826923076923 0.5228365384615384 0.09855769230769232 0.0889423076923077
0 0.5829326923076923 0.5949519230769231 0.09375 0.10336538461538462
0 0.44230769230769235 0.47836538461538464 0.09134615384615385 0.09134615384615385
0 0.47836538461538464 0.5528846153846154 0.08653846153846154 0.09134615384615385
0 0.5132211538461539 0.6310096153846154 0.09855769230769232 0.10817307692307693
0 0.36899038461538464 0.5096153846153847 0.0889423076923077 0.10096153846153846
0 0.39903846153846156 0.5877403846153847 0.08173076923076923 0.09855769230769232
0 0.4375 0.6670673076923077 0.10096153846153846 0.10336538461538462
0 0.29927884615384615 0.5444711538461539 0.08413461538461539 0.09855769230769232
0 0.18149038461538464 0.4987980769230769 0.09855769230769232 0.11298076923076923
0 0.21634615384615385 0.5757211538461539 0.09134615384615385 0.09855769230769232
0 0.33052884615384615 0.6201923076923077 0.08413461538461539 0.09615384615384616
0 0.359375 0.6995192307692308 0.10336538461538462 0.11057692307692309
0 0.2872596153846154 0.7295673076923077 0.10336538461538462 0.11778846153846155
0 0.25480769230769235 0.65625 0.10576923076923078 0.10576923076923078
0 0.3762019230769231 0.8533653846153847 0.09855769230769232 0.13461538461538464
0 0.3293269230769231 0.873798076923077 0.09615384615384616 0.13701923076923078
