0 0.7524038461538461 0.17548076923076925 0.15865384615384617 0.125
0 0.8052884615384616 0.2451923076923077 0.15384615384615385 0.13461538461538464
0 0.6887019230769231 0.3894230769230769 0.18028846153846154 0.13942307692307693
0 0.530048076923077 0.8185096153846154 0.04567307692307693 0.040865384615384616
0 0.2139423076923077 0.9110576923076924 0.08653846153846154 0.07692307692307693
0 0.15024038461538464 0.8545673076923077 0.0889423076923077 0.08413461538461539
0 0.08533653846153846 0.7992788461538461 0.0889423076923077 0.08413461538461539
0 0.09134615384615385 0.9182692307692308 0.1826923076923077 0.16346153846153846
0 0.4338942307692308 0.8870192307692308 0.13701923076923078 0.125
0 0.6911057692307693 0.623798076923077 0.05528846153846154 0.040865384615384616
