0 0.9579326923076924 0.021634615384615384 0.08413461538461539 0.04326923076923077
0 0.9747596153846154 0.0625 0.05048076923076923 0.10096153846153846
0 0.701923076923077 0.02764423076923077 0.09615384615384616 0.05528846153846154
0 0.78125 0.01201923076923077 0.10096153846153846 0.02403846153846154
0 0.8978365384615385 0.03605769230769231 0.09855769230769232 0.07211538461538462
0 0.8197115384615385 0.05168269230769231 0.09615384615384616 0.10336538461538462
0 0.9266826923076924 0.09855769230769232 0.08413461538461539 0.10576923076923078
0 0.8533653846153847 0.12259615384615385 0.08653846153846154 0.08653846153846154
0 0.7451923076923077 0.08413461538461539 0.09134615384615385 0.10576923076923078
0 0.625 0.019230769230769232 0.09615384615384616 0.038461538461538464
0 0.640625 0.046875 0.0889423076923077 0.08413461538461539
0 0.5492788461538461 0.03245192307692308 0.0889423076923077 0.06490384615384616
0 0.5733173076923077 0.08413461538461539 0.0889423076923077 0.08173076923076923
0 0.670673076923077 0.11899038461538462 0.10096153846153846 0.10817307692307693
0 0.5973557692307693 0.1466346153846154 0.09375 0.10576923076923078
0 0.7764423076923077 0.1670673076923077 0.08653846153846154 0.08413461538461539
0 0.5204326923076923 0.1778846153846154 0.10336538461538462 0.10576923076923078
0 0.9555288461538463 0.17307692307692307 0.08413461538461539 0.09615384615384616
0 0.9723557692307693 0.25240384615384615 0.05528846153846154 0.10096153846153846
0 0.8870192307692308 0.2043269230769231 0.08653846153846154 0.09615384615384616
0 0.9194711538461539 0.2800480769230769 0.10336538461538462 0.10817307692307693
0 0.9507211538461539 0.3629807692307693 0.09375 0.09134615384615385
0 0.8846153846153847 0.3930288461538462 0.09615384615384616 0.09375
0 0.8137019230769231 0.23677884615384617 0.09855769230769232 0.0889423076923077
0 0.8449519230769231 0.3088942307692308 0.09375 0.10336538461538462
0 0.7043269230769231 0.19230769230769232 0.09134615384615385 0.09134615384615385
0 0.7403846153846154 0.2668269230769231 0.08653846153846154 0.09134615384615385
0 0.7752403846153847 0.3449519230769231 0.09855769230769232 0.10817307692307693
0 0.6310096153846154 0.22355769230769232 0.0889423076923077 0.10096153846153846
0 0.6610576923076923 0.30168269230769235 0.08173076923076923 0.09855769230769232
0 0.6995192307692308 0.3810096153846154 0.10096153846153846 0.10336538461538462
0 0.561298076923077 0.25841346153846156 0.08413461538461539 0.09855769230769232
0 0.4435096153846154 0.21274038461538464 0.09855769230769232 0.11298076923076923
0 0.47836538461538464 0.28966346153846156 0.09134615384615385 0.09855769230769232
0 0.592548076923077 0.3341346153846154 0.08413461538461539 0.09615384615384616
0 0.6213942307692308 0.4134615384615385 0.10336538461538462 0.11057692307692309
0 0.5492788461538461 0.4435096153846154 0.10336538461538462 0.11778846153846155
0 0.5168269230769231 0.3701923076923077 0.10576923076923078 0.10576923076923078
0 0.6382211538461539 0.5673076923076923 0.09855769230769232 0.13461538461538464
0 0.5913461538461539 0.5877403846153847 0.09615384615384616 0.13701923076923078
