0 0.34134615384615385 0.07211538461538462 0.6826923076923077 0.14423076923076925
0 0.33052884615384615 0.11177884615384616 0.6610576923076923 0.22355769230769232
0 0.670673076923077 0.013221153846153848 0.4182692307692308 0.026442307692307696
0 0.640625 0.06730769230769232 0.5216346153846154 0.05288461538461539
0 0.6165865384615385 0.1358173076923077 0.6322115384615385 0.06009615384615385
0 0.5913461538461539 0.2043269230769231 0.7355769230769231 0.07211538461538462
0 0.561298076923077 0.2668269230769231 0.8341346153846154 0.07692307692307693
0 0.5216346153846154 0.33653846153846156 0.9375 0.08173076923076923
0 0.5 0.4050480769230769 1.0 0.08413461538461539
0 0.5 0.4759615384615385 1.0 0.08173076923076923
0 0.4447115384615385 0.546875 0.889423076923077 0.07932692307692309
0 0.4278846153846154 0.6177884615384616 0.8557692307692308 0.08173076923076923
0 0.38461538461538464 0.6947115384615385 0.7692307692307693 0.07692307692307693
0 0.3401442307692308 0.7548076923076924 0.6802884615384616 0.07692307692307693
0 0.2956730769230769 0.826923076923077 0.5913461538461539 0.07211538461538462
0 0.25240384615384615 0.8918269230769231 0.5048076923076923 0.07211538461538462
0 0.2091346153846154 0.9603365384615385 0.4182692307692308 0.06490384615384616
