0 0.22115384615384617 0.25841346153846156 0.05288461538461539 0.05048076923076923
0 0.1875 0.3004807692307693 0.05288461538461539 0.05288461538461539
0 0.16947115384615385 0.3233173076923077 0.040865384615384616 0.040865384615384616
0 0.15504807692307693 0.390625 0.07451923076923077 0.06009615384615385
0 0.125 0.42668269230769235 0.057692307692307696 0.06490384615384616
0 0.1778846153846154 0.4711538461538462 0.08653846153846154 0.07692307692307693
0 0.22716346153846156 0.4519230769230769 0.06490384615384616 0.05288461538461539
0 0.29447115384615385 0.27043269230769235 0.06971153846153846 0.06490384615384616
0 0.34134615384615385 0.3137019230769231 0.038461538461538464 0.03605769230769231
0 0.32211538461538464 0.33774038461538464 0.05288461538461539 0.05048076923076923
0 0.2716346153846154 0.3040865384615385 0.08173076923076923 0.07451923076923077
0 0.2451923076923077 0.34134615384615385 0.08173076923076923 0.06730769230769232
0 0.21875 0.36899038461538464 0.06730769230769232 0.06009615384615385
0 0.3028846153846154 0.3858173076923077 0.07211538461538462 0.06971153846153846
0 0.2824519230769231 0.41586538461538464 0.06971153846153846 0.05288461538461539
0 0.36418269230769235 0.4326923076923077 0.07451923076923077 0.07211538461538462
0 0.33774038461538464 0.4603365384615385 0.06971153846153846 0.06009615384615385
0 0.43509615384615385 0.3822115384615385 0.03365384615384616 0.03365384615384616
0 0.45432692307692313 0.44591346153846156 0.07211538461538462 0.07451923076923077
0 0.47836538461538464 0.41947115384615385 0.06730769230769232 0.05528846153846154
0 0.5252403846153847 0.453125 0.040865384615384616 0.040865384615384616
0 0.5036057692307693 0.48197115384615385 0.05528846153846154 0.05048076923076923
0 0.4723557692307693 0.514423076923077 0.05528846153846154 0.04807692307692308
0 0.4242788461538462 0.48557692307692313 0.07451923076923077 0.06730769230769232
0 0.4495192307692308 0.5480769230769231 0.04807692307692308 0.038461538461538464
0 0.39903846153846156 0.5120192307692308 0.07211538461538462 0.0625
0 0.4338942307692308 0.6069711538461539 0.04567307692307693 0.05048076923076923
0 0.3918269230769231 0.6526442307692308 0.05288461538461539 0.06490384615384616
0 0.01201923076923077 0.75 0.02403846153846154 0.02403846153846154
