0 0.9002403846153847 0.05168269230769231 0.12259615384615385 0.10336538461538462
0 0.5288461538461539 0.17908653846153846 0.02403846153846154 0.026442307692307696
0 0.4362980769230769 0.3473557692307693 0.03605769230769231 0.040865384615384616
0 0.484375 0.38341346153846156 0.03605769230769231 0.040865384615384616
0 0.5492788461538461 0.4290865384615385 0.0889423076923077 0.09855769230769232
0 0.5889423076923077 0.48197115384615385 0.08653846153846154 0.0889423076923077
0 0.04807692307692308 0.09615384615384616 0.0625 0.07211538461538462
0 0.09735576923076923 0.12139423076923078 0.026442307692307696 0.03125
0 0.19711538461538464 0.1622596153846154 0.06730769230769232 0.07451923076923077
0 0.234375 0.19110576923076925 0.03125 0.03605769230769231
