0 0.9651442307692308 0.8257211538461539 0.06971153846153846 0.10336538461538462
0 0.9447115384615385 0.7992788461538461 0.038461538461538464 0.040865384615384616
0 0.9663461538461539 0.78125 0.038461538461538464 0.03365384615384616
0 0.9855769230769231 0.7680288461538461 0.028846153846153848 0.03605769230769231
0 0.8653846153846154 0.9122596153846154 0.14423076923076925 0.12740384615384617
0 0.7884615384615385 0.9014423076923077 0.04807692307692308 0.04807692307692308
0 0.8088942307692308 0.8846153846153847 0.04567307692307693 0.04326923076923077
0 0.8305288461538461 0.8677884615384616 0.04567307692307693 0.05288461538461539
0 0.8521634615384616 0.8509615384615385 0.04567307692307693 0.04326923076923077
0 0.8725961538461539 0.8365384615384616 0.05288461538461539 0.038461538461538464
0 0.65625 0.7884615384615385 0.07211538461538462 0.0625
0 0.6947115384615385 0.7427884615384616 0.11057692307692309 0.10576923076923078
0 0.7512019230769231 0.6754807692307693 0.10336538461538462 0.10096153846153846
0 0.8100961538461539 0.6141826923076923 0.10576923076923078 0.10817307692307693
0 0.7764423076923077 0.5360576923076923 0.06730769230769232 0.05288461538461539
0 0.7572115384615385 0.5600961538461539 0.057692307692307696 0.05288461538461539
0 0.7379807692307693 0.5793269230769231 0.06730769230769232 0.05288461538461539
0 0.7247596153846154 0.6021634615384616 0.06009615384615385 0.05048076923076923
0 0.701923076923077 0.6213942307692308 0.057692307692307696 0.05048076923076923
0 0.686298076923077 0.6430288461538461 0.06971153846153846 0.06009615384615385
0 0.6682692307692308 0.6658653846153847 0.05288461538461539 0.04807692307692308
0 0.655048076923077 0.6875 0.06009615384615385 0.04326923076923077
0 0.639423076923077 0.7067307692307693 0.057692307692307696 0.04807692307692308
0 0.6177884615384616 0.7307692307692308 0.05288461538461539 0.04326923076923077
0 0.6009615384615385 0.7536057692307693 0.05288461538461539 0.04567307692307693
0 0.45432692307692313 0.7728365384615385 0.1201923076923077 0.11298076923076923
0 0.5564903846153847 0.4915865384615385 0.2091346153846154 0.18990384615384617
0 0.4050480769230769 0.4375 0.06009615384615385 0.10096153846153846
0 0.3701923076923077 0.4987980769230769 0.08653846153846154 0.06971153846153846
0 0.32091346153846156 0.6153846153846154 0.09375 0.07211538461538462
0 0.37980769230769235 0.6923076923076923 0.07211538461538462 0.08173076923076923
0 0.17908653846153846 0.8137019230769231 0.07451923076923077 0.06490384615384616
0 0.20793269230769232 0.7752403846153847 0.07932692307692309 0.07932692307692309
0 0.234375 0.7307692307692308 0.06490384615384616 0.057692307692307696
0 0.16105769230769232 0.3088942307692308 0.09615384615384616 0.09375
0 0.2608173076923077 0.21274038461538464 0.16105769230769232 0.16105769230769232
