0 0.9711538461538463 0.020432692307692308 0.057692307692307696 0.03605769230769231
0 0.9711538461538463 0.5060096153846154 0.057692307692307696 0.09375
0 0.8317307692307693 0.3509615384615385 0.1201923076923077 0.09134615384615385
0 0.6574519230769231 0.7055288461538461 0.05528846153846154 0.05048076923076923
0 0.6153846153846154 0.6766826923076923 0.057692307692307696 0.08413461538461539
2 0.609375 0.8125 0.07932692307692309 0.08173076923076923
0 0.44230769230769235 0.4362980769230769 0.038461538461538464 0.040865384615384616
0 0.4098557692307693 0.46995192307692313 0.026442307692307696 0.026442307692307696
0 0.48197115384615385 0.8245192307692308 0.0889423076923077 0.08173076923076923
0 0.23076923076923078 0.6514423076923077 0.15384615384615385 0.19230769230769232
0 0.020432692307692308 0.9110576923076924 0.040865384615384616 0.04807692307692308
