0 0.623798076923077 0.22235576923076925 0.09855769230769232 0.09855769230769232
0 0.6478365384615385 0.3197115384615385 0.23798076923076925 0.21634615384615385
0 0.625 0.3701923076923077 0.22115384615384617 0.22115384615384617
0 0.5072115384615384 0.35336538461538464 0.0625 0.07692307692307693
0 0.06850961538461539 0.6670673076923077 0.03125 0.03125
0 0.00841346153846154 0.6899038461538461 0.01682692307692308 0.06730769230769232
0 0.021634615384615384 0.7067307692307693 0.04326923076923077 0.07211538461538462
0 0.8377403846153847 0.4134615384615385 0.05048076923076923 0.05288461538461539
0 0.8834134615384616 0.3473557692307693 0.09375 0.10336538461538462
0 0.9411057692307693 0.2716346153846154 0.09375 0.10576923076923078
0 0.6742788461538461 0.9867788461538463 0.2091346153846154 0.026442307692307696
0 0.5228365384615384 0.9819711538461539 0.06009615384615385 0.03605769230769231
0 0.27884615384615385 0.8858173076923077 0.09615384615384616 0.09375
0 0.3786057692307693 0.7896634615384616 0.16105769230769232 0.16105769230769232
0 0.05168269230769231 0.8557692307692308 0.10336538461538462 0.15384615384615385
0 0.2403846153846154 0.1826923076923077 0.08173076923076923 0.09134615384615385
0 0.19471153846153846 0.2043269230769231 0.04326923076923077 0.038461538461538464
