0 0.6213942307692308 0.40024038461538464 0.04567307692307693 0.03125
0 0.8954326923076924 0.15745192307692307 0.18990384615384617 0.23798076923076925
0 0.5588942307692308 0.9459134615384616 0.2620192307692308 0.10817307692307693
0 0.328125 0.6682692307692308 0.1466346153846154 0.09134615384615385
0 0.20793269230769232 0.623798076923077 0.13221153846153846 0.0889423076923077
0 0.06490384615384616 0.59375 0.12980769230769232 0.08653846153846154
0 0.171875 0.5588942307692308 0.06490384615384616 0.06009615384615385
0 0.125 0.545673076923077 0.07692307692307693 0.06730769230769232
0 0.05168269230769231 0.5228365384615384 0.10336538461538462 0.08413461538461539
0 0.006009615384615385 0.4951923076923077 0.01201923076923077 0.07692307692307693
0 0.06490384615384616 0.7355769230769231 0.12980769230769232 0.1201923076923077
