0 0.8473557692307693 0.6971153846153847 0.05048076923076923 0.04326923076923077
0 0.5973557692307693 0.6129807692307693 0.14182692307692307 0.13942307692307693
0 0.7079326923076924 0.48918269230769235 0.08413461538461539 0.10336538461538462
0 0.6298076923076923 0.3473557692307693 0.11057692307692309 0.10336538461538462
0 0.5889423076923077 0.32091346153846156 0.038461538461538464 0.040865384615384616
0 0.6105769230769231 0.3028846153846154 0.038461538461538464 0.03365384615384616
0 0.6322115384615385 0.28966346153846156 0.03365384615384616 0.03605769230769231
0 0.5096153846153847 0.4338942307692308 0.14423076923076925 0.12740384615384617
0 0.4326923076923077 0.42307692307692313 0.04807692307692308 0.04807692307692308
0 0.453125 0.40625 0.04567307692307693 0.04326923076923077
0 0.4747596153846154 0.3894230769230769 0.04567307692307693 0.05288461538461539
0 0.4963942307692308 0.37259615384615385 0.04567307692307693 0.04326923076923077
0 0.5168269230769231 0.3581730769230769 0.05288461538461539 0.038461538461538464
0 0.3004807692307693 0.31009615384615385 0.07211538461538462 0.0625
0 0.3389423076923077 0.2644230769230769 0.11057692307692309 0.10576923076923078
0 0.39543269230769235 0.19711538461538464 0.10336538461538462 0.10096153846153846
0 0.45432692307692313 0.1358173076923077 0.10576923076923078 0.10817307692307693
0 0.4206730769230769 0.057692307692307696 0.06730769230769232 0.05288461538461539
0 0.4014423076923077 0.08173076923076923 0.057692307692307696 0.05288461538461539
0 0.3822115384615385 0.10096153846153846 0.06730769230769232 0.05288461538461539
0 0.36899038461538464 0.12379807692307693 0.06009615384615385 0.05048076923076923
0 0.34615384615384615 0.14302884615384617 0.057692307692307696 0.05048076923076923
0 0.33052884615384615 0.16466346153846154 0.06971153846153846 0.06009615384615385
0 0.3125 0.1875 0.05288461538461539 0.04807692307692308
0 0.29927884615384615 0.2091346153846154 0.06009615384615385 0.04326923076923077
0 0.28365384615384615 0.22836538461538464 0.057692307692307696 0.04807692307692308
0 0.2620192307692308 0.25240384615384615 0.05288461538461539 0.04326923076923077
0 0.2451923076923077 0.27524038461538464 0.05288461538461539 0.04567307692307693
0 0.09855769230769232 0.29447115384615385 0.1201923076923077 0.11298076923076923
0 0.20072115384615385 0.054086538461538464 0.2091346153846154 0.10817307692307693
0 0.028846153846153848 0.02764423076923077 0.057692307692307696 0.05528846153846154
0 0.006009615384615385 0.13701923076923078 0.01201923076923077 0.07211538461538462
0 0.030048076923076924 0.2139423076923077 0.06009615384615385 0.08173076923076923
