0 0.30528846153846156 0.20192307692307693 0.125 0.11057692307692309
0 0.6117788461538461 0.5973557692307693 0.09855769230769232 0.09855769230769232
0 0.6358173076923077 0.6947115384615385 0.23798076923076925 0.21634615384615385
0 0.6129807692307693 0.7451923076923077 0.22115384615384617 0.22115384615384617
0 0.4951923076923077 0.7283653846153847 0.0625 0.07692307692307693
0 0.8257211538461539 0.7884615384615385 0.05048076923076923 0.05288461538461539
0 0.8713942307692308 0.7223557692307693 0.09375 0.10336538461538462
0 0.9290865384615385 0.6466346153846154 0.09375 0.10576923076923078
0 0.22836538461538464 0.5576923076923077 0.08173076923076923 0.09134615384615385
0 0.1826923076923077 0.5793269230769231 0.04326923076923077 0.038461538461538464
