0 0.3509615384615385 0.019230769230769232 0.04807692307692308 0.028846153846153848
0 0.11298076923076923 0.05528846153846154 0.02403846153846154 0.04326923076923077
0 0.078125 0.05288461538461539 0.026442307692307696 0.04807692307692308
0 0.10336538461538462 0.3185096153846154 0.0625 0.021634615384615384
0 0.007211538461538462 0.04447115384615385 0.014423076923076924 0.06009615384615385
0 0.296875 0.670673076923077 0.06971153846153846 0.05288461538461539
0 0.33653846153846156 0.6598557692307693 0.04807692307692308 0.06971153846153846
0 0.27524038461538464 0.6322115384615385 0.04567307692307693 0.07692307692307693
0 0.4411057692307693 0.7067307692307693 0.06009615384615385 0.03365384615384616
0 0.2536057692307692 0.03365384615384616 0.026442307692307696 0.04326923076923077
