0 0.3233173076923077 0.001201923076923077 0.30528846153846156 0.002403846153846154
0 0.2884615384615385 0.02403846153846154 0.3028846153846154 0.02403846153846154
0 0.2560096153846154 0.056490384615384616 0.3004807692307693 0.026442307692307696
0 0.22115384615384617 0.09134615384615385 0.3028846153846154 0.02403846153846154
0 0.6670673076923077 0.014423076923076924 0.3004807692307693 0.02403846153846154
0 0.6189903846153847 0.037259615384615384 0.3293269230769231 0.026442307692307696
0 0.5949519230769231 0.0625 0.3197115384615385 0.02403846153846154
0 0.5649038461538461 0.08533653846153846 0.33653846153846156 0.026442307692307696
0 0.5384615384615385 0.11177884615384616 0.34134615384615385 0.026442307692307696
0 0.9387019230769231 0.1466346153846154 0.12259615384615385 0.21634615384615385
0 0.9290865384615385 0.1622596153846154 0.14182692307692307 0.2139423076923077
0 0.921875 0.17908653846153846 0.15625 0.2139423076923077
0 0.9098557692307693 0.1935096153846154 0.18028846153846154 0.2091346153846154
0 0.9026442307692308 0.21274038461538464 0.19471153846153846 0.2139423076923077
0 0.7199519230769231 0.717548076923077 0.5600961538461539 0.5649038461538461
0 0.5132211538461539 0.13701923076923078 0.31490384615384615 0.028846153846153848
0 0.4831730769230769 0.16105769230769232 0.33653846153846156 0.028846153846153848
0 0.46274038461538464 0.18629807692307693 0.3341346153846154 0.026442307692307696
0 0.43509615384615385 0.21033653846153846 0.31730769230769235 0.026442307692307696
0 0.4098557692307693 0.23677884615384617 0.3293269230769231 0.026442307692307696
0 0.3858173076923077 0.25961538461538464 0.3197115384615385 0.03365384615384616
0 0.35336538461538464 0.2872596153846154 0.3125 0.03125
0 0.3293269230769231 0.3112980769230769 0.3269230769230769 0.03125
0 0.30649038461538464 0.3389423076923077 0.3293269230769231 0.028846153846153848
0 0.2728365384615385 0.3605769230769231 0.3245192307692308 0.02403846153846154
0 0.25 0.3870192307692308 0.3317307692307693 0.028846153846153848
0 0.22716346153846156 0.4122596153846154 0.3293269230769231 0.026442307692307696
0 0.19230769230769232 0.4362980769230769 0.3269230769230769 0.026442307692307696
0 0.17668269230769232 0.46274038461538464 0.3245192307692308 0.026442307692307696
0 0.15745192307692307 0.484375 0.31490384615384615 0.026442307692307696
0 0.140625 0.5096153846153847 0.28125 0.028846153846153848
0 0.1310096153846154 0.5348557692307693 0.2572115384615385 0.021634615384615384
0 0.14182692307692307 0.5637019230769231 0.19230769230769232 0.026442307692307696
0 0.13221153846153846 0.5853365384615385 0.13942307692307693 0.01682692307692308
0 0.12860576923076925 0.6129807692307693 0.09855769230769232 0.019230769230769232
0 0.13341346153846154 0.639423076923077 0.06009615384615385 0.019230769230769232
0 0.18509615384615385 0.12139423076923078 0.2980769230769231 0.026442307692307696
0 0.14903846153846154 0.15504807692307693 0.2980769230769231 0.026442307692307696
0 0.13701923076923078 0.1875 0.27403846153846156 0.02403846153846154
0 0.11658653846153846 0.22115384615384617 0.23317307692307693 0.02403846153846154
0 0.10216346153846155 0.2536057692307692 0.2043269230769231 0.026442307692307696
0 0.08293269230769232 0.2872596153846154 0.16586538461538464 0.026442307692307696
0 0.06971153846153846 0.32211538461538464 0.13942307692307693 0.02403846153846154
0 0.05048076923076923 0.35336538461538464 0.10096153846153846 0.02403846153846154
0 0.03245192307692308 0.38461538461538464 0.06490384615384616 0.028846153846153848
0 0.01682692307692308 0.4170673076923077 0.03365384615384616 0.021634615384615384
0 0.42668269230769235 0.920673076923077 0.2043269230769231 0.15865384615384617
