0 0.8377403846153847 0.022836538461538464 0.13221153846153846 0.021634615384615384
0 0.8365384615384616 0.056490384615384616 0.07211538461538462 0.021634615384615384
0 0.9771634615384616 0.010817307692307692 0.04567307692307693 0.021634615384615384
0 0.967548076923077 0.03485576923076923 0.06490384615384616 0.026442307692307696
0 0.9555288461538463 0.057692307692307696 0.0889423076923077 0.02403846153846154
0 0.9507211538461539 0.08653846153846154 0.09855769230769232 0.028846153846153848
0 0.9471153846153847 0.11177884615384616 0.10576923076923078 0.026442307692307696
0 0.9495192307692308 0.13341346153846154 0.10096153846153846 0.026442307692307696
0 0.9663461538461539 0.1622596153846154 0.06730769230769232 0.021634615384615384
0 0.9723557692307693 0.18509615384615385 0.05528846153846154 0.019230769230769232
0 0.9903846153846154 0.21274038461538464 0.019230769230769232 0.021634615384615384
0 0.6742788461538461 0.001201923076923077 0.07932692307692309 0.002403846153846154
0 0.6730769230769231 0.030048076923076924 0.14903846153846154 0.021634615384615384
0 0.6766826923076923 0.0625 0.2091346153846154 0.02403846153846154
0 0.671875 0.09495192307692309 0.28605769230769235 0.026442307692307696
0 0.6430288461538461 0.12980769230769232 0.29086538461538464 0.02403846153846154
0 0.6069711538461539 0.15985576923076925 0.3004807692307693 0.021634615384615384
0 0.8329326923076924 0.16346153846153846 0.10336538461538462 0.02403846153846154
0 0.828125 0.19591346153846154 0.13701923076923078 0.021634615384615384
0 0.8317307692307693 0.21754807692307693 0.19230769230769232 0.021634615384615384
0 0.8317307692307693 0.24158653846153846 0.22596153846153846 0.026442307692307696
0 0.826923076923077 0.2692307692307693 0.2884615384615385 0.028846153846153848
0 0.8149038461538461 0.29447115384615385 0.32211538461538464 0.03125
0 0.7932692307692308 0.31730769230769235 0.32211538461538464 0.02403846153846154
0 0.5709134615384616 0.18990384615384617 0.30528846153846156 0.019230769230769232
0 0.5420673076923077 0.22716346153846156 0.31009615384615385 0.026442307692307696
0 0.5084134615384616 0.25961538461538464 0.2956730769230769 0.028846153846153848
0 0.47836538461538464 0.2932692307692308 0.3028846153846154 0.02403846153846154
0 0.4435096153846154 0.32211538461538464 0.30528846153846156 0.02403846153846154
0 0.4086538461538462 0.3557692307692308 0.3028846153846154 0.02403846153846154
0 0.3762019230769231 0.38822115384615385 0.3004807692307693 0.026442307692307696
0 0.34134615384615385 0.42307692307692313 0.3028846153846154 0.02403846153846154
0 0.7872596153846154 0.34615384615384615 0.3004807692307693 0.02403846153846154
0 0.7391826923076924 0.36899038461538464 0.3293269230769231 0.026442307692307696
0 0.7151442307692308 0.3942307692307693 0.3197115384615385 0.02403846153846154
0 0.6850961538461539 0.4170673076923077 0.33653846153846156 0.026442307692307696
0 0.6586538461538461 0.4435096153846154 0.34134615384615385 0.026442307692307696
0 0.9891826923076924 0.49399038461538464 0.021634615384615384 0.2139423076923077
0 0.9819711538461539 0.5108173076923077 0.03605769230769231 0.2139423076923077
0 0.9699519230769231 0.5252403846153847 0.06009615384615385 0.2091346153846154
0 0.9627403846153847 0.5444711538461539 0.07451923076923077 0.2139423076923077
0 0.780048076923077 0.8834134615384616 0.4399038461538462 0.23317307692307693
0 0.6334134615384616 0.46875 0.31490384615384615 0.028846153846153848
0 0.6033653846153847 0.49278846153846156 0.33653846153846156 0.028846153846153848
0 0.5829326923076923 0.5180288461538461 0.3341346153846154 0.026442307692307696
0 0.5552884615384616 0.5420673076923077 0.31730769230769235 0.026442307692307696
0 0.530048076923077 0.5685096153846154 0.3293269230769231 0.026442307692307696
0 0.5060096153846154 0.5913461538461539 0.3197115384615385 0.03365384615384616
0 0.47355769230769235 0.6189903846153847 0.3125 0.03125
0 0.4495192307692308 0.6430288461538461 0.3269230769230769 0.03125
0 0.42668269230769235 0.670673076923077 0.3293269230769231 0.028846153846153848
0 0.3930288461538462 0.6923076923076923 0.3245192307692308 0.02403846153846154
0 0.3701923076923077 0.71875 0.3317307692307693 0.028846153846153848
0 0.3473557692307693 0.7439903846153847 0.3293269230769231 0.026442307692307696
0 0.3125 0.7680288461538461 0.3269230769230769 0.026442307692307696
0 0.296875 0.7944711538461539 0.3245192307692308 0.026442307692307696
0 0.2776442307692308 0.8161057692307693 0.31490384615384615 0.026442307692307696
0 0.25961538461538464 0.8413461538461539 0.28365384615384615 0.028846153846153848
0 0.2512019230769231 0.8665865384615385 0.2572115384615385 0.021634615384615384
0 0.2620192307692308 0.8954326923076924 0.19230769230769232 0.026442307692307696
0 0.25240384615384615 0.9170673076923077 0.13942307692307693 0.01682692307692308
0 0.24879807692307693 0.9447115384615385 0.09855769230769232 0.019230769230769232
0 0.2536057692307692 0.9711538461538463 0.06009615384615385 0.019230769230769232
0 0.30528846153846156 0.453125 0.2980769230769231 0.026442307692307696
0 0.26802884615384615 0.4867788461538462 0.3004807692307693 0.026442307692307696
0 0.23798076923076925 0.5192307692307693 0.3125 0.02403846153846154
0 0.20072115384615385 0.5528846153846154 0.30528846153846156 0.02403846153846154
0 0.17307692307692307 0.5853365384615385 0.3028846153846154 0.026442307692307696
0 0.14302884615384617 0.6189903846153847 0.28605769230769235 0.026442307692307696
0 0.12980769230769232 0.6538461538461539 0.25961538461538464 0.02403846153846154
0 0.11057692307692309 0.6850961538461539 0.22115384615384617 0.02403846153846154
0 0.09254807692307693 0.7163461538461539 0.18509615384615385 0.028846153846153848
0 0.08413461538461539 0.748798076923077 0.13942307692307693 0.021634615384615384
0 0.08413461538461539 0.7824519230769231 0.07692307692307693 0.021634615384615384
