0 0.7620192307692308 0.007211538461538462 0.32211538461538464 0.014423076923076924
0 0.4122596153846154 0.009615384615384616 0.30528846153846156 0.019230769230769232
0 0.3774038461538462 0.040865384615384616 0.3028846153846154 0.02403846153846154
0 0.3449519230769231 0.0733173076923077 0.3004807692307693 0.026442307692307696
0 0.31009615384615385 0.10817307692307693 0.3028846153846154 0.02403846153846154
0 0.7560096153846154 0.03125 0.3004807692307693 0.02403846153846154
0 0.7079326923076924 0.054086538461538464 0.3293269230769231 0.026442307692307696
0 0.6838942307692308 0.07932692307692309 0.3197115384615385 0.02403846153846154
0 0.6538461538461539 0.10216346153846155 0.33653846153846156 0.026442307692307696
0 0.6274038461538461 0.12860576923076925 0.34134615384615385 0.026442307692307696
0 0.983173076923077 0.16346153846153846 0.03365384615384616 0.21634615384615385
0 0.9735576923076924 0.17908653846153846 0.05288461538461539 0.2139423076923077
0 0.9663461538461539 0.19591346153846154 0.06730769230769232 0.2139423076923077
0 0.9543269230769231 0.21033653846153846 0.09134615384615385 0.2091346153846154
0 0.9471153846153847 0.2295673076923077 0.10576923076923078 0.2139423076923077
0 0.764423076923077 0.7259615384615385 0.4711538461538462 0.5480769230769231
0 0.6021634615384616 0.15384615384615385 0.31490384615384615 0.028846153846153848
0 0.5721153846153847 0.1778846153846154 0.33653846153846156 0.028846153846153848
0 0.5516826923076923 0.203125 0.3341346153846154 0.026442307692307696
0 0.5240384615384616 0.22716346153846156 0.31730769230769235 0.026442307692307696
0 0.4987980769230769 0.2536057692307692 0.3293269230769231 0.026442307692307696
0 0.4747596153846154 0.2764423076923077 0.3197115384615385 0.03365384615384616
0 0.44230769230769235 0.3040865384615385 0.3125 0.03125
0 0.4182692307692308 0.328125 0.3269230769230769 0.03125
0 0.39543269230769235 0.3557692307692308 0.3293269230769231 0.028846153846153848
0 0.3617788461538462 0.3774038461538462 0.3245192307692308 0.02403846153846154
0 0.3389423076923077 0.40384615384615385 0.3317307692307693 0.028846153846153848
0 0.3161057692307693 0.4290865384615385 0.3293269230769231 0.026442307692307696
0 0.28125 0.453125 0.3269230769230769 0.026442307692307696
0 0.265625 0.4795673076923077 0.3245192307692308 0.026442307692307696
0 0.24639423076923078 0.5012019230769231 0.31490384615384615 0.026442307692307696
0 0.22836538461538464 0.5264423076923077 0.28365384615384615 0.028846153846153848
0 0.2199519230769231 0.5516826923076923 0.2572115384615385 0.021634615384615384
0 0.23076923076923078 0.5805288461538461 0.19230769230769232 0.026442307692307696
0 0.22115384615384617 0.6021634615384616 0.13942307692307693 0.01682692307692308
0 0.21754807692307693 0.6298076923076923 0.09855769230769232 0.019230769230769232
0 0.22235576923076925 0.65625 0.06009615384615385 0.019230769230769232
0 0.27403846153846156 0.13822115384615385 0.2980769230769231 0.026442307692307696
0 0.23677884615384617 0.171875 0.3004807692307693 0.026442307692307696
0 0.20673076923076925 0.2043269230769231 0.3125 0.02403846153846154
0 0.16947115384615385 0.23798076923076925 0.30528846153846156 0.02403846153846154
0 0.1466346153846154 0.27043269230769235 0.2932692307692308 0.026442307692307696
0 0.12740384615384617 0.3040865384615385 0.25480769230769235 0.026442307692307696
0 0.11418269230769232 0.3389423076923077 0.22836538461538464 0.02403846153846154
0 0.09495192307692309 0.3701923076923077 0.18990384615384617 0.02403846153846154
0 0.07692307692307693 0.4014423076923077 0.15384615384615385 0.028846153846153848
0 0.06129807692307693 0.4338942307692308 0.12259615384615385 0.021634615384615384
0 0.05288461538461539 0.4675480769230769 0.07692307692307693 0.021634615384615384
0 0.515625 0.9290865384615385 0.2043269230769231 0.14182692307692307
