0 0.007211538461538462 0.16105769230769232 0.014423076923076924 0.11538461538461539
0 0.32211538461538464 0.45432692307692313 0.06730769230769232 0.0625
0 0.3918269230769231 0.4651442307692308 0.05288461538461539 0.05528846153846154
0 0.5336538461538461 0.09375 0.038461538461538464 0.038461538461538464
0 0.765625 0.265625 0.03605769230769231 0.03125
0 0.8233173076923077 0.30528846153846156 0.03125 0.028846153846153848
0 0.953125 0.1670673076923077 0.03125 0.03605769230769231
0 0.4206730769230769 0.7524038461538461 0.08173076923076923 0.08173076923076923
0 0.3701923076923077 0.780048076923077 0.13942307692307693 0.11298076923076923
0 0.18149038461538464 0.6334134615384616 0.0889423076923077 0.06490384615384616
0 0.53125 0.9939903846153847 0.03365384615384616 0.01201923076923077
