0 0.5793269230769231 0.265625 0.057692307692307696 0.06009615384615385
0 0.7776442307692308 0.23677884615384617 0.05048076923076923 0.05048076923076923
0 0.8653846153846154 0.3028846153846154 0.0625 0.057692307692307696
0 0.951923076923077 0.3389423076923077 0.09615384615384616 0.09134615384615385
0 0.6117788461538461 0.35336538461538464 0.12259615384615385 0.11057692307692309
0 0.9939903846153847 0.6045673076923077 0.01201923076923077 0.06009615384615385
0 0.9723557692307693 0.6418269230769231 0.05528846153846154 0.04807692307692308
0 0.9338942307692308 0.6911057692307693 0.05528846153846154 0.05048076923076923
0 0.11658653846153846 0.23677884615384617 0.03125 0.026442307692307696
0 0.41105769230769235 0.5252403846153847 0.057692307692307696 0.07451923076923077
0 0.34855769230769235 0.5637019230769231 0.05288461538461539 0.06490384615384616
0 0.1826923076923077 0.671875 0.0625 0.05528846153846154
