0 0.23076923076923078 0.009615384615384616 0.13461538461538464 0.019230769230769232
0 0.3545673076923077 0.20552884615384617 0.6225961538461539 0.41105769230769235
0 0.7055288461538461 0.21754807692307693 0.23317307692307693 0.21875
0 0.764423076923077 0.2728365384615385 0.21634615384615385 0.19951923076923078
0 0.6033653846153847 0.45432692307692313 0.22115384615384617 0.22115384615384617
0 0.46274038461538464 0.592548076923077 0.19951923076923078 0.19471153846153846
0 0.44591346153846156 0.4831730769230769 0.28125 0.2692307692307693
0 0.4375 0.20072115384615385 0.04807692307692308 0.021634615384615384
0 0.4338942307692308 0.23197115384615385 0.09855769230769232 0.026442307692307696
0 0.4134615384615385 0.25841346153846156 0.1201923076923077 0.021634615384615384
0 0.37980769230769235 0.2884615384615385 0.1201923076923077 0.02403846153846154
0 0.3197115384615385 0.34855769230769235 0.125 0.02403846153846154
0 0.35216346153846156 0.31730769230769235 0.12259615384615385 0.02403846153846154
0 0.2932692307692308 0.3774038461538462 0.11538461538461539 0.02403846153846154
0 0.2620192307692308 0.4026442307692308 0.1201923076923077 0.021634615384615384
0 0.25961538461538464 0.43149038461538464 0.057692307692307696 0.021634615384615384
0 0.49399038461538464 0.27403846153846156 0.05528846153846154 0.02403846153846154
0 0.4987980769230769 0.2956730769230769 0.10336538461538462 0.03365384615384616
0 0.48557692307692313 0.31730769230769235 0.10096153846153846 0.028846153846153848
0 0.46274038461538464 0.33293269230769235 0.10817307692307693 0.03125
0 0.4399038461538462 0.3509615384615385 0.11057692307692309 0.028846153846153848
0 0.4278846153846154 0.3653846153846154 0.10576923076923078 0.03365384615384616
0 0.4098557692307693 0.3858173076923077 0.10817307692307693 0.03125
0 0.3918269230769231 0.4014423076923077 0.09615384615384616 0.028846153846153848
0 0.3762019230769231 0.421875 0.10817307692307693 0.026442307692307696
0 0.35216346153846156 0.43870192307692313 0.11298076923076923 0.03125
0 0.3293269230769231 0.4555288461538462 0.11057692307692309 0.026442307692307696
0 0.3185096153846154 0.4963942307692308 0.06490384615384616 0.021634615384615384
0 0.3185096153846154 0.5192307692307693 0.03605769230769231 0.019230769230769232
0 0.3185096153846154 0.4759615384615385 0.10336538461538462 0.028846153846153848
