0 0.6634615384615385 0.09254807692307693 0.04326923076923077 0.05528846153846154
0 0.7103365384615385 0.1201923076923077 0.06009615384615385 0.05288461538461539
0 0.8100961538461539 0.203125 0.10576923076923078 0.05048076923076923
0 0.6370192307692308 0.15625 0.05288461538461539 0.08653846153846154
0 0.7896634615384616 0.7439903846153847 0.05048076923076923 0.05048076923076923
0 0.7211538461538461 0.764423076923077 0.06730769230769232 0.0625
0 0.32091346153846156 0.5528846153846154 0.13221153846153846 0.15865384615384617
0 0.13822115384615385 0.4555288461538462 0.05528846153846154 0.05528846153846154
0 0.10817307692307693 0.265625 0.07211538461538462 0.07451923076923077
0 0.06129807692307693 0.23317307692307693 0.03605769230769231 0.03365384615384616
