0 0.015625 0.265625 0.03125 0.06490384615384616
0 0.004807692307692308 0.2403846153846154 0.009615384615384616 0.05288461538461539
0 0.13341346153846154 0.09975961538461539 0.07932692307692309 0.07932692307692309
0 0.1875 0.07211538461538462 0.07692307692307693 0.08173076923076923
0 0.5913461538461539 0.022836538461538464 0.14423076923076925 0.04567307692307693
0 0.905048076923077 0.4747596153846154 0.06490384615384616 0.03125
0 0.9134615384615385 0.2932692307692308 0.11057692307692309 0.04807692307692308
0 0.8064903846153847 0.2980769230769231 0.0889423076923077 0.057692307692307696
0 0.7211538461538461 0.5120192307692308 0.028846153846153848 0.038461538461538464
0 0.6814903846153847 0.49278846153846156 0.040865384615384616 0.08653846153846154
0 0.17307692307692307 0.5048076923076923 0.04326923076923077 0.04326923076923077
