0 0.29927884615384615 0.03365384615384616 0.14182692307692307 0.06730769230769232
0 0.9182692307692308 0.04326923076923077 0.16346153846153846 0.08653846153846154
0 0.8713942307692308 0.05048076923076923 0.1514423076923077 0.10096153846153846
0 0.23076923076923078 0.0733173076923077 0.13461538461538464 0.14182692307692307
0 0.3545673076923077 0.26802884615384615 0.6225961538461539 0.5360576923076923
0 0.7055288461538461 0.3425480769230769 0.23317307692307693 0.21875
0 0.764423076923077 0.3978365384615385 0.21634615384615385 0.19951923076923078
0 0.6033653846153847 0.5793269230769231 0.22115384615384617 0.22115384615384617
0 0.46274038461538464 0.717548076923077 0.19951923076923078 0.19471153846153846
0 0.44591346153846156 0.608173076923077 0.28125 0.2692307692307693
0 0.4375 0.32572115384615385 0.04807692307692308 0.021634615384615384
0 0.4338942307692308 0.35697115384615385 0.09855769230769232 0.026442307692307696
0 0.4134615384615385 0.38341346153846156 0.1201923076923077 0.021634615384615384
0 0.37980769230769235 0.4134615384615385 0.1201923076923077 0.02403846153846154
0 0.3197115384615385 0.47355769230769235 0.125 0.02403846153846154
0 0.35216346153846156 0.44230769230769235 0.12259615384615385 0.02403846153846154
0 0.2932692307692308 0.5024038461538461 0.11538461538461539 0.02403846153846154
0 0.2620192307692308 0.5276442307692308 0.1201923076923077 0.021634615384615384
0 0.25961538461538464 0.5564903846153847 0.057692307692307696 0.021634615384615384
0 0.49399038461538464 0.39903846153846156 0.05528846153846154 0.02403846153846154
0 0.4987980769230769 0.4206730769230769 0.10336538461538462 0.03365384615384616
0 0.48557692307692313 0.44230769230769235 0.10096153846153846 0.028846153846153848
0 0.46274038461538464 0.45793269230769235 0.10817307692307693 0.03125
0 0.4399038461538462 0.4759615384615385 0.11057692307692309 0.028846153846153848
0 0.4278846153846154 0.4903846153846154 0.10576923076923078 0.03365384615384616
0 0.4098557692307693 0.5108173076923077 0.10817307692307693 0.03125
0 0.3918269230769231 0.5264423076923077 0.09615384615384616 0.028846153846153848
0 0.3762019230769231 0.546875 0.10817307692307693 0.026442307692307696
0 0.35216346153846156 0.5637019230769231 0.11298076923076923 0.03125
0 0.3293269230769231 0.5805288461538461 0.11057692307692309 0.026442307692307696
0 0.3185096153846154 0.6213942307692308 0.06490384615384616 0.021634615384615384
0 0.3185096153846154 0.6442307692307693 0.03605769230769231 0.019230769230769232
0 0.3185096153846154 0.6009615384615385 0.10336538461538462 0.028846153846153848
