0 0.109375 0.23076923076923078 0.21875 0.21634615384615385
0 0.1983173076923077 0.14182692307692307 0.18990384615384617 0.1875
0 0.22836538461538464 0.3629807692307693 0.2403846153846154 0.2451923076923077
0 0.3197115384615385 0.2764423076923077 0.20673076923076925 0.21153846153846156
0 0.4242788461538462 0.3870192307692308 0.16105769230769232 0.16346153846153846
0 0.3509615384615385 0.4903846153846154 0.22115384615384617 0.21634615384615385
0 0.670673076923077 0.8665865384615385 0.125 0.10336538461538462
0 0.7463942307692308 0.8088942307692308 0.09855769230769232 0.11778846153846155
0 0.6887019230769231 0.9459134615384616 0.12740384615384617 0.10336538461538462
1 0.7572115384615385 0.9002403846153847 0.057692307692307696 0.05048076923076923
0 0.8449519230769231 0.9855769230769231 0.03125 0.028846153846153848
0 0.7259615384615385 0.9663461538461539 0.15384615384615385 0.06730769230769232
0 0.748798076923077 0.9891826923076924 0.19951923076923078 0.021634615384615384
0 0.5192307692307693 0.6298076923076923 0.15865384615384617 0.15865384615384617
0 0.6742788461538461 0.6322115384615385 0.15625 0.15384615384615385
