0 0.3233173076923077 0.49399038461538464 0.06009615384615385 0.040865384615384616
0 0.2560096153846154 0.5048076923076923 0.05048076923076923 0.0625
0 0.3125 0.4014423076923077 0.019230769230769232 0.04807692307692308
0 0.359375 0.7115384615384616 0.04567307692307693 0.057692307692307696
0 0.4759615384615385 0.6730769230769231 0.057692307692307696 0.04807692307692308
0 0.7896634615384616 0.171875 0.03605769230769231 0.04567307692307693
0 0.8665865384615385 0.16105769230769232 0.05048076923076923 0.04326923076923077
0 0.90625 0.20192307692307693 0.04326923076923077 0.0625
0 0.9242788461538463 0.701923076923077 0.11298076923076923 0.038461538461538464
0 0.984375 0.8774038461538463 0.03125 0.038461538461538464
0 0.8713942307692308 0.8653846153846154 0.07932692307692309 0.06730769230769232
0 0.9014423076923077 0.9387019230769231 0.07211538461538462 0.07932692307692309
0 0.514423076923077 0.811298076923077 0.038461538461538464 0.021634615384615384
0 0.4050480769230769 0.6646634615384616 0.03605769230769231 0.01682692307692308
