0 0.09375 0.25240384615384615 0.14423076923076925 0.08173076923076923
0 0.1778846153846154 0.1875 0.04807692307692308 0.0625
0 0.37980769230769235 0.5757211538461539 0.0625 0.06009615384615385
0 0.47355769230769235 0.5564903846153847 0.13461538461538464 0.08413461538461539
0 0.7043269230769231 0.45432692307692313 0.028846153846153848 0.02403846153846154
0 0.9074519230769231 0.6574519230769231 0.12740384615384617 0.05528846153846154
0 0.5072115384615384 0.7427884615384616 0.06730769230769232 0.13461538461538464
0 0.46153846153846156 0.7536057692307693 0.07211538461538462 0.13701923076923078
0 0.234375 0.8185096153846154 0.06490384615384616 0.03125
0 0.24278846153846156 0.6370192307692308 0.11057692307692309 0.04807692307692308
0 0.1358173076923077 0.6418269230769231 0.0889423076923077 0.057692307692307696
0 0.05048076923076923 0.8557692307692308 0.028846153846153848 0.038461538461538464
0 0.015625 0.8365384615384616 0.03125 0.08653846153846154
