0 0.22115384615384617 0.019230769230769232 0.09134615384615385 0.038461538461538464
0 0.27524038461538464 0.02764423076923077 0.07932692307692309 0.05528846153846154
0 0.2644230769230769 0.10216346153846155 0.05288461538461539 0.06490384615384616
0 0.21033653846153846 0.17067307692307693 0.09855769230769232 0.11538461538461539
0 0.1358173076923077 0.25480769230769235 0.11778846153846155 0.125
0 0.3293269230769231 0.2848557692307693 0.14903846153846154 0.12740384615384617
0 0.7668269230769231 0.19471153846153846 0.125 0.11057692307692309
0 0.12980769230769232 0.9278846153846154 0.1778846153846154 0.14423076923076925
0 0.9819711538461539 0.7379807692307693 0.03605769230769231 0.22115384615384617
0 0.9567307692307693 0.7211538461538461 0.0625 0.07692307692307693
0 0.6899038461538461 0.5504807692307693 0.08173076923076923 0.09134615384615385
0 0.6442307692307693 0.5721153846153847 0.04326923076923077 0.038461538461538464
