0 0.30649038461538464 0.4963942307692308 0.05528846153846154 0.07451923076923077
0 0.3737980769230769 0.4903846153846154 0.026442307692307696 0.04326923076923077
0 0.359375 0.5348557692307693 0.026442307692307696 0.03605769230769231
0 0.3870192307692308 0.24278846153846156 0.22115384615384617 0.09615384615384616
0 0.5877403846153847 0.3341346153846154 0.05528846153846154 0.07692307692307693
0 0.7427884615384616 0.12379807692307693 0.038461538461538464 0.03605769230769231
0 0.7620192307692308 0.13822115384615385 0.028846153846153848 0.040865384615384616
0 0.7884615384615385 0.13701923076923078 0.028846153846153848 0.04807692307692308
0 0.8233173076923077 0.13942307692307693 0.03605769230769231 0.05288461538461539
0 0.5504807692307693 0.4651442307692308 0.04807692307692308 0.06009615384615385
0 0.6153846153846154 0.5600961538461539 0.06730769230769232 0.11538461538461539
0 0.7415865384615385 0.890625 0.06490384615384616 0.03125
