0 0.18028846153846154 0.17908653846153846 0.05288461538461539 0.05048076923076923
0 0.1466346153846154 0.22115384615384617 0.05288461538461539 0.05288461538461539
0 0.12860576923076925 0.24399038461538464 0.040865384615384616 0.040865384615384616
0 0.11418269230769232 0.3112980769230769 0.07451923076923077 0.06009615384615385
0 0.08413461538461539 0.3473557692307693 0.057692307692307696 0.06490384615384616
0 0.13701923076923078 0.3918269230769231 0.08653846153846154 0.07692307692307693
0 0.18629807692307693 0.37259615384615385 0.06490384615384616 0.05288461538461539
0 0.2536057692307692 0.19110576923076925 0.06971153846153846 0.06490384615384616
0 0.3004807692307693 0.234375 0.038461538461538464 0.03605769230769231
0 0.28125 0.25841346153846156 0.05288461538461539 0.05048076923076923
0 0.23076923076923078 0.2247596153846154 0.08173076923076923 0.07451923076923077
0 0.2043269230769231 0.2620192307692308 0.08173076923076923 0.06730769230769232
0 0.1778846153846154 0.28966346153846156 0.06730769230769232 0.06009615384615385
0 0.2620192307692308 0.30649038461538464 0.07211538461538462 0.06971153846153846
0 0.24158653846153846 0.33653846153846156 0.06971153846153846 0.05288461538461539
0 0.3233173076923077 0.35336538461538464 0.07451923076923077 0.07211538461538462
0 0.296875 0.3810096153846154 0.06971153846153846 0.06009615384615385
0 0.3942307692307693 0.3028846153846154 0.03365384615384616 0.03365384615384616
0 0.4134615384615385 0.3665865384615385 0.07211538461538462 0.07451923076923077
0 0.4375 0.3401442307692308 0.06730769230769232 0.05528846153846154
0 0.484375 0.3737980769230769 0.040865384615384616 0.040865384615384616
0 0.46274038461538464 0.4026442307692308 0.05528846153846154 0.05048076923076923
0 0.43149038461538464 0.43509615384615385 0.05528846153846154 0.04807692307692308
0 0.38341346153846156 0.40625 0.07451923076923077 0.06730769230769232
0 0.4086538461538462 0.46875 0.04807692307692308 0.038461538461538464
0 0.3581730769230769 0.4326923076923077 0.07211538461538462 0.0625
0 0.3930288461538462 0.5276442307692308 0.04567307692307693 0.05048076923076923
0 0.3509615384615385 0.5733173076923077 0.05288461538461539 0.06490384615384616
