0 0.1045673076923077 0.07091346153846154 0.16586538461538464 0.14182692307692307
0 0.3629807692307693 0.2512019230769231 0.17307692307692307 0.15625
0 0.4879807692307693 0.3341346153846154 0.16826923076923078 0.15384615384615385
0 0.608173076923077 0.4170673076923077 0.16826923076923078 0.16105769230769232
0 0.890625 0.5673076923076923 0.21875 0.20673076923076925
0 0.7776442307692308 0.8834134615384616 0.17548076923076925 0.18028846153846154
0 0.670673076923077 0.7560096153846154 0.057692307692307696 0.040865384615384616
0 0.7415865384615385 0.8028846153846154 0.03605769230769231 0.028846153846153848
0 0.6923076923076923 0.7920673076923077 0.11538461538461539 0.07932692307692309
0 0.6838942307692308 0.8040865384615385 0.11778846153846155 0.07932692307692309
0 0.6754807692307693 0.8197115384615385 0.11538461538461539 0.08173076923076923
0 0.6670673076923077 0.8317307692307693 0.11298076923076923 0.07692307692307693
0 0.6923076923076923 0.8689903846153847 0.04326923076923077 0.03125
0 0.6802884615384616 0.8810096153846154 0.04326923076923077 0.03605769230769231
0 0.6754807692307693 0.8990384615384616 0.04326923076923077 0.028846153846153848
