0 0.9627403846153847 0.054086538461538464 0.06971153846153846 0.06971153846153846
0 0.49759615384615385 0.010817307692307692 0.09615384615384616 0.021634615384615384
0 0.10336538461538462 0.4134615384615385 0.10576923076923078 0.11057692307692309
0 0.03125 0.9927884615384616 0.05288461538461539 0.014423076923076924
0 0.17307692307692307 0.6418269230769231 0.038461538461538464 0.038461538461538464
0 0.21754807692307693 0.2920673076923077 0.06971153846153846 0.07932692307692309
0 0.296875 0.2980769230769231 0.07451923076923077 0.0625
0 0.7716346153846154 0.3473557692307693 0.04326923076923077 0.03605769230769231
0 0.4050480769230769 0.8137019230769231 0.03605769230769231 0.03125
0 0.46274038461538464 0.8533653846153847 0.03125 0.028846153846153848
0 0.592548076923077 0.7151442307692308 0.03125 0.03605769230769231
0 0.65625 0.9747596153846154 0.028846153846153848 0.03605769230769231
0 0.42307692307692313 0.3858173076923077 0.04326923076923077 0.04567307692307693
0 0.8689903846153847 0.6069711538461539 0.03605769230769231 0.03605769230769231
0 0.9170673076923077 0.6478365384615385 0.040865384615384616 0.03605769230769231
0 0.8221153846153847 0.8413461538461539 0.10096153846153846 0.05288461538461539
