0 0.6742788461538461 0.24158653846153846 0.0889423076923077 0.08413461538461539
0 0.5709134615384616 0.20192307692307693 0.11778846153846155 0.11057692307692309
0 0.5132211538461539 0.3894230769230769 0.040865384615384616 0.03365384615384616
0 0.42307692307692313 0.3449519230769231 0.038461538461538464 0.03125
0 0.4495192307692308 0.3978365384615385 0.038461538461538464 0.03125
0 0.3978365384615385 0.421875 0.03605769230769231 0.03605769230769231
0 0.3870192307692308 0.4086538461538462 0.038461538461538464 0.028846153846153848
0 0.3774038461538462 0.38822115384615385 0.03365384615384616 0.03125
0 0.3665865384615385 0.3737980769230769 0.03605769230769231 0.03125
0 0.41586538461538464 0.41466346153846156 0.057692307692307696 0.09375
0 0.3557692307692308 0.35216346153846156 0.038461538461538464 0.03605769230769231
0 0.18149038461538464 0.057692307692307696 0.06971153846153846 0.04807692307692308
0 0.20673076923076925 0.11899038461538462 0.06730769230769232 0.05528846153846154
2 0.34855769230769235 0.6995192307692308 0.057692307692307696 0.11538461538461539
0 0.21634615384615385 0.640625 0.0625 0.040865384615384616
