0 0.4807692307692308 0.5901442307692308 0.13942307692307693 0.021634615384615384
0 0.4831730769230769 0.6069711538461539 0.13461538461538464 0.01682692307692308
0 0.4807692307692308 0.6189903846153847 0.13942307692307693 0.01682692307692308
0 0.4807692307692308 0.6370192307692308 0.13461538461538464 0.019230769230769232
0 0.4795673076923077 0.6526442307692308 0.13701923076923078 0.021634615384615384
0 0.4362980769230769 0.671875 0.040865384615384616 0.01682692307692308
0 0.5108173076923077 0.6875 0.07451923076923077 0.014423076923076924
0 0.5120192307692308 0.7007211538461539 0.07692307692307693 0.01682692307692308
0 0.5084134615384616 0.71875 0.06971153846153846 0.019230769230769232
0 0.5096153846153847 0.7355769230769231 0.07211538461538462 0.019230769230769232
0 0.5108173076923077 0.748798076923077 0.07451923076923077 0.01682692307692308
0 0.5084134615384616 0.764423076923077 0.06971153846153846 0.019230769230769232
0 0.5072115384615384 0.780048076923077 0.06730769230769232 0.01682692307692308
0 0.5060096153846154 0.795673076923077 0.07451923076923077 0.014423076923076924
0 0.5084134615384616 0.8137019230769231 0.06971153846153846 0.01682692307692308
0 0.5048076923076923 0.8317307692307693 0.06730769230769232 0.019230769230769232
0 0.5048076923076923 0.8449519230769231 0.06730769230769232 0.01682692307692308
0 0.6983173076923077 0.8485576923076924 0.07451923076923077 0.019230769230769232
