0 0.004807692307692308 0.11538461538461539 0.009615384615384616 0.028846153846153848
0 0.1875 0.23677884615384617 0.028846153846153848 0.03605769230769231
0 0.35336538461538464 0.10336538461538462 0.10096153846153846 0.05288461538461539
0 0.6754807692307693 0.35697115384615385 0.09615384615384616 0.05528846153846154
0 0.6201923076923077 0.6033653846153847 0.057692307692307696 0.07692307692307693
0 0.5949519230769231 0.5961538461538461 0.05048076923076923 0.08173076923076923
0 0.3269230769230769 0.3004807692307693 0.038461538461538464 0.04326923076923077
0 0.3966346153846154 0.3353365384615385 0.04807692307692308 0.07451923076923077
0 0.3425480769230769 0.5372596153846154 0.03605769230769231 0.026442307692307696
0 0.4098557692307693 0.8497596153846154 0.03605769230769231 0.040865384615384616
0 0.3557692307692308 0.8185096153846154 0.04326923076923077 0.05048076923076923
