0 0.6670673076923077 0.328125 0.07451923076923077 0.021634615384615384
0 0.6598557692307693 0.3653846153846154 0.14182692307692307 0.02403846153846154
0 0.6634615384615385 0.40024038461538464 0.20192307692307693 0.026442307692307696
0 0.6646634615384616 0.4326923076923077 0.2716346153846154 0.02403846153846154
0 0.639423076923077 0.4639423076923077 0.3125 0.028846153846153848
0 0.6057692307692308 0.49759615384615385 0.2932692307692308 0.02403846153846154
0 0.5673076923076923 0.5288461538461539 0.2932692307692308 0.02403846153846154
0 0.5504807692307693 0.5637019230769231 0.2692307692307693 0.021634615384615384
0 0.546875 0.5961538461538461 0.2043269230769231 0.02403846153846154
0 0.546875 0.6286057692307693 0.13221153846153846 0.021634615384615384
0 0.545673076923077 0.6622596153846154 0.07211538461538462 0.021634615384615384
0 0.8293269230769231 0.4879807692307693 0.057692307692307696 0.019230769230769232
0 0.8197115384615385 0.5120192307692308 0.10576923076923078 0.019230769230769232
0 0.8209134615384616 0.5408653846153847 0.16105769230769232 0.02403846153846154
0 0.8293269230769231 0.5661057692307693 0.21153846153846156 0.021634615384615384
0 0.8149038461538461 0.5901442307692308 0.2403846153846154 0.026442307692307696
0 0.8161057692307693 0.6129807692307693 0.30528846153846156 0.028846153846153848
0 0.8052884615384616 0.640625 0.32211538461538464 0.026442307692307696
0 0.7752403846153847 0.6634615384615385 0.31009615384615385 0.02403846153846154
0 0.7596153846153847 0.6923076923076923 0.2980769230769231 0.028846153846153848
0 0.7451923076923077 0.717548076923077 0.28365384615384615 0.026442307692307696
0 0.7307692307692308 0.7391826923076924 0.2451923076923077 0.026442307692307696
0 0.7379807692307693 0.7680288461538461 0.19230769230769232 0.021634615384615384
0 0.734375 0.7908653846153847 0.16105769230769232 0.019230769230769232
0 0.7319711538461539 0.8185096153846154 0.08413461538461539 0.021634615384615384
0 0.38341346153846156 0.5973557692307693 0.07932692307692309 0.021634615384615384
0 0.3822115384615385 0.6358173076923077 0.14903846153846154 0.021634615384615384
0 0.3858173076923077 0.6682692307692308 0.2091346153846154 0.02403846153846154
0 0.3810096153846154 0.7007211538461539 0.28605769230769235 0.026442307692307696
0 0.35216346153846156 0.7355769230769231 0.29086538461538464 0.02403846153846154
0 0.3161057692307693 0.765625 0.3004807692307693 0.021634615384615384
0 0.5420673076923077 0.7692307692307693 0.10336538461538462 0.02403846153846154
0 0.5372596153846154 0.8016826923076924 0.13701923076923078 0.021634615384615384
0 0.5408653846153847 0.8233173076923077 0.19230769230769232 0.021634615384615384
0 0.5408653846153847 0.8473557692307693 0.22596153846153846 0.026442307692307696
0 0.5360576923076923 0.875 0.2884615384615385 0.028846153846153848
0 0.5240384615384616 0.9002403846153847 0.32211538461538464 0.03125
0 0.5024038461538461 0.9230769230769231 0.32211538461538464 0.02403846153846154
0 0.2800480769230769 0.795673076923077 0.30528846153846156 0.019230769230769232
0 0.2512019230769231 0.8329326923076924 0.31009615384615385 0.026442307692307696
0 0.21754807692307693 0.8653846153846154 0.2956730769230769 0.028846153846153848
0 0.1875 0.8990384615384616 0.3028846153846154 0.02403846153846154
0 0.15264423076923078 0.9278846153846154 0.30528846153846156 0.02403846153846154
0 0.13461538461538464 0.9615384615384616 0.2692307692307693 0.02403846153846154
0 0.11778846153846155 0.9903846153846154 0.2355769230769231 0.019230769230769232
0 0.4963942307692308 0.951923076923077 0.3004807692307693 0.02403846153846154
0 0.4483173076923077 0.9747596153846154 0.3293269230769231 0.026442307692307696
0 0.4242788461538462 0.9939903846153847 0.3197115384615385 0.01201923076923077
0 0.8088942307692308 0.9879807692307693 0.2043269230769231 0.02403846153846154
