0 0.18990384615384617 0.018028846153846156 0.16826923076923078 0.03605769230769231
0 0.31009615384615385 0.06129807692307693 0.16826923076923078 0.12259615384615385
0 0.6069711538461539 0.19230769230769232 0.24759615384615385 0.20673076923076925
0 0.623798076923077 0.9879807692307693 0.13701923076923078 0.02403846153846154
0 0.4795673076923077 0.5084134615384616 0.17548076923076925 0.18028846153846154
0 0.37259615384615385 0.3810096153846154 0.057692307692307696 0.040865384615384616
0 0.4435096153846154 0.4278846153846154 0.03605769230769231 0.028846153846153848
0 0.3942307692307693 0.4170673076923077 0.11538461538461539 0.07932692307692309
0 0.3858173076923077 0.4290865384615385 0.11778846153846155 0.07932692307692309
0 0.3774038461538462 0.4447115384615385 0.11538461538461539 0.08173076923076923
0 0.36899038461538464 0.4567307692307693 0.11298076923076923 0.07692307692307693
0 0.3942307692307693 0.49399038461538464 0.04326923076923077 0.03125
0 0.3822115384615385 0.5060096153846154 0.04326923076923077 0.03605769230769231
0 0.3774038461538462 0.5240384615384616 0.04326923076923077 0.028846153846153848
