0 0.06129807692307693 0.33774038461538464 0.06009615384615385 0.03125
0 0.06129807692307693 0.14182692307692307 0.06971153846153846 0.028846153846153848
0 0.33653846153846156 0.13221153846153846 0.17307692307692307 0.09134615384615385
0 0.4170673076923077 0.4026442307692308 0.09855769230769232 0.06009615384615385
0 0.5372596153846154 0.3509615384615385 0.03125 0.057692307692307696
0 0.5504807692307693 0.34615384615384615 0.028846153846153848 0.05288461538461539
0 0.5637019230769231 0.34134615384615385 0.03125 0.057692307692307696
0 0.5817307692307693 0.3389423076923077 0.03365384615384616 0.057692307692307696
0 0.5961538461538461 0.3353365384615385 0.03365384615384616 0.05528846153846154
0 0.6129807692307693 0.3269230769230769 0.028846153846153848 0.057692307692307696
0 0.6310096153846154 0.32091346153846156 0.021634615384615384 0.06009615384615385
0 0.6478365384615385 0.33052884615384615 0.021634615384615384 0.03125
0 0.4362980769230769 0.671875 0.08413461538461539 0.04567307692307693
0 0.16586538461538464 0.8377403846153847 0.05288461538461539 0.05528846153846154
0 0.12740384615384617 0.8076923076923077 0.028846153846153848 0.038461538461538464
