0 0.5961538461538461 0.4170673076923077 0.13942307692307693 0.021634615384615384
0 0.5985576923076923 0.4338942307692308 0.13461538461538464 0.01682692307692308
0 0.5961538461538461 0.44591346153846156 0.13942307692307693 0.01682692307692308
0 0.5961538461538461 0.4639423076923077 0.13461538461538464 0.019230769230769232
0 0.5949519230769231 0.4795673076923077 0.13701923076923078 0.021634615384615384
0 0.5516826923076923 0.4987980769230769 0.040865384615384616 0.01682692307692308
0 0.6262019230769231 0.514423076923077 0.07451923076923077 0.014423076923076924
0 0.6274038461538461 0.5276442307692308 0.07692307692307693 0.01682692307692308
0 0.623798076923077 0.545673076923077 0.06971153846153846 0.019230769230769232
0 0.625 0.5625 0.07211538461538462 0.019230769230769232
0 0.6262019230769231 0.5757211538461539 0.07451923076923077 0.01682692307692308
0 0.623798076923077 0.5913461538461539 0.06971153846153846 0.019230769230769232
0 0.6225961538461539 0.6069711538461539 0.06730769230769232 0.01682692307692308
0 0.6213942307692308 0.6225961538461539 0.07451923076923077 0.014423076923076924
0 0.623798076923077 0.640625 0.06971153846153846 0.01682692307692308
0 0.6201923076923077 0.6586538461538461 0.06730769230769232 0.019230769230769232
0 0.6201923076923077 0.671875 0.06730769230769232 0.01682692307692308
0 0.8137019230769231 0.6754807692307693 0.07451923076923077 0.019230769230769232
0 0.8185096153846154 0.9338942307692308 0.05048076923076923 0.07451923076923077
