0 0.5228365384615384 0.2824519230769231 0.15625 0.13701923076923078
0 0.4170673076923077 0.3233173076923077 0.10336538461538462 0.10817307692307693
0 0.5637019230769231 0.3653846153846154 0.1514423076923077 0.12980769230769232
0 0.5949519230769231 0.46153846153846156 0.11778846153846155 0.12980769230769232
0 0.671875 0.4651442307692308 0.10817307692307693 0.11298076923076923
0 0.701923076923077 0.5348557692307693 0.11538461538461539 0.10336538461538462
0 0.46153846153846156 0.4134615384615385 0.09615384615384616 0.1201923076923077
0 0.5 0.5048076923076923 0.09134615384615385 0.11057692307692309
0 0.6177884615384616 0.5564903846153847 0.11057692307692309 0.11298076923076923
0 0.6454326923076923 0.6322115384615385 0.09855769230769232 0.10096153846153846
0 0.686298076923077 0.7103365384615385 0.09375 0.09855769230769232
0 0.3737980769230769 0.4182692307692308 0.10817307692307693 0.12980769230769232
0 0.31490384615384615 0.44591346153846156 0.07692307692307693 0.12259615384615385
0 0.34855769230769235 0.5588942307692308 0.09615384615384616 0.13221153846153846
0 0.4278846153846154 0.5276442307692308 0.10096153846153846 0.13221153846153846
0 0.5444711538461539 0.5889423076923077 0.09855769230769232 0.10576923076923078
0 0.46634615384615385 0.6213942307692308 0.09615384615384616 0.10336538461538462
0 0.5733173076923077 0.6682692307692308 0.08413461538461539 0.10576923076923078
0 0.5 0.6923076923076923 0.08653846153846154 0.08653846153846154
0 0.3918269230769231 0.6538461538461539 0.09134615384615385 0.10576923076923078
0 0.2716346153846154 0.5649038461538461 0.09615384615384616 0.08653846153846154
0 0.2872596153846154 0.6165865384615385 0.0889423076923077 0.08413461538461539
0 0.19591346153846154 0.59375 0.0889423076923077 0.08173076923076923
0 0.2199519230769231 0.6538461538461539 0.0889423076923077 0.08173076923076923
0 0.31730769230769235 0.6887019230769231 0.10096153846153846 0.10817307692307693
0 0.24399038461538464 0.7163461538461539 0.09375 0.10576923076923078
0 0.42307692307692313 0.7367788461538461 0.08653846153846154 0.08413461538461539
0 0.1670673076923077 0.7475961538461539 0.10336538461538462 0.10576923076923078
0 0.6021634615384616 0.7427884615384616 0.08413461538461539 0.09615384615384616
0 0.717548076923077 0.7860576923076924 0.10336538461538462 0.11538461538461539
0 0.640625 0.8221153846153847 0.09855769230769232 0.10096153846153846
0 0.5336538461538461 0.7740384615384616 0.08653846153846154 0.09615384615384616
0 0.5661057692307693 0.8497596153846154 0.10336538461538462 0.10817307692307693
0 0.5973557692307693 0.9326923076923077 0.09375 0.09134615384615385
0 0.53125 0.9579326923076924 0.09615384615384616 0.08413461538461539
0 0.4603365384615385 0.8064903846153847 0.09855769230769232 0.0889423076923077
0 0.4915865384615385 0.8786057692307693 0.09375 0.10336538461538462
0 0.3509615384615385 0.7620192307692308 0.09134615384615385 0.09134615384615385
0 0.3870192307692308 0.8365384615384616 0.08653846153846154 0.09134615384615385
0 0.421875 0.9146634615384616 0.09855769230769232 0.10817307692307693
0 0.2776442307692308 0.7932692307692308 0.0889423076923077 0.10096153846153846
0 0.3076923076923077 0.8713942307692308 0.08173076923076923 0.09855769230769232
0 0.34615384615384615 0.9495192307692308 0.10096153846153846 0.10096153846153846
0 0.20793269230769232 0.828125 0.08413461538461539 0.09855769230769232
0 0.09014423076923077 0.7824519230769231 0.09855769230769232 0.11298076923076923
0 0.125 0.859375 0.09134615384615385 0.09855769230769232
0 0.23918269230769232 0.9038461538461539 0.08413461538461539 0.09615384615384616
0 0.26802884615384615 0.9639423076923077 0.10336538461538462 0.07211538461538462
0 0.19591346153846154 0.9771634615384616 0.10336538461538462 0.04567307692307693
0 0.16346153846153846 0.9399038461538463 0.10576923076923078 0.10576923076923078
