0 0.5973557692307693 0.022836538461538464 0.06490384615384616 0.03605769230769231
0 0.875 0.1358173076923077 0.038461538461538464 0.05048076923076923
0 0.9242788461538463 0.13701923076923078 0.05048076923076923 0.04326923076923077
0 0.9314903846153847 0.3245192307692308 0.10817307692307693 0.05288461538461539
0 0.8942307692307693 0.8846153846153847 0.05288461538461539 0.04326923076923077
0 0.7367788461538461 0.34134615384615385 0.05048076923076923 0.0625
0 0.6646634615384616 0.32572115384615385 0.03605769230769231 0.05048076923076923
0 0.623798076923077 0.5084134615384616 0.11778846153846155 0.09375
0 0.45432692307692313 0.35336538461538464 0.1201923076923077 0.09134615384615385
0 0.2800480769230769 0.7079326923076924 0.05528846153846154 0.05048076923076923
0 0.23798076923076925 0.6790865384615385 0.057692307692307696 0.08413461538461539
2 0.23197115384615385 0.8149038461538461 0.07932692307692309 0.08173076923076923
0 0.06490384615384616 0.43870192307692313 0.038461538461538464 0.040865384615384616
0 0.03245192307692308 0.4723557692307693 0.026442307692307696 0.026442307692307696
0 0.1045673076923077 0.826923076923077 0.0889423076923077 0.08173076923076923
