0 0.2716346153846154 0.08413461538461539 0.37980769230769235 0.16826923076923078
0 0.4915865384615385 0.28966346153846156 0.07932692307692309 0.06490384615384616
0 0.5432692307692308 0.3245192307692308 0.08173076923076923 0.057692307692307696
0 0.6021634615384616 0.36899038461538464 0.07451923076923077 0.08413461538461539
0 0.6490384615384616 0.40384615384615385 0.09134615384615385 0.09615384615384616
0 0.7067307692307693 0.43509615384615385 0.09134615384615385 0.09615384615384616
0 0.7608173076923077 0.4603365384615385 0.07932692307692309 0.07932692307692309
0 0.4399038461538462 0.5012019230769231 0.08653846153846154 0.06490384615384616
0 0.75 0.546875 0.05288461538461539 0.06490384615384616
0 0.6959134615384616 0.6153846153846154 0.09855769230769232 0.11538461538461539
0 0.6213942307692308 0.6995192307692308 0.11778846153846155 0.125
0 0.8149038461538461 0.7295673076923077 0.14903846153846154 0.12740384615384617
