0 0.003605769230769231 0.7776442307692308 0.007211538461538462 0.07451923076923077
0 0.046875 0.7716346153846154 0.026442307692307696 0.04326923076923077
0 0.03245192307692308 0.8161057692307693 0.026442307692307696 0.03605769230769231
0 0.08533653846153846 0.5240384615384616 0.17067307692307693 0.09615384615384616
0 0.2608173076923077 0.6153846153846154 0.05528846153846154 0.07692307692307693
0 0.41586538461538464 0.4050480769230769 0.038461538461538464 0.03605769230769231
0 0.43509615384615385 0.41947115384615385 0.028846153846153848 0.040865384615384616
0 0.46153846153846156 0.4182692307692308 0.028846153846153848 0.04807692307692308
0 0.4963942307692308 0.4206730769230769 0.03605769230769231 0.05288461538461539
0 0.22355769230769232 0.7463942307692308 0.04807692307692308 0.06009615384615385
0 0.2884615384615385 0.8413461538461539 0.06730769230769232 0.11538461538461539
