0 0.4278846153846154 0.09134615384615385 0.37980769230769235 0.1826923076923077
0 0.6478365384615385 0.3040865384615385 0.07932692307692309 0.06490384615384616
0 0.6995192307692308 0.3389423076923077 0.08173076923076923 0.057692307692307696
0 0.7584134615384616 0.38341346153846156 0.07451923076923077 0.08413461538461539
0 0.8052884615384616 0.4182692307692308 0.09134615384615385 0.09615384615384616
0 0.8629807692307693 0.4495192307692308 0.09134615384615385 0.09615384615384616
0 0.9170673076923077 0.4747596153846154 0.07932692307692309 0.07932692307692309
0 0.5961538461538461 0.515625 0.08653846153846154 0.06490384615384616
0 0.90625 0.561298076923077 0.05288461538461539 0.06490384615384616
0 0.8521634615384616 0.6298076923076923 0.09855769230769232 0.11538461538461539
0 0.7776442307692308 0.7139423076923077 0.11778846153846155 0.125
0 0.9483173076923077 0.7439903846153847 0.10336538461538462 0.12740384615384617
