0 0.5661057692307693 0.5685096153846154 0.2139423076923077 0.17067307692307693
0 0.5096153846153847 0.5997596153846154 0.17307692307692307 0.13221153846153846
0 0.5673076923076923 0.7668269230769231 0.13942307692307693 0.125
0 0.18028846153846154 0.4122596153846154 0.19711538461538464 0.16105769230769232
0 0.13221153846153846 0.5060096153846154 0.16826923076923078 0.12259615384615385
0 0.07572115384615385 0.7307692307692308 0.1514423076923077 0.17307692307692307
0 0.01201923076923077 0.33774038461538464 0.02403846153846154 0.09855769230769232
0 0.03245192307692308 0.7415865384615385 0.06490384615384616 0.3004807692307693
0 0.040865384615384616 0.8557692307692308 0.08173076923076923 0.17307692307692307
0 0.3028846153846154 0.8293269230769231 0.16826923076923078 0.17307692307692307
0 0.3942307692307693 0.9086538461538463 0.17307692307692307 0.17307692307692307
