0 0.3088942307692308 0.15024038461538464 0.04567307692307693 0.03125
0 0.23197115384615385 0.019230769230769232 0.03605769230769231 0.03365384615384616
0 0.06490384615384616 0.27884615384615385 0.08653846153846154 0.03365384615384616
0 0.7932692307692308 0.4399038461538462 0.08653846153846154 0.12980769230769232
0 0.6225961538461539 0.6141826923076923 0.04326923076923077 0.03125
0 0.6141826923076923 0.6430288461538461 0.05528846153846154 0.03605769230769231
0 0.5841346153846154 0.6117788461538461 0.038461538461538464 0.03125
0 0.6526442307692308 0.6430288461538461 0.040865384615384616 0.03605769230769231
0 0.8173076923076924 0.6887019230769231 0.028846153846153848 0.021634615384615384
0 0.6322115384615385 0.3966346153846154 0.03365384615384616 0.02403846153846154
