0 0.07572115384615385 0.015625 0.06971153846153846 0.03125
0 0.8701923076923077 0.15625 0.06730769230769232 0.0625
0 0.9399038461538463 0.1670673076923077 0.05288461538461539 0.05528846153846154
0 0.9639423076923077 0.45432692307692313 0.07211538461538462 0.08173076923076923
0 0.9182692307692308 0.48197115384615385 0.13942307692307693 0.11298076923076923
0 0.7295673076923077 0.3353365384615385 0.0889423076923077 0.06490384615384616
0 0.35336538461538464 0.5264423076923077 0.03365384615384616 0.02403846153846154
0 0.390625 0.5985576923076923 0.05528846153846154 0.05288461538461539
0 0.4326923076923077 0.6153846153846154 0.05288461538461539 0.04326923076923077
0 0.12139423076923078 0.983173076923077 0.06490384615384616 0.03365384615384616
0 0.1826923076923077 0.9747596153846154 0.05288461538461539 0.05048076923076923
