0 0.13701923076923078 0.037259615384615384 0.125 0.07451923076923077
0 0.4435096153846154 0.41466346153846156 0.09855769230769232 0.09855769230769232
0 0.4675480769230769 0.5120192307692308 0.23798076923076925 0.21634615384615385
0 0.4447115384615385 0.5625 0.22115384615384617 0.22115384615384617
0 0.3269230769230769 0.545673076923077 0.0625 0.07692307692307693
0 0.6574519230769231 0.6057692307692308 0.05048076923076923 0.05288461538461539
0 0.703125 0.5396634615384616 0.09375 0.10336538461538462
0 0.7608173076923077 0.4639423076923077 0.09375 0.10576923076923078
0 0.1983173076923077 0.9507211538461539 0.16105769230769232 0.09855769230769232
0 0.06009615384615385 0.375 0.08173076923076923 0.09134615384615385
0 0.018028846153846156 0.3966346153846154 0.03605769230769231 0.038461538461538464
