0 0.9074519230769231 0.5997596153846154 0.18509615384615385 0.16105769230769232
0 0.8653846153846154 0.6935096153846154 0.16826923076923078 0.12259615384615385
0 0.8076923076923077 0.9158653846153847 0.15384615384615385 0.16826923076923078
0 0.6911057692307693 0.5252403846153847 0.13221153846153846 0.09855769230769232
0 0.48918269230769235 0.30528846153846156 0.0889423076923077 0.0625
0 0.47716346153846156 0.3233173076923077 0.0889423076923077 0.06009615384615385
0 0.4639423076923077 0.34855769230769235 0.08173076923076923 0.057692307692307696
0 0.4555288461538462 0.35336538461538464 0.06490384615384616 0.04807692307692308
0 0.4483173076923077 0.36899038461538464 0.06971153846153846 0.05048076923076923
0 0.4435096153846154 0.3810096153846154 0.06971153846153846 0.04567307692307693
0 0.4411057692307693 0.3918269230769231 0.07451923076923077 0.04807692307692308
0 0.5360576923076923 0.4290865384615385 0.11057692307692309 0.09855769230769232
0 0.35216346153846156 0.858173076923077 0.06009615384615385 0.057692307692307696
0 0.2920673076923077 0.8317307692307693 0.08413461538461539 0.09615384615384616
0 0.140625 0.18149038461538464 0.12740384615384617 0.09375
0 0.686298076923077 0.889423076923077 0.22355769230769232 0.22115384615384617
0 0.7367788461538461 0.9783653846153847 0.15625 0.04326923076923077
0 0.9759615384615385 0.9651442307692308 0.04807692307692308 0.06971153846153846
