0 0.9290865384615385 0.11418269230769232 0.14182692307692307 0.19471153846153846
0 0.8641826923076924 0.19711538461538464 0.18990384615384617 0.19711538461538464
0 0.7620192307692308 0.27884615384615385 0.19711538461538464 0.19230769230769232
0 0.9867788461538463 0.35336538461538464 0.026442307692307696 0.0625
0 0.9699519230769231 0.3786057692307693 0.06009615384615385 0.07451923076923077
0 0.05288461538461539 0.8209134615384616 0.10576923076923078 0.17548076923076925
0 0.2872596153846154 0.5408653846153847 0.36778846153846156 0.4326923076923077
0 0.3774038461538462 0.920673076923077 0.25 0.15865384615384617
0 0.34615384615384615 0.4747596153846154 0.3509615384615385 0.41586538461538464
0 0.6658653846153847 0.359375 0.19711538461538464 0.19951923076923078
0 0.5733173076923077 0.4435096153846154 0.18990384615384617 0.19471153846153846
0 0.9471153846153847 0.4074519230769231 0.10576923076923078 0.09375
0 0.9423076923076924 0.4278846153846154 0.11538461538461539 0.09134615384615385
0 0.9651442307692308 0.49759615384615385 0.06971153846153846 0.07211538461538462
