0 0.7980769230769231 0.05048076923076923 0.15865384615384617 0.10096153846153846
0 0.8509615384615385 0.10817307692307693 0.15384615384615385 0.13461538461538464
0 0.734375 0.25240384615384615 0.18028846153846154 0.13942307692307693
0 0.5757211538461539 0.6814903846153847 0.04567307692307693 0.040865384615384616
0 0.25961538461538464 0.7740384615384616 0.08653846153846154 0.07692307692307693
0 0.19591346153846154 0.717548076923077 0.0889423076923077 0.08413461538461539
0 0.1310096153846154 0.6622596153846154 0.0889423076923077 0.08413461538461539
0 0.11778846153846155 0.8028846153846154 0.22115384615384617 0.20673076923076925
0 0.4795673076923077 0.75 0.13701923076923078 0.125
0 0.7367788461538461 0.4867788461538462 0.05528846153846154 0.040865384615384616
