0 0.9759615384615385 0.03485576923076923 0.04807692307692308 0.06971153846153846
0 0.8076923076923077 0.021634615384615384 0.09134615384615385 0.04326923076923077
0 0.9254807692307693 0.04807692307692308 0.11057692307692309 0.09615384615384616
0 0.951923076923077 0.11538461538461539 0.09615384615384616 0.10096153846153846
0 0.9735576923076924 0.1935096153846154 0.05288461538461539 0.09855769230769232
0 0.65625 0.054086538461538464 0.09615384615384616 0.10817307692307693
0 0.7355769230769231 0.038461538461538464 0.10096153846153846 0.07692307692307693
0 0.8521634615384616 0.07211538461538462 0.09855769230769232 0.10576923076923078
0 0.7740384615384616 0.1045673076923077 0.09615384615384616 0.10336538461538462
0 0.8810096153846154 0.1514423076923077 0.08413461538461539 0.10576923076923078
0 0.8076923076923077 0.17548076923076925 0.08653846153846154 0.08653846153846154
0 0.6995192307692308 0.13701923076923078 0.09134615384615385 0.10576923076923078
0 0.5793269230769231 0.04807692307692308 0.09615384615384616 0.08653846153846154
0 0.5949519230769231 0.09975961538461539 0.0889423076923077 0.08413461538461539
0 0.5036057692307693 0.07692307692307693 0.0889423076923077 0.08173076923076923
0 0.5276442307692308 0.13701923076923078 0.0889423076923077 0.08173076923076923
0 0.625 0.171875 0.10096153846153846 0.10817307692307693
0 0.5516826923076923 0.19951923076923078 0.09375 0.10576923076923078
0 0.7307692307692308 0.2199519230769231 0.08653846153846154 0.08413461538461539
0 0.4747596153846154 0.23076923076923078 0.10336538461538462 0.10576923076923078
0 0.9098557692307693 0.22596153846153846 0.08413461538461539 0.09615384615384616
0 0.9867788461538463 0.2692307692307693 0.026442307692307696 0.11538461538461539
0 0.9483173076923077 0.30528846153846156 0.09855769230769232 0.10096153846153846
0 0.8413461538461539 0.2572115384615385 0.08653846153846154 0.09615384615384616
0 0.873798076923077 0.33293269230769235 0.10336538461538462 0.10817307692307693
0 0.905048076923077 0.41586538461538464 0.09375 0.09134615384615385
0 0.8389423076923077 0.44591346153846156 0.09615384615384616 0.09375
0 0.7680288461538461 0.28966346153846156 0.09855769230769232 0.0889423076923077
0 0.7992788461538461 0.3617788461538462 0.09375 0.10336538461538462
0 0.6586538461538461 0.2451923076923077 0.09134615384615385 0.09134615384615385
0 0.6947115384615385 0.3197115384615385 0.08653846153846154 0.09134615384615385
0 0.7295673076923077 0.3978365384615385 0.09855769230769232 0.10817307692307693
0 0.5853365384615385 0.2764423076923077 0.0889423076923077 0.10096153846153846
0 0.6153846153846154 0.3545673076923077 0.08173076923076923 0.09855769230769232
0 0.6538461538461539 0.4338942307692308 0.10096153846153846 0.10336538461538462
0 0.515625 0.3112980769230769 0.08413461538461539 0.09855769230769232
0 0.3978365384615385 0.265625 0.09855769230769232 0.11298076923076923
0 0.4326923076923077 0.3425480769230769 0.09134615384615385 0.09855769230769232
0 0.546875 0.3870192307692308 0.08413461538461539 0.09615384615384616
0 0.5757211538461539 0.46634615384615385 0.10336538461538462 0.11057692307692309
0 0.5036057692307693 0.4963942307692308 0.10336538461538462 0.11778846153846155
0 0.4711538461538462 0.42307692307692313 0.10576923076923078 0.10576923076923078
0 0.592548076923077 0.6201923076923077 0.09855769230769232 0.13461538461538464
0 0.545673076923077 0.640625 0.09615384615384616 0.13701923076923078
