0 0.03365384615384616 0.8653846153846154 0.028846153846153848 0.03365384615384616
0 0.33052884615384615 0.6694711538461539 0.040865384615384616 0.03125
0 0.4134615384615385 0.701923076923077 0.028846153846153848 0.02403846153846154
0 0.40384615384615385 0.7295673076923077 0.028846153846153848 0.026442307692307696
0 0.5480769230769231 0.25480769230769235 0.09615384615384616 0.08173076923076923
0 0.5973557692307693 0.3317307692307693 0.08413461538461539 0.07692307692307693
0 0.7788461538461539 0.37980769230769235 0.057692307692307696 0.05288461538461539
0 0.7319711538461539 0.3557692307692308 0.05048076923076923 0.04807692307692308
0 0.7848557692307693 0.4242788461538462 0.05528846153846154 0.05528846153846154
2 0.5649038461538461 0.9278846153846154 0.057692307692307696 0.04326923076923077
