0 0.5817307692307693 0.3293269230769231 0.8365384615384616 0.6586538461538461
0 0.5877403846153847 0.37980769230769235 0.8245192307692308 0.7067307692307693
0 0.5961538461538461 0.453125 0.8076923076923077 0.6995192307692308
0 0.6033653846153847 0.5168269230769231 0.7932692307692308 0.7211538461538461
0 0.6045673076923077 0.5901442307692308 0.7908653846153847 0.7283653846153847
0 0.609375 0.6466346153846154 0.78125 0.7067307692307693
0 0.6201923076923077 0.6875 0.7596153846153847 0.625
0 0.623798076923077 0.717548076923077 0.7524038461538461 0.5649038461538461
0 0.6322115384615385 0.7584134615384616 0.7355769230769231 0.4831730769230769
0 0.639423076923077 0.796875 0.7211538461538461 0.40625
0 0.6454326923076923 0.8473557692307693 0.7091346153846154 0.30528846153846156
