0 0.16947115384615385 0.007211538461538462 0.1514423076923077 0.014423076923076924
0 0.15625 0.022836538461538464 0.21153846153846156 0.04567307692307693
0 0.14903846153846154 0.03966346153846154 0.2644230769230769 0.07451923076923077
0 0.7391826923076924 0.01682692307692308 0.2043269230769231 0.03365384615384616
0 0.14783653846153846 0.06850961538461539 0.2956730769230769 0.09375
0 0.15625 0.0889423076923077 0.3125 0.09134615384615385
0 0.19230769230769232 0.10336538461538462 0.2692307692307693 0.07692307692307693
0 0.19951923076923078 0.12259615384615385 0.2884615384615385 0.08653846153846154
0 0.13221153846153846 0.15865384615384617 0.25 0.07211538461538462
0 0.20552884615384617 0.18990384615384617 0.2956730769230769 0.08173076923076923
0 0.18149038461538464 0.21754807692307693 0.24759615384615385 0.07451923076923077
0 0.171875 0.24158653846153846 0.18028846153846154 0.05528846153846154
0 0.15745192307692307 0.2668269230769231 0.12740384615384617 0.04326923076923077
0 0.33293269230769235 0.2980769230769231 0.3245192307692308 0.08653846153846154
0 0.3401442307692308 0.32211538461538464 0.35336538461538464 0.09615384615384616
0 0.3545673076923077 0.34134615384615385 0.34855769230769235 0.09134615384615385
0 0.37259615384615385 0.3617788461538462 0.3509615384615385 0.0889423076923077
0 0.3918269230769231 0.37980769230769235 0.3557692307692308 0.09134615384615385
0 0.4014423076923077 0.3978365384615385 0.34615384615384615 0.09375
0 0.40384615384615385 0.42307692307692313 0.2932692307692308 0.08173076923076923
0 0.3810096153846154 0.47355769230769235 0.18509615384615385 0.0625
0 0.3942307692307693 0.44591346153846156 0.2451923076923077 0.07451923076923077
0 0.37259615384615385 0.49759615384615385 0.14423076923076925 0.04807692307692308
