0 0.4290865384615385 0.30528846153846156 0.03605769230769231 0.02403846153846154
0 0.4447115384615385 0.3245192307692308 0.05288461538461539 0.028846153846153848
0 0.4651442307692308 0.34134615384615385 0.0889423076923077 0.03365384615384616
0 0.47716346153846156 0.359375 0.11298076923076923 0.040865384615384616
0 0.48197115384615385 0.37980769230769235 0.10817307692307693 0.038461538461538464
0 0.484375 0.3978365384615385 0.11298076923076923 0.03605769230769231
0 0.48557692307692313 0.41586538461538464 0.11057692307692309 0.03365384615384616
0 0.48918269230769235 0.4362980769230769 0.10817307692307693 0.03605769230769231
0 0.4951923076923077 0.4555288461538462 0.11538461538461539 0.03605769230769231
0 0.4963942307692308 0.4723557692307693 0.10817307692307693 0.03605769230769231
0 0.4987980769230769 0.4915865384615385 0.10336538461538462 0.03605769230769231
0 0.5036057692307693 0.5120192307692308 0.11298076923076923 0.03365384615384616
0 0.5072115384615384 0.5336538461538461 0.11057692307692309 0.03365384615384616
0 0.514423076923077 0.576923076923077 0.11057692307692309 0.03365384615384616
0 0.5204326923076923 0.6177884615384616 0.10336538461538462 0.038461538461538464
0 0.5132211538461539 0.6598557692307693 0.06971153846153846 0.03125
