0 0.7103365384615385 0.43870192307692313 0.06971153846153846 0.040865384615384616
0 0.7836538461538461 0.46634615384615385 0.07692307692307693 0.04807692307692308
0 0.9963942307692308 0.6983173076923077 0.007211538461538462 0.08413461538461539
0 0.984375 0.7764423076923077 0.03125 0.07692307692307693
0 0.8786057692307693 0.7463942307692308 0.10336538461538462 0.0889423076923077
0 0.7872596153846154 0.7139423076923077 0.10817307692307693 0.08173076923076923
0 0.5625 0.6418269230769231 0.19711538461538464 0.1201923076923077
0 0.36418269230769235 0.5829326923076923 0.08413461538461539 0.07932692307692309
0 0.27524038461538464 0.5516826923076923 0.08413461538461539 0.07932692307692309
0 0.054086538461538464 0.5240384615384616 0.10817307692307693 0.09134615384615385
