0 0.4014423076923077 0.30649038461538464 0.8028846153846154 0.6129807692307693
0 0.41466346153846156 0.34375 0.8293269230769231 0.6875
0 0.4254807692307693 0.4074519230769231 0.8509615384615385 0.6995192307692308
0 0.44230769230769235 0.4711538461538462 0.8846153846153847 0.7211538461538461
0 0.45432692307692313 0.5444711538461539 0.9086538461538463 0.7283653846153847
0 0.46274038461538464 0.6177884615384616 0.9254807692307693 0.7403846153846154
0 0.4723557692307693 0.6646634615384616 0.9447115384615385 0.670673076923077
0 0.49278846153846156 0.6947115384615385 0.9807692307692308 0.6105769230769231
0 0.5084134615384616 0.7355769230769231 0.9783653846153847 0.5288461538461539
0 0.5168269230769231 0.7740384615384616 0.9663461538461539 0.4519230769230769
0 0.5192307692307693 0.8245192307692308 0.9471153846153847 0.3509615384615385
