0 0.10216346153846155 0.59375 0.05528846153846154 0.05288461538461539
0 0.1826923076923077 0.6069711538461539 0.09615384615384616 0.08413461538461539
0 0.4675480769230769 0.3665865384615385 0.05048076923076923 0.07932692307692309
0 0.45072115384615385 0.3269230769230769 0.09375 0.14423076923076925
0 0.5120192307692308 0.34134615384615385 0.08653846153846154 0.15384615384615385
0 0.5036057692307693 0.59375 0.06971153846153846 0.04326923076923077
0 0.3701923076923077 0.8653846153846154 0.09615384615384616 0.06730769230769232
0 0.5685096153846154 0.8317307692307693 0.06971153846153846 0.05288461538461539
0 0.6105769230769231 0.9735576923076924 0.05288461538461539 0.028846153846153848
0 0.8377403846153847 0.8401442307692308 0.06009615384615385 0.03125
0 0.8377403846153847 0.6442307692307693 0.06971153846153846 0.028846153846153848
0 0.9891826923076924 0.3112980769230769 0.021634615384615384 0.021634615384615384
