0 0.32572115384615385 0.1358173076923077 0.07932692307692309 0.06971153846153846
0 0.3894230769230769 0.10697115384615385 0.07692307692307693 0.06490384615384616
0 0.4807692307692308 0.06610576923076923 0.14903846153846154 0.09855769230769232
0 0.6165865384615385 0.06730769230769232 0.0889423076923077 0.09615384615384616
0 0.6502403846153847 0.1358173076923077 0.07932692307692309 0.09375
0 0.6850961538461539 0.21274038461538464 0.08173076923076923 0.10336538461538462
0 0.6754807692307693 0.046875 0.08653846153846154 0.09375
0 0.7379807692307693 0.16947115384615385 0.13461538461538464 0.19951923076923078
0 0.6466346153846154 0.3557692307692308 0.10096153846153846 0.08653846153846154
0 0.5649038461538461 0.3930288461538462 0.11057692307692309 0.09855769230769232
0 0.47716346153846156 0.43509615384615385 0.11298076923076923 0.08653846153846154
