0 0.9663461538461539 0.019230769230769232 0.06730769230769232 0.028846153846153848
0 0.96875 0.04447115384615385 0.0625 0.021634615384615384
0 0.5060096153846154 0.11177884615384616 0.17067307692307693 0.17067307692307693
0 0.6538461538461539 0.3088942307692308 0.19230769230769232 0.19471153846153846
0 0.5637019230769231 0.3918269230769231 0.18990384615384617 0.19711538461538464
0 0.46153846153846156 0.47355769230769235 0.19711538461538464 0.19230769230769232
0 0.8040865384615385 0.46995192307692313 0.07451923076923077 0.03125
0 0.7980769230769231 0.49759615384615385 0.10576923076923078 0.04326923076923077
0 0.7920673076923077 0.5204326923076923 0.1514423076923077 0.05528846153846154
0 0.7788461538461539 0.5480769230769231 0.21153846153846156 0.0625
0 0.7716346153846154 0.5733173076923077 0.2644230769230769 0.07451923076923077
0 0.08533653846153846 0.7355769230769231 0.17067307692307693 0.4326923076923077
0 0.11057692307692309 0.6694711538461539 0.22115384615384617 0.41586538461538464
0 0.3653846153846154 0.5540865384615385 0.19711538461538464 0.19951923076923078
0 0.2728365384615385 0.6382211538461539 0.18990384615384617 0.19471153846153846
0 0.7560096153846154 0.6021634615384616 0.3245192307692308 0.09375
0 0.7596153846153847 0.6225961538461539 0.3509615384615385 0.09134615384615385
0 0.8149038461538461 0.6370192307692308 0.2692307692307693 0.07692307692307693
0 0.8221153846153847 0.65625 0.2884615384615385 0.08653846153846154
0 0.7548076923076924 0.6923076923076923 0.25 0.07211538461538462
0 0.828125 0.7235576923076924 0.2956730769230769 0.08173076923076923
0 0.8040865384615385 0.7512019230769231 0.24759615384615385 0.07451923076923077
0 0.7944711538461539 0.7752403846153847 0.18028846153846154 0.05528846153846154
0 0.780048076923077 0.8004807692307693 0.12740384615384617 0.04326923076923077
0 0.8966346153846154 0.8317307692307693 0.20673076923076925 0.08653846153846154
0 0.8930288461538463 0.8557692307692308 0.2139423076923077 0.09615384615384616
0 0.9014423076923077 0.875 0.19711538461538464 0.09134615384615385
0 0.9098557692307693 0.8954326923076924 0.18028846153846154 0.0889423076923077
0 0.9182692307692308 0.9134615384615385 0.16346153846153846 0.09134615384615385
0 0.9254807692307693 0.9314903846153847 0.14903846153846154 0.09375
0 0.9399038461538463 0.9567307692307693 0.1201923076923077 0.08173076923076923
0 0.9555288461538463 0.9879807692307693 0.0889423076923077 0.02403846153846154
0 0.9471153846153847 0.9711538461538463 0.10576923076923078 0.057692307692307696
