0 0.018028846153846156 0.23197115384615385 0.03605769230769231 0.1466346153846154
0 0.054086538461538464 0.16826923076923078 0.07451923076923077 0.05288461538461539
0 0.06730769230769232 0.23918269230769232 0.09134615384615385 0.09855769230769232
0 0.16466346153846154 0.1935096153846154 0.10336538461538462 0.14182692307692307
0 0.21153846153846156 0.3161057692307693 0.057692307692307696 0.040865384615384616
0 0.37259615384615385 0.29447115384615385 0.03365384615384616 0.026442307692307696
0 0.37980769230769235 0.3161057692307693 0.03365384615384616 0.026442307692307696
0 0.38461538461538464 0.34134615384615385 0.03365384615384616 0.02403846153846154
0 0.3930288461538462 0.36899038461538464 0.03125 0.03125
0 0.3786057692307693 0.9579326923076924 0.1514423076923077 0.07451923076923077
