0 0.6466346153846154 0.5733173076923077 0.08653846153846154 0.05528846153846154
0 0.9951923076923077 0.33293269230769235 0.009615384615384616 0.040865384615384616
0 0.953125 0.34375 0.05048076923076923 0.0625
0 0.5528846153846154 0.6478365384615385 0.0625 0.06009615384615385
0 0.5673076923076923 0.701923076923077 0.06730769230769232 0.08173076923076923
0 0.5853365384615385 0.7740384615384616 0.07451923076923077 0.07692307692307693
0 0.608173076923077 0.8377403846153847 0.06730769230769232 0.07932692307692309
0 0.623798076923077 0.9110576923076924 0.06490384615384616 0.07692307692307693
0 0.6382211538461539 0.9711538461538463 0.06971153846153846 0.057692307692307696
0 0.5685096153846154 0.9783653846153847 0.09855769230769232 0.04326923076923077
0 0.5504807692307693 0.9302884615384616 0.09615384615384616 0.09134615384615385
0 0.5384615384615385 0.8569711538461539 0.09134615384615385 0.07932692307692309
0 0.530048076923077 0.795673076923077 0.07932692307692309 0.08653846153846154
0 0.5096153846153847 0.7235576923076924 0.06730769230769232 0.08173076923076923
0 0.515625 0.6658653846153847 0.026442307692307696 0.04326923076923077
0 0.07211538461538462 0.6538461538461539 0.08173076923076923 0.07692307692307693
2 0.14903846153846154 0.25 0.04326923076923077 0.03365384615384616
