0 0.717548076923077 0.1045673076923077 0.040865384615384616 0.040865384615384616
0 0.6610576923076923 0.109375 0.04326923076923077 0.040865384615384616
0 0.75 0.24278846153846156 0.04807692307692308 0.04807692307692308
0 0.7283653846153847 0.265625 0.057692307692307696 0.06009615384615385
0 0.515625 0.3629807692307693 0.12259615384615385 0.11538461538461539
0 0.6790865384615385 0.53125 0.12259615384615385 0.12980769230769232
0 0.3076923076923077 0.671875 0.02403846153846154 0.026442307692307696
0 0.21514423076923078 0.8401442307692308 0.03605769230769231 0.040865384615384616
0 0.26322115384615385 0.8762019230769231 0.03605769230769231 0.040865384615384616
0 0.328125 0.921875 0.0889423076923077 0.09855769230769232
0 0.36778846153846156 0.9651442307692308 0.08653846153846154 0.06971153846153846
0 0.003605769230769231 0.4278846153846154 0.007211538461538462 0.04326923076923077
0 0.021634615384615384 0.4495192307692308 0.04326923076923077 0.04807692307692308
0 0.004807692307692308 0.655048076923077 0.009615384615384616 0.07451923076923077
0 0.014423076923076924 0.6838942307692308 0.028846153846153848 0.03605769230769231
