0 0.10216346153846155 0.10576923076923078 0.13221153846153846 0.1201923076923077
0 0.1466346153846154 0.1622596153846154 0.04807692307692308 0.05048076923076923
0 0.2728365384615385 0.04567307692307693 0.05528846153846154 0.05288461538461539
0 0.3125 0.07572115384615385 0.0625 0.06009615384615385
0 0.3581730769230769 0.11177884615384616 0.0625 0.06009615384615385
0 0.40625 0.1466346153846154 0.06730769230769232 0.057692307692307696
0 0.33293269230769235 0.15264423076923078 0.06009615384615385 0.05048076923076923
0 0.3737980769230769 0.18509615384615385 0.040865384615384616 0.038461538461538464
0 0.27524038461538464 0.1826923076923077 0.03605769230769231 0.038461538461538464
0 0.25 0.21033653846153846 0.04326923076923077 0.040865384615384616
0 0.31730769230769235 0.21033653846153846 0.05288461538461539 0.05048076923076923
0 0.2872596153846154 0.2451923076923077 0.05048076923076923 0.04326923076923077
0 0.6634615384615385 0.3810096153846154 0.05288461538461539 0.05048076923076923
0 0.6298076923076923 0.42307692307692313 0.05288461538461539 0.05288461538461539
0 0.6117788461538461 0.44591346153846156 0.040865384615384616 0.040865384615384616
0 0.5973557692307693 0.5132211538461539 0.07451923076923077 0.06009615384615385
0 0.5673076923076923 0.5492788461538461 0.057692307692307696 0.06490384615384616
0 0.6201923076923077 0.59375 0.08653846153846154 0.07692307692307693
0 0.6694711538461539 0.5745192307692308 0.06490384615384616 0.05288461538461539
0 0.7367788461538461 0.3930288461538462 0.06971153846153846 0.06490384615384616
0 0.7836538461538461 0.4362980769230769 0.038461538461538464 0.03605769230769231
0 0.764423076923077 0.4603365384615385 0.05288461538461539 0.05048076923076923
0 0.7139423076923077 0.42668269230769235 0.08173076923076923 0.07451923076923077
0 0.6875 0.4639423076923077 0.08173076923076923 0.06730769230769232
0 0.6610576923076923 0.4915865384615385 0.06730769230769232 0.06009615384615385
0 0.7451923076923077 0.5084134615384616 0.07211538461538462 0.06971153846153846
0 0.7247596153846154 0.5384615384615385 0.06971153846153846 0.05288461538461539
0 0.8064903846153847 0.5552884615384616 0.07451923076923077 0.07211538461538462
0 0.780048076923077 0.5829326923076923 0.06971153846153846 0.06009615384615385
0 0.8774038461538463 0.5048076923076923 0.03365384615384616 0.03365384615384616
0 0.8966346153846154 0.5685096153846154 0.07211538461538462 0.07451923076923077
0 0.920673076923077 0.5420673076923077 0.06730769230769232 0.05528846153846154
0 0.967548076923077 0.5757211538461539 0.040865384615384616 0.040865384615384616
0 0.9459134615384616 0.6045673076923077 0.05528846153846154 0.05048076923076923
0 0.9146634615384616 0.6370192307692308 0.05528846153846154 0.04807692307692308
0 0.8665865384615385 0.608173076923077 0.07451923076923077 0.06730769230769232
0 0.8918269230769231 0.670673076923077 0.04807692307692308 0.038461538461538464
0 0.8413461538461539 0.6346153846153847 0.07211538461538462 0.0625
0 0.8762019230769231 0.7295673076923077 0.04567307692307693 0.05048076923076923
0 0.8341346153846154 0.7752403846153847 0.05288461538461539 0.06490384615384616
0 0.45072115384615385 0.8725961538461539 0.03125 0.02403846153846154
0 0.038461538461538464 0.9459134615384616 0.07692307692307693 0.10817307692307693
0 0.17908653846153846 0.12620192307692307 0.04567307692307693 0.040865384615384616
