0 0.1466346153846154 0.23197115384615385 0.125 0.13701923076923078
0 0.23677884615384617 0.16826923076923078 0.13221153846153846 0.13461538461538464
0 0.3341346153846154 0.11298076923076923 0.125 0.13461538461538464
0 0.41947115384615385 0.06009615384615385 0.10817307692307693 0.1201923076923077
0 0.6887019230769231 0.04447115384615385 0.06971153846153846 0.0889423076923077
0 0.6682692307692308 0.058894230769230775 0.07692307692307693 0.09375
0 0.5961538461538461 0.09975961538461539 0.07211538461538462 0.09855769230769232
0 0.5745192307692308 0.11658653846153846 0.08173076923076923 0.0889423076923077
0 0.5048076923076923 0.15625 0.07211538461538462 0.10096153846153846
0 0.4747596153846154 0.17908653846153846 0.0889423076923077 0.09855769230769232
0 0.4483173076923077 0.1983173076923077 0.07451923076923077 0.09375
0 0.3774038461538462 0.23918269230769232 0.07692307692307693 0.09855769230769232
0 0.3545673076923077 0.2572115384615385 0.07451923076923077 0.09134615384615385
0 0.2824519230769231 0.3004807692307693 0.07451923076923077 0.09134615384615385
0 0.25841346153846156 0.3161057692307693 0.08413461538461539 0.09855769230769232
0 0.33052884615384615 0.4326923076923077 0.09855769230769232 0.12980769230769232
0 0.3617788461538462 0.4134615384615385 0.10817307692307693 0.13461538461538464
0 0.4182692307692308 0.3762019230769231 0.11057692307692309 0.13221153846153846
0 0.453125 0.35216346153846156 0.10817307692307693 0.12740384615384617
0 0.5108173076923077 0.31730769230769235 0.11298076923076923 0.13461538461538464
0 0.5492788461538461 0.2956730769230769 0.10817307692307693 0.13461538461538464
0 0.5805288461538461 0.2692307692307693 0.10336538461538462 0.13461538461538464
0 0.6430288461538461 0.234375 0.10817307692307693 0.13221153846153846
0 0.6742788461538461 0.21153846153846156 0.10817307692307693 0.12980769230769232
0 0.7307692307692308 0.1778846153846154 0.10576923076923078 0.13461538461538464
0 0.7608173076923077 0.15625 0.09855769230769232 0.125
0 0.7848557692307693 0.28365384615384615 0.06009615384615385 0.08173076923076923
0 0.7391826923076924 0.31009615384615385 0.08413461538461539 0.09615384615384616
0 0.7067307692307693 0.3317307692307693 0.08653846153846154 0.09615384615384616
0 0.6466346153846154 0.3713942307692308 0.08653846153846154 0.0889423076923077
0 0.6129807692307693 0.3918269230769231 0.08173076923076923 0.09615384615384616
0 0.576923076923077 0.41105769230769235 0.07692307692307693 0.09134615384615385
0 0.515625 0.453125 0.07932692307692309 0.0889423076923077
0 0.4831730769230769 0.47355769230769235 0.07692307692307693 0.09615384615384616
0 0.4254807692307693 0.5108173076923077 0.07692307692307693 0.09375
0 0.3942307692307693 0.5324519230769231 0.07692307692307693 0.0889423076923077
0 0.983173076923077 0.9867788461538463 0.03365384615384616 0.026442307692307696
0 0.951923076923077 0.9927884615384616 0.038461538461538464 0.014423076923076924
0 0.859375 0.9903846153846154 0.12259615384615385 0.019230769230769232
0 0.08052884615384616 0.5048076923076923 0.16105769230769232 0.42307692307692313
0 0.019230769230769232 0.6478365384615385 0.038461538461538464 0.31490384615384615
0 0.03966346153846154 0.6274038461538461 0.07932692307692309 0.3076923076923077
0 0.13461538461538464 0.46634615384615385 0.2692307692307693 0.4278846153846154
