0 0.5240384615384616 0.07211538461538462 0.05288461538461539 0.05288461538461539
0 0.59375 0.06370192307692309 0.09615384615384616 0.04567307692307693
0 0.9771634615384616 0.21153846153846156 0.04567307692307693 0.028846153846153848
0 0.9855769230769231 0.7608173076923077 0.028846153846153848 0.06009615384615385
0 0.18990384615384617 0.8617788461538463 0.03365384615384616 0.03125
0 0.234375 0.858173076923077 0.040865384615384616 0.04326923076923077
0 0.24278846153846156 0.9038461538461539 0.05288461538461539 0.06730769230769232
0 0.2716346153846154 0.9723557692307693 0.08653846153846154 0.05528846153846154
0 0.19230769230769232 0.9411057692307693 0.08173076923076923 0.11778846153846155
0 0.6430288461538461 0.6923076923076923 0.13221153846153846 0.08653846153846154
