2 0.18509615384615385 0.015625 0.038461538461538464 0.03125
0 0.23798076923076925 0.28605769230769235 0.11538461538461539 0.14423076923076925
0 0.06490384615384616 0.1466346153846154 0.028846153846153848 0.03365384615384616
0 0.3125 0.35697115384615385 0.07211538461538462 0.021634615384615384
0 0.3185096153846154 0.3701923076923077 0.0889423076923077 0.02403846153846154
0 0.33052884615384615 0.3810096153846154 0.07932692307692309 0.021634615384615384
0 0.3389423076923077 0.4014423076923077 0.05288461538461539 0.019230769230769232
0 0.514423076923077 0.4206730769230769 0.038461538461538464 0.03365384615384616
0 0.5324519230769231 0.21754807692307693 0.13221153846153846 0.11298076923076923
0 0.7199519230769231 0.29086538461538464 0.026442307692307696 0.03365384615384616
0 0.890625 0.31490384615384615 0.08413461538461539 0.10096153846153846
0 0.640625 0.6262019230769231 0.06490384615384616 0.06490384615384616
0 0.5997596153846154 0.5901442307692308 0.06971153846153846 0.06490384615384616
0 0.5180288461538461 0.5961538461538461 0.06490384615384616 0.08173076923076923
0 0.21634615384615385 0.6778846153846154 0.0625 0.05288461538461539
0 0.11538461538461539 0.7560096153846154 0.23076923076923078 0.17548076923076925
0 0.14783653846153846 0.9711538461538463 0.07451923076923077 0.057692307692307696
0 0.4747596153846154 0.780048076923077 0.040865384615384616 0.03605769230769231
