0 0.9615384615384616 0.2800480769230769 0.07692307692307693 0.08413461538461539
0 0.8641826923076924 0.2403846153846154 0.11778846153846155 0.11057692307692309
0 0.8064903846153847 0.4278846153846154 0.040865384615384616 0.03365384615384616
0 0.7163461538461539 0.38341346153846156 0.038461538461538464 0.03125
0 0.7427884615384616 0.4362980769230769 0.038461538461538464 0.03125
0 0.6911057692307693 0.4603365384615385 0.03605769230769231 0.03605769230769231
0 0.6802884615384616 0.44711538461538464 0.038461538461538464 0.028846153846153848
0 0.670673076923077 0.42668269230769235 0.03365384615384616 0.03125
0 0.6598557692307693 0.4122596153846154 0.03605769230769231 0.03125
0 0.7091346153846154 0.453125 0.057692307692307696 0.09375
0 0.6490384615384616 0.390625 0.038461538461538464 0.03605769230769231
0 0.4747596153846154 0.09615384615384616 0.06971153846153846 0.04807692307692308
0 0.5 0.15745192307692307 0.06730769230769232 0.05528846153846154
2 0.6418269230769231 0.7379807692307693 0.057692307692307696 0.11538461538461539
0 0.5096153846153847 0.6790865384615385 0.0625 0.040865384615384616
