2 0.514423076923077 0.3389423076923077 0.038461538461538464 0.038461538461538464
0 0.5673076923076923 0.6129807692307693 0.11538461538461539 0.14423076923076925
0 0.3942307692307693 0.47355769230769235 0.028846153846153848 0.03365384615384616
0 0.6418269230769231 0.6838942307692308 0.07211538461538462 0.021634615384615384
0 0.6478365384615385 0.6971153846153847 0.0889423076923077 0.02403846153846154
0 0.6598557692307693 0.7079326923076924 0.07932692307692309 0.021634615384615384
0 0.6682692307692308 0.7283653846153847 0.05288461538461539 0.019230769230769232
0 0.84375 0.7475961538461539 0.038461538461538464 0.03365384615384616
0 0.8617788461538463 0.5444711538461539 0.13221153846153846 0.11298076923076923
0 0.96875 0.953125 0.0625 0.06490384615384616
0 0.9290865384615385 0.9170673076923077 0.06971153846153846 0.06490384615384616
0 0.8473557692307693 0.9230769230769231 0.06490384615384616 0.08173076923076923
0 0.545673076923077 0.9891826923076924 0.0625 0.021634615384615384
