0 0.953125 0.5420673076923077 0.09375 0.5745192307692308
0 0.8810096153846154 0.009615384615384616 0.23798076923076925 0.019230769230769232
0 0.8713942307692308 0.030048076923076924 0.2572115384615385 0.026442307692307696
0 0.8557692307692308 0.056490384615384616 0.2884615384615385 0.026442307692307696
0 0.8461538461538463 0.07932692307692309 0.3076923076923077 0.03365384615384616
0 0.8197115384615385 0.10697115384615385 0.3125 0.03125
0 0.795673076923077 0.1310096153846154 0.3269230769230769 0.03125
0 0.7728365384615385 0.15865384615384617 0.3293269230769231 0.028846153846153848
0 0.7391826923076924 0.18028846153846154 0.3245192307692308 0.02403846153846154
0 0.7163461538461539 0.20673076923076925 0.3317307692307693 0.028846153846153848
0 0.6935096153846154 0.23197115384615385 0.3293269230769231 0.026442307692307696
0 0.6586538461538461 0.2560096153846154 0.3269230769230769 0.026442307692307696
0 0.6430288461538461 0.2824519230769231 0.3245192307692308 0.026442307692307696
0 0.623798076923077 0.3040865384615385 0.31490384615384615 0.026442307692307696
0 0.6057692307692308 0.3293269230769231 0.28365384615384615 0.028846153846153848
0 0.5973557692307693 0.3545673076923077 0.2572115384615385 0.021634615384615384
0 0.608173076923077 0.38341346153846156 0.19230769230769232 0.026442307692307696
0 0.5985576923076923 0.4050480769230769 0.13942307692307693 0.01682692307692308
0 0.5949519230769231 0.4326923076923077 0.09855769230769232 0.019230769230769232
0 0.5997596153846154 0.4591346153846154 0.06009615384615385 0.019230769230769232
0 0.5841346153846154 0.009615384615384616 0.3125 0.019230769230769232
0 0.546875 0.040865384615384616 0.30528846153846156 0.02403846153846154
0 0.5192307692307693 0.0733173076923077 0.3028846153846154 0.026442307692307696
0 0.4807692307692308 0.10697115384615385 0.3028846153846154 0.026442307692307696
0 0.4555288461538462 0.14182692307692307 0.3004807692307693 0.02403846153846154
0 0.4362980769230769 0.17307692307692307 0.2620192307692308 0.02403846153846154
0 0.4278846153846154 0.2043269230769231 0.20673076923076925 0.028846153846153848
0 0.43028846153846156 0.23677884615384617 0.13942307692307693 0.021634615384615384
0 0.43028846153846156 0.27043269230769235 0.07692307692307693 0.021634615384615384
0 0.06129807692307693 0.421875 0.12259615384615385 0.17067307692307693
0 0.18509615384615385 0.6189903846153847 0.19230769230769232 0.19471153846153846
0 0.09495192307692309 0.701923076923077 0.18990384615384617 0.19711538461538464
0 0.04567307692307693 0.7836538461538461 0.09134615384615385 0.19230769230769232
0 0.3353365384615385 0.780048076923077 0.07451923076923077 0.03125
0 0.3293269230769231 0.8076923076923077 0.10576923076923078 0.04326923076923077
0 0.3233173076923077 0.8305288461538461 0.1514423076923077 0.05528846153846154
0 0.31009615384615385 0.858173076923077 0.21153846153846156 0.0625
0 0.3028846153846154 0.8834134615384616 0.2644230769230769 0.07451923076923077
0 0.8930288461538463 0.7692307692307693 0.2043269230769231 0.21634615384615385
0 0.2872596153846154 0.9122596153846154 0.3245192307692308 0.09375
0 0.29086538461538464 0.9326923076923077 0.3509615384615385 0.09134615384615385
0 0.34615384615384615 0.9471153846153847 0.2692307692307693 0.07692307692307693
0 0.35336538461538464 0.9615384615384616 0.2884615384615385 0.07692307692307693
0 0.28605769230769235 0.983173076923077 0.25 0.03365384615384616
