0 0.24759615384615385 0.054086538461538464 0.05288461538461539 0.05048076923076923
0 0.2139423076923077 0.09615384615384616 0.05288461538461539 0.05288461538461539
0 0.19591346153846154 0.11899038461538462 0.040865384615384616 0.040865384615384616
0 0.18149038461538464 0.18629807692307693 0.07451923076923077 0.06009615384615385
0 0.1514423076923077 0.22235576923076925 0.057692307692307696 0.06490384615384616
0 0.2043269230769231 0.2668269230769231 0.08653846153846154 0.07692307692307693
0 0.2536057692307692 0.24759615384615385 0.06490384615384616 0.05288461538461539
0 0.32091346153846156 0.06610576923076923 0.06971153846153846 0.06490384615384616
0 0.36778846153846156 0.109375 0.038461538461538464 0.03605769230769231
0 0.34855769230769235 0.13341346153846154 0.05288461538461539 0.05048076923076923
0 0.2980769230769231 0.09975961538461539 0.08173076923076923 0.07451923076923077
0 0.2716346153846154 0.13701923076923078 0.08173076923076923 0.06730769230769232
0 0.2451923076923077 0.16466346153846154 0.06730769230769232 0.06009615384615385
0 0.3293269230769231 0.18149038461538464 0.07211538461538462 0.06971153846153846
0 0.3088942307692308 0.21153846153846156 0.06971153846153846 0.05288461538461539
0 0.390625 0.22836538461538464 0.07451923076923077 0.07211538461538462
0 0.36418269230769235 0.2560096153846154 0.06971153846153846 0.06009615384615385
0 0.46153846153846156 0.1778846153846154 0.03365384615384616 0.03365384615384616
0 0.4807692307692308 0.24158653846153846 0.07211538461538462 0.07451923076923077
0 0.5048076923076923 0.21514423076923078 0.06730769230769232 0.05528846153846154
0 0.5516826923076923 0.24879807692307693 0.040865384615384616 0.040865384615384616
0 0.530048076923077 0.2776442307692308 0.05528846153846154 0.05048076923076923
0 0.4987980769230769 0.31009615384615385 0.05528846153846154 0.04807692307692308
0 0.45072115384615385 0.28125 0.07451923076923077 0.06730769230769232
0 0.4759615384615385 0.34375 0.04807692307692308 0.038461538461538464
0 0.4254807692307693 0.3076923076923077 0.07211538461538462 0.0625
0 0.4603365384615385 0.4026442307692308 0.04567307692307693 0.05048076923076923
0 0.4182692307692308 0.4483173076923077 0.05288461538461539 0.06490384615384616
0 0.22836538461538464 0.9483173076923077 0.125 0.10336538461538462
0 0.03485576923076923 0.545673076923077 0.03125 0.02403846153846154
