0 0.3197115384615385 0.4098557692307693 0.07211538461538462 0.10336538461538462
0 0.3581730769230769 0.4639423076923077 0.07692307692307693 0.057692307692307696
0 0.6129807692307693 0.37259615384615385 0.05288461538461539 0.038461538461538464
0 0.623798076923077 0.40625 0.04567307692307693 0.03365384615384616
0 0.6382211538461539 0.43028846153846156 0.04567307692307693 0.028846153846153848
0 0.6514423076923077 0.4591346153846154 0.04326923076923077 0.03365384615384616
0 0.6622596153846154 0.484375 0.04567307692307693 0.026442307692307696
0 0.6766826923076923 0.5120192307692308 0.04567307692307693 0.028846153846153848
0 0.6899038461538461 0.5408653846153847 0.04326923076923077 0.03365384615384616
0 0.7259615384615385 0.7560096153846154 0.09134615384615385 0.13701923076923078
0 0.8221153846153847 0.7427884615384616 0.09615384615384616 0.09134615384615385
0 0.8810096153846154 0.9723557692307693 0.05048076923076923 0.04567307692307693
0 0.9615384615384616 0.6334134615384616 0.07692307692307693 0.23798076923076925
