0 0.06730769230769232 0.020432692307692308 0.125 0.040865384615384616
0 0.3737980769230769 0.3810096153846154 0.09855769230769232 0.09855769230769232
0 0.3978365384615385 0.47836538461538464 0.23798076923076925 0.21634615384615385
0 0.375 0.5288461538461539 0.22115384615384617 0.22115384615384617
0 0.2572115384615385 0.5120192307692308 0.0625 0.07692307692307693
0 0.5877403846153847 0.5721153846153847 0.05048076923076923 0.05288461538461539
0 0.6334134615384616 0.5060096153846154 0.09375 0.10336538461538462
0 0.6911057692307693 0.43028846153846156 0.09375 0.10576923076923078
0 0.12860576923076925 0.9338942307692308 0.16105769230769232 0.13221153846153846
0 0.015625 0.34134615384615385 0.03125 0.09134615384615385
