0 0.7896634615384616 0.002403846153846154 0.2043269230769231 0.004807692307692308
0 0.7896634615384616 0.025240384615384616 0.13221153846153846 0.021634615384615384
0 0.7884615384615385 0.058894230769230775 0.07211538461538462 0.021634615384615384
0 0.953125 0.01201923076923077 0.09375 0.02403846153846154
0 0.9435096153846154 0.037259615384615384 0.11298076923076923 0.026442307692307696
0 0.9314903846153847 0.06009615384615385 0.13701923076923078 0.02403846153846154
0 0.9266826923076924 0.0889423076923077 0.1466346153846154 0.028846153846153848
0 0.9230769230769231 0.11418269230769232 0.15384615384615385 0.026442307692307696
0 0.9254807692307693 0.1358173076923077 0.14903846153846154 0.026442307692307696
0 0.9423076923076924 0.16466346153846154 0.11538461538461539 0.021634615384615384
0 0.9483173076923077 0.1875 0.10336538461538462 0.019230769230769232
0 0.9663461538461539 0.21514423076923078 0.06730769230769232 0.021634615384615384
0 0.6262019230769231 0.002403846153846154 0.07932692307692309 0.004807692307692308
0 0.625 0.03245192307692308 0.14903846153846154 0.021634615384615384
0 0.6286057692307693 0.06490384615384616 0.2091346153846154 0.02403846153846154
0 0.623798076923077 0.09735576923076923 0.28605769230769235 0.026442307692307696
0 0.5949519230769231 0.13221153846153846 0.29086538461538464 0.02403846153846154
0 0.5588942307692308 0.1622596153846154 0.3004807692307693 0.021634615384615384
0 0.7848557692307693 0.16586538461538464 0.10336538461538462 0.02403846153846154
0 0.780048076923077 0.1983173076923077 0.13701923076923078 0.021634615384615384
0 0.7836538461538461 0.2199519230769231 0.19230769230769232 0.021634615384615384
0 0.7836538461538461 0.24399038461538464 0.22596153846153846 0.026442307692307696
0 0.7788461538461539 0.2716346153846154 0.2884615384615385 0.028846153846153848
0 0.7668269230769231 0.296875 0.32211538461538464 0.03125
0 0.7451923076923077 0.3197115384615385 0.32211538461538464 0.02403846153846154
0 0.5228365384615384 0.19230769230769232 0.30528846153846156 0.019230769230769232
0 0.49399038461538464 0.2295673076923077 0.31009615384615385 0.026442307692307696
0 0.4603365384615385 0.2620192307692308 0.2956730769230769 0.028846153846153848
0 0.43028846153846156 0.2956730769230769 0.3028846153846154 0.02403846153846154
0 0.39543269230769235 0.3245192307692308 0.30528846153846156 0.02403846153846154
0 0.3605769230769231 0.3581730769230769 0.3028846153846154 0.02403846153846154
0 0.328125 0.390625 0.3004807692307693 0.026442307692307696
0 0.2932692307692308 0.4254807692307693 0.3028846153846154 0.02403846153846154
0 0.7391826923076924 0.34855769230769235 0.3004807692307693 0.02403846153846154
0 0.6911057692307693 0.3713942307692308 0.3293269230769231 0.026442307692307696
0 0.6670673076923077 0.3966346153846154 0.3197115384615385 0.02403846153846154
0 0.6370192307692308 0.41947115384615385 0.33653846153846156 0.026442307692307696
0 0.6105769230769231 0.44591346153846156 0.34134615384615385 0.026442307692307696
0 0.9747596153846154 0.4807692307692308 0.05048076923076923 0.21634615384615385
0 0.9651442307692308 0.4963942307692308 0.06971153846153846 0.2139423076923077
0 0.9579326923076924 0.5132211538461539 0.08413461538461539 0.2139423076923077
0 0.9459134615384616 0.5276442307692308 0.10817307692307693 0.2091346153846154
0 0.9387019230769231 0.546875 0.12259615384615385 0.2139423076923077
0 0.7560096153846154 0.8846153846153847 0.4879807692307693 0.23076923076923078
0 0.5853365384615385 0.4711538461538462 0.31490384615384615 0.028846153846153848
0 0.5552884615384616 0.4951923076923077 0.33653846153846156 0.028846153846153848
0 0.5348557692307693 0.5204326923076923 0.3341346153846154 0.026442307692307696
0 0.5072115384615384 0.5444711538461539 0.31730769230769235 0.026442307692307696
0 0.48197115384615385 0.5709134615384616 0.3293269230769231 0.026442307692307696
0 0.45793269230769235 0.59375 0.3197115384615385 0.03365384615384616
0 0.4254807692307693 0.6213942307692308 0.3125 0.03125
0 0.4014423076923077 0.6454326923076923 0.3269230769230769 0.03125
0 0.3786057692307693 0.6730769230769231 0.3293269230769231 0.028846153846153848
0 0.3449519230769231 0.6947115384615385 0.3245192307692308 0.02403846153846154
0 0.32211538461538464 0.7211538461538461 0.3317307692307693 0.028846153846153848
0 0.29927884615384615 0.7463942307692308 0.3293269230769231 0.026442307692307696
0 0.2644230769230769 0.7704326923076924 0.3269230769230769 0.026442307692307696
0 0.24879807692307693 0.796875 0.3245192307692308 0.026442307692307696
0 0.2295673076923077 0.8185096153846154 0.31490384615384615 0.026442307692307696
0 0.21153846153846156 0.84375 0.28365384615384615 0.028846153846153848
0 0.203125 0.8689903846153847 0.2572115384615385 0.021634615384615384
0 0.2139423076923077 0.8978365384615385 0.19230769230769232 0.026442307692307696
0 0.2043269230769231 0.9194711538461539 0.13942307692307693 0.01682692307692308
0 0.20072115384615385 0.9471153846153847 0.09855769230769232 0.019230769230769232
0 0.20552884615384617 0.9735576923076924 0.06009615384615385 0.019230769230769232
0 0.2572115384615385 0.4555288461538462 0.2980769230769231 0.026442307692307696
0 0.2199519230769231 0.48918269230769235 0.3004807692307693 0.026442307692307696
0 0.18990384615384617 0.5216346153846154 0.3125 0.02403846153846154
0 0.15264423076923078 0.5552884615384616 0.30528846153846156 0.02403846153846154
0 0.13822115384615385 0.5877403846153847 0.2764423076923077 0.026442307692307696
0 0.11899038461538462 0.6213942307692308 0.23798076923076925 0.026442307692307696
0 0.10576923076923078 0.65625 0.21153846153846156 0.02403846153846154
0 0.08653846153846154 0.6875 0.17307692307692307 0.02403846153846154
0 0.06850961538461539 0.71875 0.13701923076923078 0.028846153846153848
0 0.05288461538461539 0.7512019230769231 0.10576923076923078 0.021634615384615384
0 0.037259615384615384 0.7848557692307693 0.07451923076923077 0.021634615384615384
