0 0.12620192307692307 0.030048076923076924 0.07932692307692309 0.06009615384615385
0 0.1778846153846154 0.0625 0.08173076923076923 0.057692307692307696
0 0.23677884615384617 0.10697115384615385 0.07451923076923077 0.08413461538461539
0 0.28365384615384615 0.14182692307692307 0.09134615384615385 0.09615384615384616
0 0.34134615384615385 0.17307692307692307 0.09134615384615385 0.09615384615384616
0 0.39543269230769235 0.1983173076923077 0.07932692307692309 0.07932692307692309
0 0.07451923076923077 0.23918269230769232 0.08653846153846154 0.06490384615384616
0 0.38461538461538464 0.2848557692307693 0.05288461538461539 0.06490384615384616
0 0.33052884615384615 0.35336538461538464 0.09855769230769232 0.11538461538461539
0 0.2560096153846154 0.4375 0.11778846153846155 0.125
0 0.4495192307692308 0.4675480769230769 0.14903846153846154 0.12740384615384617
0 0.8870192307692308 0.3774038461538462 0.125 0.11057692307692309
0 0.8100961538461539 0.733173076923077 0.08173076923076923 0.09134615384615385
0 0.764423076923077 0.7548076923076924 0.04326923076923077 0.038461538461538464
