0 0.6213942307692308 0.07091346153846154 0.15625 0.13701923076923078
0 0.515625 0.11177884615384616 0.10336538461538462 0.10817307692307693
0 0.6622596153846154 0.15384615384615385 0.1514423076923077 0.12980769230769232
0 0.6935096153846154 0.25 0.11778846153846155 0.12980769230769232
0 0.7704326923076924 0.2536057692307692 0.10817307692307693 0.11298076923076923
0 0.8004807692307693 0.3233173076923077 0.11538461538461539 0.10336538461538462
0 0.5600961538461539 0.20192307692307693 0.09615384615384616 0.1201923076923077
0 0.5985576923076923 0.2932692307692308 0.09134615384615385 0.11057692307692309
0 0.7163461538461539 0.3449519230769231 0.11057692307692309 0.11298076923076923
0 0.7439903846153847 0.4206730769230769 0.09855769230769232 0.10096153846153846
0 0.7848557692307693 0.4987980769230769 0.09375 0.09855769230769232
0 0.4723557692307693 0.20673076923076925 0.10817307692307693 0.12980769230769232
0 0.4134615384615385 0.234375 0.07692307692307693 0.12259615384615385
0 0.44711538461538464 0.3473557692307693 0.09615384615384616 0.13221153846153846
0 0.5264423076923077 0.3161057692307693 0.10096153846153846 0.13221153846153846
0 0.6430288461538461 0.3774038461538462 0.09855769230769232 0.10576923076923078
0 0.5649038461538461 0.4098557692307693 0.09615384615384616 0.10336538461538462
0 0.671875 0.4567307692307693 0.08413461538461539 0.10576923076923078
0 0.5985576923076923 0.4807692307692308 0.08653846153846154 0.08653846153846154
0 0.4903846153846154 0.44230769230769235 0.09134615384615385 0.10576923076923078
0 0.3701923076923077 0.35336538461538464 0.09615384615384616 0.08653846153846154
0 0.3858173076923077 0.4050480769230769 0.0889423076923077 0.08413461538461539
0 0.29447115384615385 0.3822115384615385 0.0889423076923077 0.08173076923076923
0 0.3185096153846154 0.44230769230769235 0.0889423076923077 0.08173076923076923
0 0.41586538461538464 0.47716346153846156 0.10096153846153846 0.10817307692307693
0 0.3425480769230769 0.5048076923076923 0.09375 0.10576923076923078
0 0.5216346153846154 0.5252403846153847 0.08653846153846154 0.08413461538461539
0 0.265625 0.5360576923076923 0.10336538461538462 0.10576923076923078
0 0.7007211538461539 0.53125 0.08413461538461539 0.09615384615384616
0 0.8161057692307693 0.5745192307692308 0.10336538461538462 0.11538461538461539
0 0.7391826923076924 0.6105769230769231 0.09855769230769232 0.10096153846153846
0 0.6322115384615385 0.5625 0.08653846153846154 0.09615384615384616
0 0.6646634615384616 0.6382211538461539 0.10336538461538462 0.10817307692307693
0 0.6959134615384616 0.7211538461538461 0.09375 0.09134615384615385
0 0.6298076923076923 0.7512019230769231 0.09615384615384616 0.09375
0 0.5588942307692308 0.5949519230769231 0.09855769230769232 0.0889423076923077
0 0.5901442307692308 0.6670673076923077 0.09375 0.10336538461538462
0 0.4495192307692308 0.5504807692307693 0.09134615384615385 0.09134615384615385
0 0.48557692307692313 0.625 0.08653846153846154 0.09134615384615385
0 0.5204326923076923 0.703125 0.09855769230769232 0.10817307692307693
0 0.3762019230769231 0.5817307692307693 0.0889423076923077 0.10096153846153846
0 0.40625 0.6598557692307693 0.08173076923076923 0.09855769230769232
0 0.4447115384615385 0.7391826923076924 0.10096153846153846 0.10336538461538462
0 0.30649038461538464 0.6165865384615385 0.08413461538461539 0.09855769230769232
0 0.1887019230769231 0.5709134615384616 0.09855769230769232 0.11298076923076923
0 0.22355769230769232 0.6478365384615385 0.09134615384615385 0.09855769230769232
0 0.33774038461538464 0.6923076923076923 0.08413461538461539 0.09615384615384616
0 0.3665865384615385 0.7716346153846154 0.10336538461538462 0.11057692307692309
0 0.29447115384615385 0.8016826923076924 0.10336538461538462 0.11778846153846155
0 0.2620192307692308 0.7283653846153847 0.10576923076923078 0.10576923076923078
0 0.38341346153846156 0.9254807692307693 0.09855769230769232 0.13461538461538464
0 0.33653846153846156 0.9387019230769231 0.09615384615384616 0.12259615384615385
