0 0.8725961538461539 0.042067307692307696 0.057692307692307696 0.05528846153846154
0 0.6201923076923077 0.02403846153846154 0.04326923076923077 0.038461538461538464
0 0.7235576923076924 0.09615384615384616 0.05288461538461539 0.05288461538461539
0 0.875 0.2764423076923077 0.028846153846153848 0.028846153846153848
0 0.9158653846153847 0.3004807692307693 0.04326923076923077 0.03365384615384616
0 0.9627403846153847 0.359375 0.040865384615384616 0.05048076923076923
0 0.920673076923077 0.5132211538461539 0.0625 0.06490384615384616
0 0.8665865384615385 0.46274038461538464 0.026442307692307696 0.03125
0 0.8209134615384616 0.42307692307692313 0.026442307692307696 0.02403846153846154
0 0.7091346153846154 0.5348557692307693 0.08653846153846154 0.08413461538461539
2 0.3822115384615385 0.3894230769230769 0.04326923076923077 0.05288461538461539
0 0.3245192307692308 0.3076923076923077 0.057692307692307696 0.0625
0 0.8461538461538463 0.9230769230769231 0.04807692307692308 0.04326923076923077
0 0.02764423076923077 0.6598557692307693 0.05528846153846154 0.06009615384615385
0 0.028846153846153848 0.7668269230769231 0.05288461538461539 0.06730769230769232
0 0.3653846153846154 0.9483173076923077 0.09615384615384616 0.07932692307692309
0 0.46995192307692313 0.9495192307692308 0.06009615384615385 0.06730769230769232
0 0.6586538461538461 0.06370192307692309 0.038461538461538464 0.03125
