0 0.5949519230769231 0.06850961538461539 0.15625 0.13701923076923078
0 0.48918269230769235 0.109375 0.10336538461538462 0.10817307692307693
0 0.6358173076923077 0.1514423076923077 0.1514423076923077 0.12980769230769232
0 0.6670673076923077 0.24759615384615385 0.11778846153846155 0.12980769230769232
0 0.7439903846153847 0.2512019230769231 0.10817307692307693 0.11298076923076923
0 0.7740384615384616 0.32091346153846156 0.11538461538461539 0.10336538461538462
0 0.5336538461538461 0.19951923076923078 0.09615384615384616 0.1201923076923077
0 0.5721153846153847 0.29086538461538464 0.09134615384615385 0.11057692307692309
0 0.6899038461538461 0.3425480769230769 0.11057692307692309 0.11298076923076923
0 0.717548076923077 0.4182692307692308 0.09855769230769232 0.10096153846153846
0 0.7584134615384616 0.4963942307692308 0.09375 0.09855769230769232
0 0.44591346153846156 0.2043269230769231 0.10817307692307693 0.12980769230769232
0 0.3870192307692308 0.23197115384615385 0.07692307692307693 0.12259615384615385
0 0.4206730769230769 0.3449519230769231 0.09615384615384616 0.13221153846153846
0 0.5 0.3137019230769231 0.10096153846153846 0.13221153846153846
0 0.6165865384615385 0.375 0.09855769230769232 0.10576923076923078
0 0.5384615384615385 0.4074519230769231 0.09615384615384616 0.10336538461538462
0 0.6454326923076923 0.45432692307692313 0.08413461538461539 0.10576923076923078
0 0.5721153846153847 0.47836538461538464 0.08653846153846154 0.08653846153846154
0 0.4639423076923077 0.4399038461538462 0.09134615384615385 0.10576923076923078
0 0.34375 0.3509615384615385 0.09615384615384616 0.08653846153846154
0 0.359375 0.4026442307692308 0.0889423076923077 0.08413461538461539
0 0.26802884615384615 0.37980769230769235 0.0889423076923077 0.08173076923076923
0 0.2920673076923077 0.4399038461538462 0.0889423076923077 0.08173076923076923
0 0.3894230769230769 0.4747596153846154 0.10096153846153846 0.10817307692307693
0 0.3161057692307693 0.5024038461538461 0.09375 0.10576923076923078
0 0.4951923076923077 0.5228365384615384 0.08653846153846154 0.08413461538461539
0 0.23918269230769232 0.5336538461538461 0.10336538461538462 0.10576923076923078
0 0.6742788461538461 0.5288461538461539 0.08413461538461539 0.09615384615384616
0 0.7896634615384616 0.5721153846153847 0.10336538461538462 0.11538461538461539
0 0.7127403846153847 0.608173076923077 0.09855769230769232 0.10096153846153846
0 0.6057692307692308 0.5600961538461539 0.08653846153846154 0.09615384615384616
0 0.6382211538461539 0.6358173076923077 0.10336538461538462 0.10817307692307693
0 0.6694711538461539 0.71875 0.09375 0.09134615384615385
0 0.6033653846153847 0.748798076923077 0.09615384615384616 0.09375
0 0.5324519230769231 0.592548076923077 0.09855769230769232 0.0889423076923077
0 0.5637019230769231 0.6646634615384616 0.09375 0.10336538461538462
0 0.42307692307692313 0.5480769230769231 0.09134615384615385 0.09134615384615385
0 0.4591346153846154 0.6225961538461539 0.08653846153846154 0.09134615384615385
0 0.49399038461538464 0.7007211538461539 0.09855769230769232 0.10817307692307693
0 0.3497596153846154 0.5793269230769231 0.0889423076923077 0.10096153846153846
0 0.37980769230769235 0.6574519230769231 0.08173076923076923 0.09855769230769232
0 0.4182692307692308 0.7367788461538461 0.10096153846153846 0.10336538461538462
0 0.2800480769230769 0.6141826923076923 0.08413461538461539 0.09855769230769232
0 0.1622596153846154 0.5685096153846154 0.09855769230769232 0.11298076923076923
0 0.19711538461538464 0.6454326923076923 0.09134615384615385 0.09855769230769232
0 0.3112980769230769 0.6899038461538461 0.08413461538461539 0.09615384615384616
0 0.3401442307692308 0.7692307692307693 0.10336538461538462 0.11057692307692309
0 0.26802884615384615 0.7992788461538461 0.10336538461538462 0.11778846153846155
0 0.2355769230769231 0.7259615384615385 0.10576923076923078 0.10576923076923078
0 0.35697115384615385 0.9230769230769231 0.09855769230769232 0.13461538461538464
0 0.31009615384615385 0.9375 0.09615384615384616 0.125
