0 0.3545673076923077 0.1622596153846154 0.6225961538461539 0.3245192307692308
0 0.7055288461538461 0.1310096153846154 0.23317307692307693 0.21875
0 0.764423076923077 0.18629807692307693 0.21634615384615385 0.19951923076923078
0 0.6033653846153847 0.36778846153846156 0.22115384615384617 0.22115384615384617
0 0.46274038461538464 0.5060096153846154 0.19951923076923078 0.19471153846153846
0 0.44591346153846156 0.3966346153846154 0.28125 0.2692307692307693
0 0.4375 0.11418269230769232 0.04807692307692308 0.021634615384615384
0 0.4338942307692308 0.14543269230769232 0.09855769230769232 0.026442307692307696
0 0.4134615384615385 0.171875 0.1201923076923077 0.021634615384615384
0 0.37980769230769235 0.20192307692307693 0.1201923076923077 0.02403846153846154
0 0.3197115384615385 0.2620192307692308 0.125 0.02403846153846154
0 0.35216346153846156 0.23076923076923078 0.12259615384615385 0.02403846153846154
0 0.2932692307692308 0.29086538461538464 0.11538461538461539 0.02403846153846154
0 0.2620192307692308 0.3161057692307693 0.1201923076923077 0.021634615384615384
0 0.25961538461538464 0.3449519230769231 0.057692307692307696 0.021634615384615384
0 0.49399038461538464 0.1875 0.05528846153846154 0.02403846153846154
0 0.4987980769230769 0.2091346153846154 0.10336538461538462 0.03365384615384616
0 0.48557692307692313 0.23076923076923078 0.10096153846153846 0.028846153846153848
0 0.46274038461538464 0.24639423076923078 0.10817307692307693 0.03125
0 0.4399038461538462 0.2644230769230769 0.11057692307692309 0.028846153846153848
0 0.4278846153846154 0.27884615384615385 0.10576923076923078 0.03365384615384616
0 0.4098557692307693 0.29927884615384615 0.10817307692307693 0.03125
0 0.3918269230769231 0.31490384615384615 0.09615384615384616 0.028846153846153848
0 0.3762019230769231 0.3353365384615385 0.10817307692307693 0.026442307692307696
0 0.35216346153846156 0.35216346153846156 0.11298076923076923 0.03125
0 0.3293269230769231 0.36899038461538464 0.11057692307692309 0.026442307692307696
0 0.3185096153846154 0.4098557692307693 0.06490384615384616 0.021634615384615384
0 0.3185096153846154 0.4326923076923077 0.03605769230769231 0.019230769230769232
0 0.3185096153846154 0.3894230769230769 0.10336538461538462 0.028846153846153848
