0 0.5817307692307693 0.31490384615384615 0.8365384615384616 0.6298076923076923
0 0.5877403846153847 0.35216346153846156 0.8245192307692308 0.7043269230769231
0 0.5961538461538461 0.4242788461538462 0.8076923076923077 0.6995192307692308
0 0.6033653846153847 0.4879807692307693 0.7932692307692308 0.7211538461538461
0 0.6045673076923077 0.561298076923077 0.7908653846153847 0.7283653846153847
0 0.609375 0.6322115384615385 0.78125 0.7355769230769231
0 0.6201923076923077 0.6730769230769231 0.7596153846153847 0.6538461538461539
0 0.623798076923077 0.703125 0.7524038461538461 0.59375
0 0.6322115384615385 0.7439903846153847 0.7355769230769231 0.5120192307692308
0 0.639423076923077 0.7824519230769231 0.7211538461538461 0.43509615384615385
0 0.6454326923076923 0.8329326923076924 0.7091346153846154 0.3341346153846154
