0 0.5853365384615385 0.4122596153846154 0.06971153846153846 0.06971153846153846
0 0.3737980769230769 0.25 0.03125 0.04807692307692308
0 0.41466346153846156 0.1887019230769231 0.040865384615384616 0.05528846153846154
0 0.1201923076923077 0.3269230769230769 0.09615384615384616 0.10576923076923078
0 0.3942307692307693 0.7055288461538461 0.04326923076923077 0.03605769230769231
0 0.04567307692307693 0.7439903846153847 0.04326923076923077 0.04567307692307693
0 0.4915865384615385 0.9651442307692308 0.03605769230769231 0.03605769230769231
0 0.5396634615384616 0.9939903846153847 0.040865384615384616 0.01201923076923077
0 0.8990384615384616 0.8605769230769231 0.038461538461538464 0.057692307692307696
0 0.9194711538461539 0.9447115384615385 0.07932692307692309 0.11057692307692309
0 0.9771634615384616 0.7055288461538461 0.04567307692307693 0.06490384615384616
