0 0.9158653846153847 0.33653846153846156 0.09615384615384616 0.10576923076923078
0 0.1045673076923077 0.4134615384615385 0.05048076923076923 0.04807692307692308
0 0.020432692307692308 0.43149038461538464 0.040865384615384616 0.04567307692307693
0 0.04567307692307693 0.4651442307692308 0.04807692307692308 0.04567307692307693
0 0.3269230769230769 0.545673076923077 0.028846153846153848 0.02403846153846154
0 0.5216346153846154 0.78125 0.10576923076923078 0.11057692307692309
0 0.5913461538461539 0.9951923076923077 0.038461538461538464 0.009615384615384616
0 0.6358173076923077 0.6598557692307693 0.06971153846153846 0.07932692307692309
0 0.7151442307692308 0.6658653846153847 0.07451923076923077 0.0625
0 0.8413461538461539 0.7536057692307693 0.04326923076923077 0.04567307692307693
