0 0.33293269230769235 0.03966346153846154 0.03605769230769231 0.04567307692307693
0 0.953125 0.7524038461538461 0.09375 0.09134615384615385
0 0.859375 0.7079326923076924 0.13221153846153846 0.0889423076923077
0 0.7055288461538461 0.6778846153846154 0.1514423076923077 0.08653846153846154
0 0.8233173076923077 0.6430288461538461 0.06490384615384616 0.06009615384615385
0 0.7764423076923077 0.6298076923076923 0.07692307692307693 0.06730769230769232
0 0.703125 0.6069711538461539 0.10336538461538462 0.08413461538461539
0 0.6141826923076923 0.5793269230769231 0.09855769230769232 0.07692307692307693
0 0.6045673076923077 0.6322115384615385 0.10817307692307693 0.06730769230769232
0 0.6502403846153847 0.8197115384615385 0.2620192307692308 0.1201923076923077
0 0.28966346153846156 0.5709134615384616 0.17548076923076925 0.11778846153846155
0 0.1887019230769231 0.5528846153846154 0.03605769230769231 0.04807692307692308
0 0.43028846153846156 0.6105769230769231 0.12980769230769232 0.10096153846153846
