0 0.4026442307692308 0.4242788461538462 0.07451923076923077 0.021634615384615384
0 0.39543269230769235 0.46153846153846156 0.14182692307692307 0.02403846153846154
0 0.39903846153846156 0.4963942307692308 0.20192307692307693 0.026442307692307696
0 0.40024038461538464 0.5288461538461539 0.2716346153846154 0.02403846153846154
0 0.375 0.5600961538461539 0.3125 0.028846153846153848
0 0.34134615384615385 0.59375 0.2932692307692308 0.02403846153846154
0 0.3028846153846154 0.625 0.2932692307692308 0.02403846153846154
0 0.28605769230769235 0.6598557692307693 0.2692307692307693 0.021634615384615384
0 0.2824519230769231 0.6923076923076923 0.2043269230769231 0.02403846153846154
0 0.2824519230769231 0.7247596153846154 0.13221153846153846 0.021634615384615384
0 0.28125 0.7584134615384616 0.07211538461538462 0.021634615384615384
0 0.5649038461538461 0.5841346153846154 0.057692307692307696 0.019230769230769232
0 0.5552884615384616 0.608173076923077 0.10576923076923078 0.019230769230769232
0 0.5564903846153847 0.6370192307692308 0.16105769230769232 0.02403846153846154
0 0.5649038461538461 0.6622596153846154 0.21153846153846156 0.021634615384615384
0 0.5504807692307693 0.686298076923077 0.2403846153846154 0.026442307692307696
0 0.5516826923076923 0.7091346153846154 0.30528846153846156 0.028846153846153848
0 0.5408653846153847 0.7367788461538461 0.32211538461538464 0.026442307692307696
0 0.5108173076923077 0.7596153846153847 0.31009615384615385 0.02403846153846154
0 0.4951923076923077 0.7884615384615385 0.2980769230769231 0.028846153846153848
0 0.4807692307692308 0.8137019230769231 0.28365384615384615 0.026442307692307696
0 0.46634615384615385 0.8353365384615385 0.2451923076923077 0.026442307692307696
0 0.47355769230769235 0.8641826923076924 0.19230769230769232 0.021634615384615384
0 0.46995192307692313 0.8870192307692308 0.16105769230769232 0.019230769230769232
0 0.4675480769230769 0.9146634615384616 0.08413461538461539 0.021634615384615384
0 0.11899038461538462 0.6935096153846154 0.07932692307692309 0.021634615384615384
0 0.11778846153846155 0.7319711538461539 0.14903846153846154 0.021634615384615384
0 0.12139423076923078 0.764423076923077 0.2091346153846154 0.02403846153846154
0 0.12980769230769232 0.796875 0.25961538461538464 0.026442307692307696
0 0.11658653846153846 0.8317307692307693 0.23317307692307693 0.02403846153846154
0 0.10096153846153846 0.8617788461538463 0.20192307692307693 0.021634615384615384
0 0.2776442307692308 0.8653846153846154 0.10336538461538462 0.02403846153846154
0 0.2728365384615385 0.8978365384615385 0.13701923076923078 0.021634615384615384
0 0.2764423076923077 0.9194711538461539 0.19230769230769232 0.021634615384615384
0 0.2764423076923077 0.9435096153846154 0.22596153846153846 0.026442307692307696
0 0.2716346153846154 0.9711538461538463 0.2884615384615385 0.028846153846153848
0 0.25961538461538464 0.9903846153846154 0.32211538461538464 0.019230769230769232
0 0.08413461538461539 0.8918269230769231 0.16826923076923078 0.019230769230769232
0 0.07091346153846154 0.9290865384615385 0.14182692307692307 0.026442307692307696
0 0.05048076923076923 0.9615384615384616 0.10096153846153846 0.028846153846153848
0 0.037259615384615384 0.9915865384615385 0.07451923076923077 0.01682692307692308
