0 0.1514423076923077 0.3774038461538462 0.05288461538461539 0.038461538461538464
0 0.1622596153846154 0.41105769230769235 0.04567307692307693 0.03365384615384616
0 0.17668269230769232 0.43509615384615385 0.04567307692307693 0.028846153846153848
0 0.18990384615384617 0.4639423076923077 0.04326923076923077 0.03365384615384616
0 0.20072115384615385 0.48918269230769235 0.04567307692307693 0.026442307692307696
0 0.21514423076923078 0.5168269230769231 0.04567307692307693 0.028846153846153848
0 0.22836538461538464 0.545673076923077 0.04326923076923077 0.03365384615384616
0 0.2644230769230769 0.7608173076923077 0.09134615384615385 0.13701923076923078
0 0.3605769230769231 0.7475961538461539 0.09615384615384616 0.09134615384615385
0 0.41947115384615385 0.9771634615384616 0.05048076923076923 0.04567307692307693
0 0.8569711538461539 0.13822115384615385 0.12740384615384617 0.15625
0 0.6153846153846154 0.5396634615384616 0.08173076923076923 0.10817307692307693
0 0.6634615384615385 0.6526442307692308 0.08173076923076923 0.11298076923076923
0 0.5348557692307693 0.6382211538461539 0.1466346153846154 0.23798076923076925
0 0.5889423076923077 0.7884615384615385 0.06730769230769232 0.08653846153846154
0 0.6201923076923077 0.8557692307692308 0.06730769230769232 0.08653846153846154
0 0.6286057692307693 0.7704326923076924 0.06490384615384616 0.0889423076923077
0 0.6526442307692308 0.8377403846153847 0.06971153846153846 0.0889423076923077
