0 0.6959134615384616 0.12740384615384617 0.09375 0.10576923076923078
0 0.8004807692307693 0.2692307692307693 0.05288461538461539 0.05288461538461539
0 0.8209134615384616 0.3233173076923077 0.05528846153846154 0.06009615384615385
0 0.9134615384615385 0.38461538461538464 0.028846153846153848 0.03365384615384616
0 0.7872596153846154 0.6887019230769231 0.0889423076923077 0.08413461538461539
0 0.6838942307692308 0.6490384615384616 0.11778846153846155 0.11057692307692309
0 0.6262019230769231 0.8365384615384616 0.040865384615384616 0.03365384615384616
0 0.5360576923076923 0.7920673076923077 0.038461538461538464 0.03125
0 0.5625 0.8449519230769231 0.038461538461538464 0.03125
0 0.5108173076923077 0.8689903846153847 0.03605769230769231 0.03605769230769231
0 0.5 0.8557692307692308 0.038461538461538464 0.028846153846153848
0 0.4903846153846154 0.8353365384615385 0.03365384615384616 0.03125
0 0.4795673076923077 0.8209134615384616 0.03605769230769231 0.03125
0 0.5288461538461539 0.8617788461538463 0.057692307692307696 0.09375
0 0.46875 0.7992788461538461 0.038461538461538464 0.03605769230769231
0 0.29447115384615385 0.5048076923076923 0.06971153846153846 0.04807692307692308
0 0.3197115384615385 0.5661057692307693 0.06730769230769232 0.05528846153846154
