0 0.9651442307692308 0.44591346153846156 0.03125 0.05048076923076923
0 0.9326923076923077 0.4447115384615385 0.019230769230769232 0.03365384615384616
0 0.8930288461538463 0.4278846153846154 0.03605769230769231 0.04807692307692308
0 0.32572115384615385 0.34134615384615385 0.026442307692307696 0.028846153846153848
0 0.296875 0.3389423076923077 0.026442307692307696 0.028846153846153848
0 0.2692307692307693 0.44591346153846156 0.08173076923076923 0.11778846153846155
0 0.2091346153846154 0.4290865384615385 0.08653846153846154 0.10817307692307693
0 0.12379807692307693 0.47355769230769235 0.026442307692307696 0.028846153846153848
0 0.07211538461538462 0.43509615384615385 0.08173076923076923 0.05288461538461539
0 0.15024038461538464 0.9038461538461539 0.06490384615384616 0.057692307692307696
