0 0.530048076923077 0.058894230769230775 0.15625 0.11778846153846155
0 0.4242788461538462 0.09014423076923077 0.10336538461538462 0.10817307692307693
0 0.5709134615384616 0.13221153846153846 0.1514423076923077 0.12980769230769232
0 0.6021634615384616 0.22836538461538464 0.11778846153846155 0.12980769230769232
0 0.6790865384615385 0.23197115384615385 0.10817307692307693 0.11298076923076923
0 0.7091346153846154 0.30168269230769235 0.11538461538461539 0.10336538461538462
0 0.46875 0.18028846153846154 0.09615384615384616 0.1201923076923077
0 0.5072115384615384 0.2716346153846154 0.09134615384615385 0.11057692307692309
0 0.625 0.3233173076923077 0.11057692307692309 0.11298076923076923
0 0.6526442307692308 0.39903846153846156 0.09855769230769232 0.10096153846153846
0 0.6935096153846154 0.47716346153846156 0.09375 0.09855769230769232
0 0.3810096153846154 0.18509615384615385 0.10817307692307693 0.12980769230769232
0 0.32211538461538464 0.21274038461538464 0.07692307692307693 0.12259615384615385
0 0.3557692307692308 0.32572115384615385 0.09615384615384616 0.13221153846153846
0 0.43509615384615385 0.29447115384615385 0.10096153846153846 0.13221153846153846
0 0.5516826923076923 0.3557692307692308 0.09855769230769232 0.10576923076923078
0 0.47355769230769235 0.38822115384615385 0.09615384615384616 0.10336538461538462
0 0.5805288461538461 0.43509615384615385 0.08413461538461539 0.10576923076923078
0 0.5072115384615384 0.4591346153846154 0.08653846153846154 0.08653846153846154
0 0.39903846153846156 0.4206730769230769 0.09134615384615385 0.10576923076923078
0 0.27884615384615385 0.3317307692307693 0.09615384615384616 0.08653846153846154
0 0.29447115384615385 0.38341346153846156 0.0889423076923077 0.08413461538461539
0 0.203125 0.3605769230769231 0.0889423076923077 0.08173076923076923
0 0.22716346153846156 0.4206730769230769 0.0889423076923077 0.08173076923076923
0 0.3245192307692308 0.4555288461538462 0.10096153846153846 0.10817307692307693
0 0.2512019230769231 0.4831730769230769 0.09375 0.10576923076923078
0 0.43028846153846156 0.5036057692307693 0.08653846153846154 0.08413461538461539
0 0.17427884615384617 0.514423076923077 0.10336538461538462 0.10576923076923078
0 0.609375 0.5096153846153847 0.08413461538461539 0.09615384615384616
0 0.7247596153846154 0.5528846153846154 0.10336538461538462 0.11538461538461539
0 0.6478365384615385 0.5889423076923077 0.09855769230769232 0.10096153846153846
0 0.5408653846153847 0.5408653846153847 0.08653846153846154 0.09615384615384616
0 0.5733173076923077 0.6165865384615385 0.10336538461538462 0.10817307692307693
0 0.6045673076923077 0.6995192307692308 0.09375 0.09134615384615385
0 0.5384615384615385 0.7295673076923077 0.09615384615384616 0.09375
0 0.4675480769230769 0.5733173076923077 0.09855769230769232 0.0889423076923077
0 0.4987980769230769 0.6454326923076923 0.09375 0.10336538461538462
0 0.3581730769230769 0.5288461538461539 0.09134615384615385 0.09134615384615385
0 0.3942307692307693 0.6033653846153847 0.08653846153846154 0.09134615384615385
0 0.4290865384615385 0.6814903846153847 0.09855769230769232 0.10817307692307693
0 0.2848557692307693 0.5600961538461539 0.0889423076923077 0.10096153846153846
0 0.31490384615384615 0.6382211538461539 0.08173076923076923 0.09855769230769232
0 0.35336538461538464 0.717548076923077 0.10096153846153846 0.10336538461538462
0 0.21514423076923078 0.5949519230769231 0.08413461538461539 0.09855769230769232
0 0.09735576923076923 0.5492788461538461 0.09855769230769232 0.11298076923076923
0 0.13221153846153846 0.6262019230769231 0.09134615384615385 0.09855769230769232
0 0.24639423076923078 0.670673076923077 0.08413461538461539 0.09615384615384616
0 0.27524038461538464 0.75 0.10336538461538462 0.11057692307692309
0 0.203125 0.780048076923077 0.10336538461538462 0.11778846153846155
0 0.17067307692307693 0.7067307692307693 0.10576923076923078 0.10576923076923078
0 0.2920673076923077 0.9038461538461539 0.09855769230769232 0.13461538461538464
0 0.2451923076923077 0.9242788461538463 0.09615384615384616 0.13701923076923078
