0 0.16947115384615385 0.04447115384615385 0.07451923076923077 0.03125
0 0.16346153846153846 0.07211538461538462 0.10576923076923078 0.04326923076923077
0 0.15745192307692307 0.09495192307692309 0.1514423076923077 0.05528846153846154
0 0.14423076923076925 0.12259615384615385 0.21153846153846156 0.0625
0 0.13701923076923078 0.14783653846153846 0.2644230769230769 0.07451923076923077
0 0.7271634615384616 0.07091346153846154 0.2043269230769231 0.14182692307692307
0 0.14182692307692307 0.17668269230769232 0.28365384615384615 0.09375
0 0.15024038461538464 0.19711538461538464 0.3004807692307693 0.09134615384615385
0 0.18028846153846154 0.21153846153846156 0.2692307692307693 0.07692307692307693
0 0.1875 0.23076923076923078 0.2884615384615385 0.08653846153846154
0 0.12259615384615385 0.2668269230769231 0.2451923076923077 0.07211538461538462
0 0.1935096153846154 0.2980769230769231 0.2956730769230769 0.08173076923076923
0 0.16947115384615385 0.32572115384615385 0.24759615384615385 0.07451923076923077
0 0.15985576923076925 0.3497596153846154 0.18028846153846154 0.05528846153846154
0 0.14543269230769232 0.375 0.12740384615384617 0.04326923076923077
0 0.32091346153846156 0.40625 0.3245192307692308 0.08653846153846154
0 0.328125 0.43028846153846156 0.35336538461538464 0.09615384615384616
0 0.3425480769230769 0.4495192307692308 0.34855769230769235 0.09134615384615385
0 0.3605769230769231 0.46995192307692313 0.3509615384615385 0.0889423076923077
0 0.37980769230769235 0.4879807692307693 0.3557692307692308 0.09134615384615385
0 0.3894230769230769 0.5060096153846154 0.34615384615384615 0.09375
0 0.3918269230769231 0.53125 0.2932692307692308 0.08173076923076923
0 0.36899038461538464 0.5817307692307693 0.18509615384615385 0.0625
0 0.3822115384615385 0.5540865384615385 0.2451923076923077 0.07451923076923077
0 0.3605769230769231 0.6057692307692308 0.14423076923076925 0.04807692307692308
