0 0.6009615384615385 0.015625 0.2692307692307693 0.021634615384615384
0 0.5973557692307693 0.04807692307692308 0.2043269230769231 0.02403846153846154
0 0.5973557692307693 0.08052884615384616 0.13221153846153846 0.021634615384615384
0 0.5961538461538461 0.11418269230769232 0.07211538461538462 0.021634615384615384
0 0.8713942307692308 0.002403846153846154 0.16105769230769232 0.004807692307692308
0 0.8798076923076924 0.018028846153846156 0.21153846153846156 0.021634615384615384
0 0.8653846153846154 0.042067307692307696 0.2403846153846154 0.026442307692307696
0 0.8569711538461539 0.06490384615384616 0.28605769230769235 0.028846153846153848
0 0.8473557692307693 0.09254807692307693 0.30528846153846156 0.026442307692307696
0 0.8257211538461539 0.11538461538461539 0.31009615384615385 0.02403846153846154
0 0.8100961538461539 0.14423076923076925 0.2980769230769231 0.028846153846153848
0 0.795673076923077 0.16947115384615385 0.28365384615384615 0.026442307692307696
0 0.78125 0.19110576923076925 0.2451923076923077 0.026442307692307696
0 0.7884615384615385 0.2199519230769231 0.19230769230769232 0.021634615384615384
0 0.7848557692307693 0.24278846153846156 0.16105769230769232 0.019230769230769232
0 0.7824519230769231 0.27043269230769235 0.08413461538461539 0.021634615384615384
0 0.4338942307692308 0.04927884615384616 0.07932692307692309 0.021634615384615384
0 0.4326923076923077 0.08774038461538462 0.14903846153846154 0.021634615384615384
0 0.4362980769230769 0.1201923076923077 0.2091346153846154 0.02403846153846154
0 0.43149038461538464 0.15264423076923078 0.28605769230769235 0.026442307692307696
0 0.4026442307692308 0.1875 0.29086538461538464 0.02403846153846154
0 0.3665865384615385 0.21754807692307693 0.3004807692307693 0.021634615384615384
0 0.592548076923077 0.22115384615384617 0.10336538461538462 0.02403846153846154
0 0.5877403846153847 0.2536057692307692 0.13701923076923078 0.021634615384615384
0 0.5913461538461539 0.27524038461538464 0.19230769230769232 0.021634615384615384
0 0.5913461538461539 0.29927884615384615 0.22596153846153846 0.026442307692307696
0 0.5865384615384616 0.3269230769230769 0.2884615384615385 0.028846153846153848
0 0.5745192307692308 0.35216346153846156 0.32211538461538464 0.03125
0 0.5528846153846154 0.375 0.32211538461538464 0.02403846153846154
0 0.33052884615384615 0.24759615384615385 0.30528846153846156 0.019230769230769232
0 0.30168269230769235 0.2848557692307693 0.31009615384615385 0.026442307692307696
0 0.26802884615384615 0.31730769230769235 0.2956730769230769 0.028846153846153848
0 0.23798076923076925 0.3509615384615385 0.3028846153846154 0.02403846153846154
0 0.203125 0.37980769230769235 0.30528846153846156 0.02403846153846154
0 0.16826923076923078 0.4134615384615385 0.3028846153846154 0.02403846153846154
0 0.14302884615384617 0.44591346153846156 0.28605769230769235 0.026442307692307696
0 0.12620192307692307 0.4807692307692308 0.25240384615384615 0.02403846153846154
0 0.546875 0.40384615384615385 0.3004807692307693 0.02403846153846154
0 0.4987980769230769 0.42668269230769235 0.3293269230769231 0.026442307692307696
0 0.4747596153846154 0.4519230769230769 0.3197115384615385 0.02403846153846154
0 0.4447115384615385 0.4747596153846154 0.33653846153846156 0.026442307692307696
0 0.4182692307692308 0.5012019230769231 0.34134615384615385 0.026442307692307696
0 0.859375 0.5360576923076923 0.2043269230769231 0.21634615384615385
0 0.8401442307692308 0.5516826923076923 0.2043269230769231 0.2139423076923077
0 0.8245192307692308 0.5685096153846154 0.20192307692307693 0.2139423076923077
0 0.8052884615384616 0.5829326923076923 0.21153846153846156 0.2091346153846154
0 0.7920673076923077 0.6021634615384616 0.2139423076923077 0.2139423076923077
0 0.6418269230769231 0.9122596153846154 0.6442307692307693 0.17548076923076925
0 0.3930288461538462 0.5264423076923077 0.31490384615384615 0.028846153846153848
0 0.3629807692307693 0.5504807692307693 0.33653846153846156 0.028846153846153848
0 0.3425480769230769 0.5757211538461539 0.3341346153846154 0.026442307692307696
0 0.31490384615384615 0.5997596153846154 0.31730769230769235 0.026442307692307696
0 0.28966346153846156 0.6262019230769231 0.3293269230769231 0.026442307692307696
0 0.265625 0.6490384615384616 0.3197115384615385 0.03365384615384616
0 0.23317307692307693 0.6766826923076923 0.3125 0.03125
0 0.2091346153846154 0.7007211538461539 0.3269230769230769 0.03125
0 0.18629807692307693 0.7283653846153847 0.3293269230769231 0.028846153846153848
0 0.15745192307692307 0.75 0.31490384615384615 0.02403846153846154
0 0.14783653846153846 0.7764423076923077 0.2956730769230769 0.028846153846153848
0 0.1358173076923077 0.8016826923076924 0.2716346153846154 0.026442307692307696
0 0.11778846153846155 0.8257211538461539 0.2355769230769231 0.026442307692307696
0 0.109375 0.8521634615384616 0.21875 0.026442307692307696
0 0.09735576923076923 0.873798076923077 0.19471153846153846 0.026442307692307696
0 0.08052884615384616 0.8990384615384616 0.16105769230769232 0.028846153846153848
0 0.06971153846153846 0.9242788461538463 0.13942307692307693 0.021634615384615384
0 0.058894230769230775 0.953125 0.11778846153846155 0.026442307692307696
0 0.040865384615384616 0.9747596153846154 0.08173076923076923 0.01682692307692308
0 0.028846153846153848 0.9963942307692308 0.057692307692307696 0.007211538461538462
0 0.10697115384615385 0.5108173076923077 0.2139423076923077 0.026442307692307696
0 0.0889423076923077 0.5444711538461539 0.1778846153846154 0.026442307692307696
0 0.07692307692307693 0.576923076923077 0.15384615384615385 0.02403846153846154
0 0.056490384615384616 0.6105769230769231 0.11298076923076923 0.02403846153846154
0 0.042067307692307696 0.6430288461538461 0.08413461538461539 0.026442307692307696
0 0.022836538461538464 0.6766826923076923 0.04567307692307693 0.026442307692307696
