0 0.967548076923077 0.20552884615384617 0.06490384615384616 0.16586538461538464
0 0.7584134615384616 0.3161057692307693 0.24278846153846156 0.23317307692307693
0 0.6370192307692308 0.3028846153846154 0.11538461538461539 0.11057692307692309
0 0.701923076923077 0.24759615384615385 0.1201923076923077 0.11057692307692309
0 0.7680288461538461 0.19230769230769232 0.11778846153846155 0.11057692307692309
0 0.8786057692307693 0.4879807692307693 0.11778846153846155 0.1201923076923077
0 0.6947115384615385 0.4915865384615385 0.07692307692307693 0.07932692307692309
0 0.6466346153846154 0.5408653846153847 0.07692307692307693 0.08173076923076923
0 0.5889423076923077 0.5877403846153847 0.08653846153846154 0.07932692307692309
0 0.5336538461538461 0.6358173076923077 0.08653846153846154 0.07932692307692309
0 0.842548076923077 0.4483173076923077 0.12740384615384617 0.11778846153846155
