0 0.7584134615384616 0.004807692307692308 0.06009615384615385 0.009615384615384616
0 0.19591346153846154 0.02403846153846154 0.17067307692307693 0.04807692307692308
0 0.34375 0.15985576923076925 0.19230769230769232 0.19471153846153846
0 0.2536057692307692 0.24278846153846156 0.18990384615384617 0.19711538461538464
0 0.1514423076923077 0.3245192307692308 0.19711538461538464 0.19230769230769232
0 0.49399038461538464 0.32091346153846156 0.07451923076923077 0.03125
0 0.4879807692307693 0.34855769230769235 0.10576923076923078 0.04326923076923077
0 0.48197115384615385 0.3713942307692308 0.1514423076923077 0.05528846153846154
0 0.46875 0.39903846153846156 0.21153846153846156 0.0625
0 0.46153846153846156 0.4242788461538462 0.2644230769230769 0.07451923076923077
0 0.9747596153846154 0.31009615384615385 0.05048076923076923 0.21634615384615385
0 0.07692307692307693 0.4050480769230769 0.15384615384615385 0.19951923076923078
0 0.028846153846153848 0.48918269230769235 0.057692307692307696 0.19471153846153846
0 0.44591346153846156 0.453125 0.3245192307692308 0.09375
0 0.4495192307692308 0.47355769230769235 0.3509615384615385 0.09134615384615385
0 0.5048076923076923 0.4879807692307693 0.2692307692307693 0.07692307692307693
0 0.5120192307692308 0.5072115384615384 0.2884615384615385 0.08653846153846154
0 0.4447115384615385 0.5432692307692308 0.25 0.07211538461538462
0 0.5180288461538461 0.5745192307692308 0.2956730769230769 0.08173076923076923
0 0.49399038461538464 0.6021634615384616 0.24759615384615385 0.07451923076923077
0 0.484375 0.6262019230769231 0.18028846153846154 0.05528846153846154
0 0.46995192307692313 0.6514423076923077 0.12740384615384617 0.04326923076923077
0 0.6454326923076923 0.6826923076923077 0.3245192307692308 0.08653846153846154
0 0.6526442307692308 0.7067307692307693 0.35336538461538464 0.09615384615384616
0 0.6670673076923077 0.7259615384615385 0.34855769230769235 0.09134615384615385
0 0.6850961538461539 0.7463942307692308 0.3509615384615385 0.0889423076923077
0 0.7043269230769231 0.764423076923077 0.3557692307692308 0.09134615384615385
0 0.7139423076923077 0.7824519230769231 0.34615384615384615 0.09375
0 0.7163461538461539 0.8076923076923077 0.2932692307692308 0.08173076923076923
0 0.6935096153846154 0.858173076923077 0.18509615384615385 0.0625
0 0.7067307692307693 0.8305288461538461 0.2451923076923077 0.07451923076923077
0 0.6850961538461539 0.8822115384615385 0.14423076923076925 0.04807692307692308
