1 0.8846153846153847 0.25961538461538464 0.038461538461538464 0.04807692307692308
0 0.6911057692307693 0.04567307692307693 0.03125 0.03365384615384616
0 0.6971153846153847 0.3557692307692308 0.09615384615384616 0.125
0 0.38822115384615385 0.40024038461538464 0.06490384615384616 0.05048076923076923
0 0.3425480769230769 0.3317307692307693 0.06971153846153846 0.0625
0 0.578125 0.47716346153846156 0.03125 0.021634615384615384
0 0.4519230769230769 0.6021634615384616 0.0625 0.05528846153846154
0 0.11538461538461539 0.8918269230769231 0.04326923076923077 0.04807692307692308
0 0.09495192307692309 0.9591346153846154 0.03605769230769231 0.057692307692307696
0 0.0625 0.9603365384615385 0.04807692307692308 0.03125
0 0.06730769230769232 0.9290865384615385 0.03365384615384616 0.026442307692307696
0 0.40024038461538464 0.6454326923076923 0.08413461538461539 0.08413461538461539
0 0.5949519230769231 0.8858173076923077 0.03125 0.03605769230769231
0 0.3786057692307693 0.9471153846153847 0.021634615384615384 0.028846153846153848
