0 0.3894230769230769 0.41466346153846156 0.13942307692307693 0.021634615384615384
0 0.3918269230769231 0.43149038461538464 0.13461538461538464 0.01682692307692308
0 0.3894230769230769 0.4435096153846154 0.13942307692307693 0.01682692307692308
0 0.3894230769230769 0.46153846153846156 0.13461538461538464 0.019230769230769232
0 0.38822115384615385 0.47716346153846156 0.13701923076923078 0.021634615384615384
0 0.3449519230769231 0.4963942307692308 0.040865384615384616 0.01682692307692308
0 0.41947115384615385 0.5120192307692308 0.07451923076923077 0.014423076923076924
0 0.4206730769230769 0.5252403846153847 0.07692307692307693 0.01682692307692308
0 0.4170673076923077 0.5432692307692308 0.06971153846153846 0.019230769230769232
0 0.4182692307692308 0.5600961538461539 0.07211538461538462 0.019230769230769232
0 0.41947115384615385 0.5733173076923077 0.07451923076923077 0.01682692307692308
0 0.4170673076923077 0.5889423076923077 0.06971153846153846 0.019230769230769232
0 0.41586538461538464 0.6045673076923077 0.06730769230769232 0.01682692307692308
0 0.41466346153846156 0.6201923076923077 0.07451923076923077 0.014423076923076924
0 0.4170673076923077 0.6382211538461539 0.06971153846153846 0.01682692307692308
0 0.4134615384615385 0.65625 0.06730769230769232 0.019230769230769232
0 0.4134615384615385 0.6694711538461539 0.06730769230769232 0.01682692307692308
0 0.6069711538461539 0.6730769230769231 0.07451923076923077 0.019230769230769232
0 0.6117788461538461 0.9314903846153847 0.05048076923076923 0.07451923076923077
