0 0.9771634615384616 0.31009615384615385 0.04567307692307693 0.04326923076923077
0 0.7896634615384616 0.07091346153846154 0.040865384615384616 0.04567307692307693
0 0.6478365384615385 0.25240384615384615 0.06009615384615385 0.028846153846153848
0 0.5901442307692308 0.20793269230769232 0.06490384615384616 0.03605769230769231
0 0.5877403846153847 0.328125 0.12259615384615385 0.10336538461538462
0 0.0733173076923077 0.2884615384615385 0.0889423076923077 0.09134615384615385
0 0.3040865384615385 0.578125 0.05048076923076923 0.040865384615384616
0 0.27403846153846156 0.6141826923076923 0.04807692307692308 0.04567307692307693
0 0.18389423076923078 0.7680288461538461 0.04567307692307693 0.05048076923076923
0 0.1466346153846154 0.7439903846153847 0.07692307692307693 0.06971153846153846
