0 0.6346153846153847 0.11538461538461539 0.06730769230769232 0.0625
0 0.7043269230769231 0.12620192307692307 0.05288461538461539 0.05528846153846154
0 0.733173076923077 0.4134615384615385 0.08173076923076923 0.08173076923076923
0 0.6826923076923077 0.4411057692307693 0.13942307692307693 0.11298076923076923
0 0.49399038461538464 0.29447115384615385 0.0889423076923077 0.06490384615384616
0 0.84375 0.6634615384615385 0.03365384615384616 0.028846153846153848
0 0.6009615384615385 0.984375 0.03365384615384616 0.021634615384615384
0 0.11778846153846155 0.48557692307692313 0.03365384615384616 0.02403846153846154
0 0.15504807692307693 0.5576923076923077 0.05528846153846154 0.05288461538461539
0 0.19711538461538464 0.5745192307692308 0.05288461538461539 0.04326923076923077
