0 0.2608173076923077 0.15985576923076925 0.1466346153846154 0.14182692307692307
0 0.1935096153846154 0.234375 0.14182692307692307 0.14182692307692307
0 0.8161057692307693 0.22836538461538464 0.17067307692307693 0.19230769230769232
0 0.765625 0.25240384615384615 0.1514423076923077 0.17307692307692307
0 0.125 0.3112980769230769 0.13461538461538464 0.14182692307692307
0 0.2800480769230769 0.4675480769230769 0.5600961538461539 0.6129807692307693
0 0.5997596153846154 0.5805288461538461 0.23317307692307693 0.21875
0 0.6586538461538461 0.6358173076923077 0.21634615384615385 0.19951923076923078
0 0.49759615384615385 0.8173076923076924 0.22115384615384617 0.22115384615384617
0 0.35697115384615385 0.9290865384615385 0.19951923076923078 0.14182692307692307
0 0.3401442307692308 0.8461538461538463 0.28125 0.2692307692307693
0 0.3317307692307693 0.5637019230769231 0.04807692307692308 0.021634615384615384
0 0.328125 0.5949519230769231 0.09855769230769232 0.026442307692307696
0 0.3076923076923077 0.6213942307692308 0.1201923076923077 0.021634615384615384
0 0.27403846153846156 0.6514423076923077 0.1201923076923077 0.02403846153846154
0 0.2139423076923077 0.7115384615384616 0.125 0.02403846153846154
0 0.24639423076923078 0.6802884615384616 0.12259615384615385 0.02403846153846154
0 0.1875 0.7403846153846154 0.11538461538461539 0.02403846153846154
0 0.15625 0.765625 0.1201923076923077 0.021634615384615384
0 0.15384615384615385 0.7944711538461539 0.057692307692307696 0.021634615384615384
0 0.38822115384615385 0.6370192307692308 0.05528846153846154 0.02403846153846154
0 0.3930288461538462 0.6586538461538461 0.10336538461538462 0.03365384615384616
0 0.37980769230769235 0.6802884615384616 0.10096153846153846 0.028846153846153848
0 0.35697115384615385 0.6959134615384616 0.10817307692307693 0.03125
0 0.3341346153846154 0.7139423076923077 0.11057692307692309 0.028846153846153848
0 0.32211538461538464 0.7283653846153847 0.10576923076923078 0.03365384615384616
0 0.3040865384615385 0.748798076923077 0.10817307692307693 0.03125
0 0.28605769230769235 0.764423076923077 0.09615384615384616 0.028846153846153848
0 0.27043269230769235 0.7848557692307693 0.10817307692307693 0.026442307692307696
0 0.24639423076923078 0.8016826923076924 0.11298076923076923 0.03125
0 0.22355769230769232 0.8185096153846154 0.11057692307692309 0.026442307692307696
0 0.21274038461538464 0.859375 0.06490384615384616 0.021634615384615384
0 0.21274038461538464 0.8822115384615385 0.03605769230769231 0.019230769230769232
0 0.21274038461538464 0.8389423076923077 0.10336538461538462 0.028846153846153848
