0 0.6694711538461539 0.037259615384615384 0.07451923076923077 0.021634615384615384
0 0.6622596153846154 0.07451923076923077 0.14182692307692307 0.02403846153846154
0 0.6658653846153847 0.109375 0.20192307692307693 0.026442307692307696
0 0.6670673076923077 0.14182692307692307 0.2716346153846154 0.02403846153846154
0 0.6418269230769231 0.17307692307692307 0.3125 0.028846153846153848
0 0.608173076923077 0.20673076923076925 0.2932692307692308 0.02403846153846154
0 0.5697115384615385 0.23798076923076925 0.2932692307692308 0.02403846153846154
0 0.5528846153846154 0.2728365384615385 0.2692307692307693 0.021634615384615384
0 0.5492788461538461 0.30528846153846156 0.2043269230769231 0.02403846153846154
0 0.5492788461538461 0.33774038461538464 0.13221153846153846 0.021634615384615384
0 0.5480769230769231 0.3713942307692308 0.07211538461538462 0.021634615384615384
0 0.8317307692307693 0.19711538461538464 0.057692307692307696 0.019230769230769232
0 0.8221153846153847 0.22115384615384617 0.10576923076923078 0.019230769230769232
0 0.8233173076923077 0.25 0.16105769230769232 0.02403846153846154
0 0.8317307692307693 0.27524038461538464 0.21153846153846156 0.021634615384615384
0 0.8173076923076924 0.29927884615384615 0.2403846153846154 0.026442307692307696
0 0.8185096153846154 0.32211538461538464 0.30528846153846156 0.028846153846153848
0 0.8076923076923077 0.3497596153846154 0.32211538461538464 0.026442307692307696
0 0.7776442307692308 0.37259615384615385 0.31009615384615385 0.02403846153846154
0 0.7620192307692308 0.4014423076923077 0.2980769230769231 0.028846153846153848
0 0.7475961538461539 0.42668269230769235 0.28365384615384615 0.026442307692307696
0 0.733173076923077 0.4483173076923077 0.2451923076923077 0.026442307692307696
0 0.7403846153846154 0.47716346153846156 0.19230769230769232 0.021634615384615384
0 0.7367788461538461 0.5 0.16105769230769232 0.019230769230769232
0 0.734375 0.5276442307692308 0.08413461538461539 0.021634615384615384
0 0.3858173076923077 0.30649038461538464 0.07932692307692309 0.021634615384615384
0 0.38461538461538464 0.3449519230769231 0.14903846153846154 0.021634615384615384
0 0.38822115384615385 0.3774038461538462 0.2091346153846154 0.02403846153846154
0 0.38341346153846156 0.4098557692307693 0.28605769230769235 0.026442307692307696
0 0.3545673076923077 0.4447115384615385 0.29086538461538464 0.02403846153846154
0 0.3185096153846154 0.4747596153846154 0.3004807692307693 0.021634615384615384
0 0.5444711538461539 0.47836538461538464 0.10336538461538462 0.02403846153846154
0 0.5396634615384616 0.5108173076923077 0.13701923076923078 0.021634615384615384
0 0.5432692307692308 0.5324519230769231 0.19230769230769232 0.021634615384615384
0 0.5432692307692308 0.5564903846153847 0.22596153846153846 0.026442307692307696
0 0.5384615384615385 0.5841346153846154 0.2884615384615385 0.028846153846153848
0 0.5264423076923077 0.609375 0.32211538461538464 0.03125
0 0.5048076923076923 0.6322115384615385 0.32211538461538464 0.02403846153846154
0 0.2824519230769231 0.5048076923076923 0.30528846153846156 0.019230769230769232
0 0.2536057692307692 0.5420673076923077 0.31009615384615385 0.026442307692307696
0 0.2199519230769231 0.5745192307692308 0.2956730769230769 0.028846153846153848
0 0.18990384615384617 0.608173076923077 0.3028846153846154 0.02403846153846154
0 0.15504807692307693 0.6370192307692308 0.30528846153846156 0.02403846153846154
0 0.1358173076923077 0.670673076923077 0.2716346153846154 0.02403846153846154
0 0.11899038461538462 0.703125 0.23798076923076925 0.026442307692307696
0 0.10216346153846155 0.7379807692307693 0.2043269230769231 0.02403846153846154
0 0.4987980769230769 0.6610576923076923 0.3004807692307693 0.02403846153846154
0 0.45072115384615385 0.6838942307692308 0.3293269230769231 0.026442307692307696
0 0.42668269230769235 0.7091346153846154 0.3197115384615385 0.02403846153846154
0 0.3966346153846154 0.7319711538461539 0.33653846153846156 0.026442307692307696
0 0.3701923076923077 0.7584134615384616 0.34134615384615385 0.026442307692307696
0 0.811298076923077 0.7932692307692308 0.2043269230769231 0.21634615384615385
0 0.7920673076923077 0.8088942307692308 0.2043269230769231 0.2139423076923077
0 0.7764423076923077 0.8257211538461539 0.20192307692307693 0.2139423076923077
0 0.7572115384615385 0.8401442307692308 0.21153846153846156 0.2091346153846154
0 0.7439903846153847 0.859375 0.2139423076923077 0.2139423076923077
0 0.3449519230769231 0.7836538461538461 0.31490384615384615 0.028846153846153848
0 0.31490384615384615 0.8076923076923077 0.33653846153846156 0.028846153846153848
0 0.29447115384615385 0.8329326923076924 0.3341346153846154 0.026442307692307696
0 0.2668269230769231 0.8569711538461539 0.31730769230769235 0.026442307692307696
0 0.24158653846153846 0.8834134615384616 0.3293269230769231 0.026442307692307696
0 0.21754807692307693 0.90625 0.3197115384615385 0.03365384615384616
0 0.18509615384615385 0.9338942307692308 0.3125 0.03125
0 0.1622596153846154 0.9579326923076924 0.3245192307692308 0.03125
0 0.1514423076923077 0.9855769230769231 0.3028846153846154 0.028846153846153848
0 0.13341346153846154 0.9975961538461539 0.2668269230769231 0.004807692307692308
0 0.08293269230769232 0.7680288461538461 0.16586538461538464 0.026442307692307696
0 0.06490384615384616 0.8016826923076924 0.12980769230769232 0.026442307692307696
0 0.05288461538461539 0.8341346153846154 0.10576923076923078 0.02403846153846154
0 0.03245192307692308 0.8677884615384616 0.06490384615384616 0.02403846153846154
0 0.018028846153846156 0.9002403846153847 0.03605769230769231 0.026442307692307696
