0 0.8341346153846154 0.3810096153846154 0.15384615384615385 0.12740384615384617
0 0.6923076923076923 0.45793269230769235 0.16346153846153846 0.12259615384615385
0 0.3978365384615385 0.7596153846153847 0.17548076923076925 0.13942307692307693
0 0.5216346153846154 0.686298076923077 0.14903846153846154 0.12259615384615385
0 0.9819711538461539 0.6947115384615385 0.03605769230769231 0.07692307692307693
0 0.8966346153846154 0.7668269230769231 0.20192307692307693 0.14903846153846154
0 0.71875 0.8040865384615385 0.09615384615384616 0.11778846153846155
0 0.6694711538461539 0.7199519230769231 0.09855769230769232 0.10817307692307693
0 0.6298076923076923 0.6382211538461539 0.07211538461538462 0.09375
0 0.6766826923076923 0.6057692307692308 0.09855769230769232 0.09134615384615385
0 0.7391826923076924 0.7259615384615385 0.11298076923076923 0.21153846153846156
