0 0.12259615384615385 0.07211538461538462 0.22115384615384617 0.14423076923076925
0 0.00841346153846154 0.8161057692307693 0.01682692307692308 0.11298076923076923
0 0.056490384615384616 0.7908653846153847 0.06971153846153846 0.08653846153846154
0 0.44230769230769235 0.4122596153846154 0.125 0.10336538461538462
0 0.5180288461538461 0.3545673076923077 0.09855769230769232 0.11778846153846155
0 0.4603365384615385 0.4915865384615385 0.12740384615384617 0.10336538461538462
1 0.5288461538461539 0.44591346153846156 0.057692307692307696 0.05048076923076923
0 0.6165865384615385 0.5372596153846154 0.03125 0.040865384615384616
0 0.49759615384615385 0.5432692307692308 0.15384615384615385 0.12980769230769232
0 0.5204326923076923 0.6322115384615385 0.19951923076923078 0.21634615384615385
0 0.4375 0.6526442307692308 0.06730769230769232 0.06490384615384616
0 0.6634615384615385 0.6057692307692308 0.09134615384615385 0.125
1 0.6201923076923077 0.686298076923077 0.11538461538461539 0.11298076923076923
0 0.7728365384615385 0.9338942307692308 0.23798076923076925 0.13221153846153846
0 0.29086538461538464 0.17548076923076925 0.15865384615384617 0.15865384615384617
0 0.44591346153846156 0.1778846153846154 0.15625 0.15384615384615385
