0 0.20072115384615385 0.06129807692307693 0.03605769230769231 0.04567307692307693
0 0.8473557692307693 0.7740384615384616 0.1466346153846154 0.09134615384615385
0 0.7271634615384616 0.7295673076923077 0.13221153846153846 0.0889423076923077
0 0.5733173076923077 0.6995192307692308 0.1514423076923077 0.08653846153846154
0 0.6911057692307693 0.6646634615384616 0.06490384615384616 0.06009615384615385
0 0.6442307692307693 0.6514423076923077 0.07692307692307693 0.06730769230769232
0 0.5709134615384616 0.6286057692307693 0.10336538461538462 0.08413461538461539
0 0.48197115384615385 0.6009615384615385 0.09855769230769232 0.07692307692307693
0 0.4723557692307693 0.6538461538461539 0.10817307692307693 0.06730769230769232
0 0.5180288461538461 0.8413461538461539 0.2620192307692308 0.1201923076923077
0 0.15745192307692307 0.592548076923077 0.17548076923076925 0.11778846153846155
0 0.056490384615384616 0.5745192307692308 0.03605769230769231 0.04807692307692308
0 0.2980769230769231 0.6322115384615385 0.12980769230769232 0.10096153846153846
