0 0.4170673076923077 0.03485576923076923 0.18990384615384617 0.06971153846153846
0 0.31490384615384615 0.07451923076923077 0.19711538461538464 0.14903846153846154
0 0.6574519230769231 0.04927884615384616 0.07451923076923077 0.03125
0 0.6514423076923077 0.07692307692307693 0.10576923076923078 0.04326923076923077
0 0.6454326923076923 0.09975961538461539 0.1514423076923077 0.05528846153846154
0 0.6322115384615385 0.12740384615384617 0.21153846153846156 0.0625
0 0.625 0.15264423076923078 0.2644230769230769 0.07451923076923077
0 0.02764423076923077 0.7283653846153847 0.05528846153846154 0.22596153846153846
0 0.037259615384615384 0.24879807692307693 0.07451923076923077 0.41586538461538464
0 0.21875 0.13341346153846154 0.19711538461538464 0.19951923076923078
0 0.12620192307692307 0.21754807692307693 0.18990384615384617 0.19471153846153846
0 0.609375 0.18149038461538464 0.3245192307692308 0.09375
0 0.6129807692307693 0.20192307692307693 0.3509615384615385 0.09134615384615385
0 0.6682692307692308 0.21634615384615385 0.2692307692307693 0.07692307692307693
0 0.6754807692307693 0.2355769230769231 0.2884615384615385 0.08653846153846154
0 0.608173076923077 0.2716346153846154 0.25 0.07211538461538462
0 0.6814903846153847 0.3028846153846154 0.2956730769230769 0.08173076923076923
0 0.6574519230769231 0.33052884615384615 0.24759615384615385 0.07451923076923077
0 0.6478365384615385 0.3545673076923077 0.18028846153846154 0.05528846153846154
0 0.6334134615384616 0.37980769230769235 0.12740384615384617 0.04326923076923077
0 0.8088942307692308 0.41105769230769235 0.3245192307692308 0.08653846153846154
0 0.8161057692307693 0.43509615384615385 0.35336538461538464 0.09615384615384616
0 0.828125 0.45432692307692313 0.34375 0.09134615384615385
0 0.8365384615384616 0.4747596153846154 0.3269230769230769 0.0889423076923077
0 0.8449519230769231 0.49278846153846156 0.31009615384615385 0.09134615384615385
0 0.8521634615384616 0.5108173076923077 0.2956730769230769 0.09375
0 0.8665865384615385 0.5360576923076923 0.2668269230769231 0.08173076923076923
0 0.8569711538461539 0.5865384615384616 0.18509615384615385 0.0625
0 0.8701923076923077 0.5588942307692308 0.2451923076923077 0.07451923076923077
0 0.8485576923076924 0.6105769230769231 0.14423076923076925 0.04807692307692308
