0 0.3605769230769231 0.12860576923076925 0.14423076923076925 0.07932692307692309
0 0.5336538461538461 0.03605769230769231 0.14423076923076925 0.07211538461538462
0 0.8197115384615385 0.3545673076923077 0.0625 0.06009615384615385
0 0.9134615384615385 0.3353365384615385 0.13461538461538464 0.08413461538461539
0 0.9471153846153847 0.5216346153846154 0.06730769230769232 0.13461538461538464
0 0.9014423076923077 0.5324519230769231 0.07211538461538462 0.13701923076923078
0 0.6742788461538461 0.5973557692307693 0.06490384615384616 0.03125
0 0.6826923076923077 0.41586538461538464 0.11057692307692309 0.04807692307692308
0 0.5757211538461539 0.4206730769230769 0.0889423076923077 0.057692307692307696
0 0.4903846153846154 0.6346153846153847 0.028846153846153848 0.038461538461538464
0 0.45072115384615385 0.6153846153846154 0.040865384615384616 0.08653846153846154
