0 0.17427884615384617 0.12259615384615385 0.03605769230769231 0.04807692307692308
0 0.46875 0.16586538461538464 0.04326923076923077 0.038461538461538464
0 0.5540865384615385 0.3197115384615385 0.09375 0.10576923076923078
0 0.6586538461538461 0.46153846153846156 0.05288461538461539 0.05288461538461539
0 0.6790865384615385 0.515625 0.05528846153846154 0.06009615384615385
0 0.7716346153846154 0.576923076923077 0.028846153846153848 0.03365384615384616
0 0.6454326923076923 0.8810096153846154 0.0889423076923077 0.08413461538461539
0 0.5420673076923077 0.8413461538461539 0.11778846153846155 0.11057692307692309
0 0.3942307692307693 0.984375 0.038461538461538464 0.03125
0 0.3269230769230769 0.9867788461538463 0.038461538461538464 0.026442307692307696
0 0.15264423076923078 0.6971153846153847 0.06971153846153846 0.04807692307692308
0 0.1778846153846154 0.7584134615384616 0.06730769230769232 0.05528846153846154
