0 0.9639423076923077 0.21274038461538464 0.07211538461538462 0.021634615384615384
0 0.9435096153846154 0.25 0.11298076923076923 0.02403846153846154
0 0.9302884615384616 0.2848557692307693 0.13942307692307693 0.026442307692307696
0 0.9134615384615385 0.31730769230769235 0.17307692307692307 0.02403846153846154
0 0.890625 0.34855769230769235 0.21875 0.028846153846153848
0 0.8786057692307693 0.3822115384615385 0.24278846153846156 0.02403846153846154
0 0.859375 0.4134615384615385 0.28125 0.02403846153846154
0 0.8485576923076924 0.4483173076923077 0.2692307692307693 0.021634615384615384
0 0.8449519230769231 0.4807692307692308 0.2043269230769231 0.02403846153846154
0 0.8449519230769231 0.5132211538461539 0.13221153846153846 0.021634615384615384
0 0.84375 0.546875 0.07211538461538462 0.021634615384615384
0 0.9807692307692308 0.49759615384615385 0.038461538461538464 0.028846153846153848
0 0.9711538461538463 0.5252403846153847 0.057692307692307696 0.026442307692307696
0 0.9591346153846154 0.5480769230769231 0.08173076923076923 0.02403846153846154
0 0.9543269230769231 0.576923076923077 0.09134615384615385 0.028846153846153848
0 0.9507211538461539 0.6021634615384616 0.09855769230769232 0.026442307692307696
0 0.953125 0.623798076923077 0.09375 0.026442307692307696
0 0.9699519230769231 0.6526442307692308 0.06009615384615385 0.021634615384615384
0 0.9759615384615385 0.6754807692307693 0.04807692307692308 0.019230769230769232
0 0.9939903846153847 0.703125 0.01201923076923077 0.021634615384615384
0 0.6814903846153847 0.48197115384615385 0.07932692307692309 0.021634615384615384
0 0.6802884615384616 0.5204326923076923 0.14903846153846154 0.021634615384615384
0 0.6838942307692308 0.5528846153846154 0.2091346153846154 0.02403846153846154
0 0.6790865384615385 0.5853365384615385 0.28605769230769235 0.026442307692307696
0 0.6502403846153847 0.6201923076923077 0.29086538461538464 0.02403846153846154
0 0.6141826923076923 0.6502403846153847 0.3004807692307693 0.021634615384615384
0 0.8401442307692308 0.6538461538461539 0.10336538461538462 0.02403846153846154
0 0.8353365384615385 0.686298076923077 0.13701923076923078 0.021634615384615384
0 0.8389423076923077 0.7079326923076924 0.19230769230769232 0.021634615384615384
0 0.8389423076923077 0.7319711538461539 0.22596153846153846 0.026442307692307696
0 0.8341346153846154 0.7596153846153847 0.2884615384615385 0.028846153846153848
0 0.8221153846153847 0.7848557692307693 0.32211538461538464 0.03125
0 0.8004807692307693 0.8076923076923077 0.32211538461538464 0.02403846153846154
0 0.578125 0.6802884615384616 0.30528846153846156 0.019230769230769232
0 0.5492788461538461 0.717548076923077 0.31009615384615385 0.026442307692307696
0 0.515625 0.75 0.2956730769230769 0.028846153846153848
0 0.48557692307692313 0.7836538461538461 0.3028846153846154 0.02403846153846154
0 0.45072115384615385 0.8125 0.30528846153846156 0.02403846153846154
0 0.41586538461538464 0.8461538461538463 0.3028846153846154 0.02403846153846154
0 0.38341346153846156 0.8786057692307693 0.3004807692307693 0.026442307692307696
0 0.34855769230769235 0.9134615384615385 0.3028846153846154 0.02403846153846154
0 0.7944711538461539 0.8365384615384616 0.3004807692307693 0.02403846153846154
0 0.7463942307692308 0.859375 0.3293269230769231 0.026442307692307696
0 0.7223557692307693 0.8846153846153847 0.3197115384615385 0.02403846153846154
0 0.6923076923076923 0.9074519230769231 0.33653846153846156 0.026442307692307696
0 0.6658653846153847 0.9338942307692308 0.34134615384615385 0.026442307692307696
0 0.9735576923076924 0.9555288461538463 0.05288461538461539 0.0889423076923077
0 0.9663461538461539 0.9639423076923077 0.06730769230769232 0.07211538461538462
0 0.640625 0.9591346153846154 0.31490384615384615 0.028846153846153848
0 0.6105769230769231 0.983173076923077 0.33653846153846156 0.028846153846153848
0 0.5901442307692308 0.9975961538461539 0.3341346153846154 0.004807692307692308
0 0.3125 0.9435096153846154 0.2980769230769231 0.026442307692307696
0 0.27524038461538464 0.9771634615384616 0.3004807692307693 0.026442307692307696
