0 0.4651442307692308 0.6298076923076923 0.03605769230769231 0.02403846153846154
0 0.4807692307692308 0.6490384615384616 0.05288461538461539 0.028846153846153848
0 0.5012019230769231 0.6658653846153847 0.0889423076923077 0.03365384615384616
0 0.5132211538461539 0.6838942307692308 0.11298076923076923 0.040865384615384616
0 0.5180288461538461 0.7043269230769231 0.10817307692307693 0.038461538461538464
0 0.5204326923076923 0.7223557692307693 0.11298076923076923 0.03605769230769231
0 0.5216346153846154 0.7403846153846154 0.11057692307692309 0.03365384615384616
0 0.5252403846153847 0.7608173076923077 0.10817307692307693 0.03605769230769231
0 0.53125 0.780048076923077 0.11538461538461539 0.03605769230769231
0 0.5324519230769231 0.796875 0.10817307692307693 0.03605769230769231
0 0.5348557692307693 0.8161057692307693 0.10336538461538462 0.03605769230769231
0 0.5396634615384616 0.8365384615384616 0.11298076923076923 0.03365384615384616
0 0.5432692307692308 0.858173076923077 0.11057692307692309 0.03365384615384616
0 0.5504807692307693 0.9014423076923077 0.11057692307692309 0.03365384615384616
0 0.5564903846153847 0.9423076923076924 0.10336538461538462 0.038461538461538464
0 0.5492788461538461 0.984375 0.06971153846153846 0.03125
