0 0.9879807692307693 0.5889423076923077 0.02403846153846154 0.11538461538461539
0 0.8293269230769231 0.8978365384615385 0.02403846153846154 0.026442307692307696
0 0.35216346153846156 0.5528846153846154 0.040865384615384616 0.03365384615384616
0 0.4567307692307693 0.6454326923076923 0.04807692307692308 0.03125
0 0.5048076923076923 0.6538461538461539 0.04807692307692308 0.04326923076923077
0 0.5420673076923077 0.6754807692307693 0.04567307692307693 0.04807692307692308
0 0.34855769230769235 0.8149038461538461 0.0625 0.07211538461538462
0 0.3978365384615385 0.8401442307692308 0.026442307692307696 0.03125
0 0.49759615384615385 0.8810096153846154 0.06730769230769232 0.07451923076923077
0 0.5348557692307693 0.9098557692307693 0.03125 0.03605769230769231
