0 0.8413461538461539 0.006009615384615385 0.31730769230769235 0.01201923076923077
0 0.49399038461538464 0.00841346153846154 0.30528846153846156 0.01682692307692308
0 0.4591346153846154 0.038461538461538464 0.3028846153846154 0.02403846153846154
0 0.42668269230769235 0.07091346153846154 0.3004807692307693 0.026442307692307696
0 0.3918269230769231 0.10576923076923078 0.3028846153846154 0.02403846153846154
0 0.8377403846153847 0.028846153846153848 0.3004807692307693 0.02403846153846154
0 0.7896634615384616 0.05168269230769231 0.3293269230769231 0.026442307692307696
0 0.765625 0.07692307692307693 0.3197115384615385 0.02403846153846154
0 0.7355769230769231 0.09975961538461539 0.33653846153846156 0.026442307692307696
0 0.7091346153846154 0.12620192307692307 0.34134615384615385 0.026442307692307696
0 0.9879807692307693 0.22716346153846156 0.02403846153846154 0.2139423076923077
0 0.8052884615384616 0.7247596153846154 0.3894230769230769 0.5504807692307693
0 0.6838942307692308 0.1514423076923077 0.31490384615384615 0.028846153846153848
0 0.6538461538461539 0.17548076923076925 0.33653846153846156 0.028846153846153848
0 0.6334134615384616 0.20072115384615385 0.3341346153846154 0.026442307692307696
0 0.6057692307692308 0.2247596153846154 0.31730769230769235 0.026442307692307696
0 0.5805288461538461 0.2512019230769231 0.3293269230769231 0.026442307692307696
0 0.5564903846153847 0.27403846153846156 0.3197115384615385 0.03365384615384616
0 0.5240384615384616 0.30168269230769235 0.3125 0.03125
0 0.5 0.32572115384615385 0.3269230769230769 0.03125
0 0.47716346153846156 0.35336538461538464 0.3293269230769231 0.028846153846153848
0 0.4435096153846154 0.375 0.3245192307692308 0.02403846153846154
0 0.4206730769230769 0.4014423076923077 0.3317307692307693 0.028846153846153848
0 0.3978365384615385 0.42668269230769235 0.3293269230769231 0.026442307692307696
0 0.3629807692307693 0.45072115384615385 0.3269230769230769 0.026442307692307696
0 0.3473557692307693 0.47716346153846156 0.3245192307692308 0.026442307692307696
0 0.328125 0.4987980769230769 0.31490384615384615 0.026442307692307696
0 0.31009615384615385 0.5240384615384616 0.28365384615384615 0.028846153846153848
0 0.30168269230769235 0.5492788461538461 0.2572115384615385 0.021634615384615384
0 0.3125 0.578125 0.19230769230769232 0.026442307692307696
0 0.3028846153846154 0.5997596153846154 0.13942307692307693 0.01682692307692308
0 0.29927884615384615 0.6274038461538461 0.09855769230769232 0.019230769230769232
0 0.3040865384615385 0.6538461538461539 0.06009615384615385 0.019230769230769232
0 0.3557692307692308 0.1358173076923077 0.2980769230769231 0.026442307692307696
0 0.3185096153846154 0.16947115384615385 0.3004807692307693 0.026442307692307696
0 0.2884615384615385 0.20192307692307693 0.3125 0.02403846153846154
0 0.2512019230769231 0.2355769230769231 0.30528846153846156 0.02403846153846154
0 0.22355769230769232 0.26802884615384615 0.3028846153846154 0.026442307692307696
0 0.18509615384615385 0.30168269230769235 0.3028846153846154 0.026442307692307696
0 0.15985576923076925 0.33653846153846156 0.3004807692307693 0.02403846153846154
0 0.140625 0.36778846153846156 0.2620192307692308 0.02403846153846154
0 0.13221153846153846 0.39903846153846156 0.20673076923076925 0.028846153846153848
0 0.13461538461538464 0.43149038461538464 0.13942307692307693 0.021634615384615384
0 0.13461538461538464 0.4651442307692308 0.07692307692307693 0.021634615384615384
0 0.03966346153846154 0.9747596153846154 0.07451923076923077 0.03125
0 0.04326923076923077 0.9903846153846154 0.08653846153846154 0.019230769230769232
0 0.5973557692307693 0.9278846153846154 0.2043269230769231 0.14423076923076925
