0 0.04807692307692308 0.546875 0.09615384615384616 0.07932692307692309
0 0.1622596153846154 0.15264423076923078 0.13701923076923078 0.0889423076923077
0 0.25841346153846156 0.16105769230769232 0.08413461538461539 0.0625
0 0.21274038461538464 0.4675480769230769 0.040865384615384616 0.03125
0 0.5012019230769231 0.2668269230769231 0.040865384615384616 0.028846153846153848
0 0.4206730769230769 0.8185096153846154 0.06730769230769232 0.06490384615384616
0 0.39903846153846156 0.7932692307692308 0.06730769230769232 0.05288461538461539
0 0.5564903846153847 0.6526442307692308 0.07932692307692309 0.07932692307692309
0 0.6105769230769231 0.625 0.07692307692307693 0.08173076923076923
0 0.5853365384615385 0.2451923076923077 0.040865384615384616 0.03365384615384616
0 0.9711538461538463 0.5588942307692308 0.057692307692307696 0.07932692307692309
