0 0.33052884615384615 0.004807692307692308 0.09375 0.009615384615384616
0 0.46153846153846156 0.6009615384615385 0.08173076923076923 0.028846153846153848
0 0.37980769230769235 0.5757211538461539 0.08653846153846154 0.03125
0 0.29927884615384615 0.5673076923076923 0.06009615384615385 0.03365384615384616
0 0.33653846153846156 0.5913461538461539 0.14423076923076925 0.05288461538461539
0 0.375 0.5889423076923077 0.07692307692307693 0.028846153846153848
0 0.4591346153846154 0.6141826923076923 0.08173076923076923 0.03125
0 0.4555288461538462 0.6274038461538461 0.07932692307692309 0.028846153846153848
0 0.45072115384615385 0.640625 0.07932692307692309 0.03125
0 0.3317307692307693 0.609375 0.14903846153846154 0.05048076923076923
0 0.3293269230769231 0.6189903846153847 0.14423076923076925 0.05048076923076923
0 0.32572115384615385 0.6346153846153847 0.1514423076923077 0.05288461538461539
0 0.44591346153846156 0.6502403846153847 0.07932692307692309 0.03605769230769231
0 0.44230769230769235 0.6658653846153847 0.08173076923076923 0.03365384615384616
0 0.43870192307692313 0.6838942307692308 0.07932692307692309 0.03125
0 0.3545673076923077 0.6586538461538461 0.07451923076923077 0.03365384615384616
