0 0.022836538461538464 0.2800480769230769 0.04567307692307693 0.06009615384615385
0 0.671875 0.009615384615384616 0.07451923076923077 0.019230769230769232
0 0.6418269230769231 0.028846153846153848 0.057692307692307696 0.057692307692307696
0 0.6947115384615385 0.06971153846153846 0.08653846153846154 0.07692307692307693
0 0.7439903846153847 0.05048076923076923 0.06490384615384616 0.05288461538461539
0 0.8197115384615385 0.009615384615384616 0.07211538461538462 0.019230769230769232
0 0.7992788461538461 0.020432692307692308 0.06971153846153846 0.040865384615384616
0 0.8810096153846154 0.03365384615384616 0.07451923076923077 0.06730769230769232
0 0.8545673076923077 0.058894230769230775 0.06971153846153846 0.06009615384615385
0 0.967548076923077 0.04447115384615385 0.06490384615384616 0.07451923076923077
0 0.9807692307692308 0.022836538461538464 0.038461538461538464 0.04567307692307693
0 0.9963942307692308 0.08052884615384616 0.007211538461538462 0.05048076923076923
0 0.9807692307692308 0.11298076923076923 0.038461538461538464 0.04807692307692308
0 0.9411057692307693 0.08413461538461539 0.07451923076923077 0.06730769230769232
0 0.9663461538461539 0.1466346153846154 0.04807692307692308 0.038461538461538464
0 0.9158653846153847 0.11057692307692309 0.07211538461538462 0.0625
0 0.9507211538461539 0.20552884615384617 0.04567307692307693 0.05048076923076923
0 0.9086538461538463 0.2512019230769231 0.05288461538461539 0.06490384615384616
0 0.71875 0.7536057692307693 0.125 0.10817307692307693
0 0.5252403846153847 0.34855769230769235 0.03125 0.02403846153846154
0 0.3161057692307693 0.9387019230769231 0.09375 0.12259615384615385
0 0.2776442307692308 0.9242788461538463 0.09375 0.12740384615384617
0 0.25 0.5228365384615384 0.125 0.09375
0 0.003605769230769231 0.592548076923077 0.007211538461538462 0.026442307692307696
0 0.07572115384615385 0.42307692307692313 0.1514423076923077 0.11057692307692309
