0 0.3137019230769231 0.4086538461538462 0.12740384615384617 0.14903846153846154
0 0.6850961538461539 0.19591346153846154 0.125 0.13701923076923078
0 0.7752403846153847 0.13221153846153846 0.13221153846153846 0.13461538461538464
0 0.8725961538461539 0.07692307692307693 0.125 0.13461538461538464
0 0.951923076923077 0.042067307692307696 0.09615384615384616 0.08413461538461539
0 0.984375 0.14302884615384617 0.03125 0.09855769230769232
0 0.9747596153846154 0.1622596153846154 0.05048076923076923 0.09375
0 0.9158653846153847 0.203125 0.07692307692307693 0.09855769230769232
0 0.8930288461538463 0.22115384615384617 0.07451923076923077 0.09134615384615385
0 0.8209134615384616 0.2644230769230769 0.07451923076923077 0.09134615384615385
0 0.796875 0.2800480769230769 0.08413461538461539 0.09855769230769232
0 0.8689903846153847 0.3966346153846154 0.09855769230769232 0.12980769230769232
0 0.9002403846153847 0.3774038461538462 0.10817307692307693 0.13461538461538464
0 0.9507211538461539 0.3401442307692308 0.09855769230769232 0.13221153846153846
0 0.96875 0.3161057692307693 0.0625 0.12740384615384617
0 0.9915865384615385 0.4375 0.01682692307692308 0.09615384615384616
0 0.9627403846153847 0.4747596153846154 0.07451923076923077 0.09375
0 0.9326923076923077 0.4963942307692308 0.07692307692307693 0.0889423076923077
0 0.5480769230769231 0.46875 0.3028846153846154 0.42307692307692313
0 0.46995192307692313 0.6117788461538461 0.2139423076923077 0.31490384615384615
0 0.3557692307692308 0.6887019230769231 0.23076923076923078 0.3293269230769231
0 0.21754807692307693 0.6959134615384616 0.1514423076923077 0.2043269230769231
0 0.2980769230769231 0.7283653846153847 0.22596153846153846 0.3076923076923077
0 0.5096153846153847 0.5913461538461539 0.21634615384615385 0.3076923076923077
0 0.639423076923077 0.43028846153846156 0.33653846153846156 0.4278846153846154
