0 0.014423076923076924 0.40384615384615385 0.028846153846153848 0.11538461538461539
0 0.7788461538461539 0.5649038461538461 0.08173076923076923 0.028846153846153848
0 0.6971153846153847 0.5396634615384616 0.08653846153846154 0.03125
0 0.6165865384615385 0.53125 0.06009615384615385 0.03365384615384616
0 0.6538461538461539 0.5552884615384616 0.14423076923076925 0.05288461538461539
0 0.6923076923076923 0.5528846153846154 0.07692307692307693 0.028846153846153848
0 0.7764423076923077 0.578125 0.08173076923076923 0.03125
0 0.7728365384615385 0.5913461538461539 0.07932692307692309 0.028846153846153848
0 0.7680288461538461 0.6045673076923077 0.07932692307692309 0.03125
0 0.6490384615384616 0.5733173076923077 0.14903846153846154 0.05048076923076923
0 0.6466346153846154 0.5829326923076923 0.14423076923076925 0.05048076923076923
0 0.6430288461538461 0.5985576923076923 0.1514423076923077 0.05288461538461539
0 0.7632211538461539 0.6141826923076923 0.07932692307692309 0.03605769230769231
0 0.7596153846153847 0.6298076923076923 0.08173076923076923 0.03365384615384616
0 0.7560096153846154 0.6478365384615385 0.07932692307692309 0.03125
0 0.671875 0.6225961538461539 0.07451923076923077 0.03365384615384616
