0 0.296875 0.014423076923076924 0.06971153846153846 0.028846153846153848
0 0.10576923076923078 0.2872596153846154 0.04326923076923077 0.03605769230769231
0 0.002403846153846154 0.9146634615384616 0.004807692307692308 0.03605769230769231
0 0.203125 0.546875 0.03605769230769231 0.03605769230769231
0 0.2512019230769231 0.5877403846153847 0.040865384615384616 0.03605769230769231
0 0.15625 0.78125 0.10096153846153846 0.05288461538461539
0 0.6105769230769231 0.44230769230769235 0.038461538461538464 0.057692307692307696
0 0.6310096153846154 0.5276442307692308 0.07932692307692309 0.11298076923076923
0 0.7235576923076924 0.2872596153846154 0.11538461538461539 0.06490384615384616
0 0.12980769230769232 0.9783653846153847 0.038461538461538464 0.04326923076923077
0 0.19951923076923078 0.9879807692307693 0.04807692307692308 0.02403846153846154
0 0.9747596153846154 0.3870192307692308 0.05048076923076923 0.04326923076923077
