0 0.4411057692307693 0.2536057692307692 0.07932692307692309 0.08413461538461539
0 0.4591346153846154 0.3088942307692308 0.07211538461538462 0.07451923076923077
0 0.4807692307692308 0.3665865384615385 0.07211538461538462 0.07932692307692309
0 0.43028846153846156 0.3918269230769231 0.07692307692307693 0.08653846153846154
0 0.40625 0.3317307692307693 0.08173076923076923 0.07692307692307693
0 0.3918269230769231 0.2716346153846154 0.0625 0.08653846153846154
0 0.19591346153846154 0.28605769230769235 0.04567307692307693 0.038461538461538464
0 0.14783653846153846 0.4050480769230769 0.06971153846153846 0.10336538461538462
0 0.18629807692307693 0.4963942307692308 0.06971153846153846 0.09375
0 0.12139423076923078 0.47836538461538464 0.13701923076923078 0.27403846153846156
0 0.3581730769230769 0.9795673076923077 0.14903846153846154 0.040865384615384616
0 0.49399038461538464 0.9807692307692308 0.0889423076923077 0.038461538461538464
0 0.5528846153846154 0.9651442307692308 0.08653846153846154 0.06971153846153846
