0 0.140625 0.6790865384615385 0.05528846153846154 0.07451923076923077
0 0.20793269230769232 0.6730769230769231 0.026442307692307696 0.04326923076923077
0 0.1935096153846154 0.717548076923077 0.026442307692307696 0.03605769230769231
0 0.22115384615384617 0.4254807692307693 0.22115384615384617 0.09615384615384616
0 0.421875 0.5168269230769231 0.05528846153846154 0.07692307692307693
0 0.576923076923077 0.30649038461538464 0.038461538461538464 0.03605769230769231
0 0.5961538461538461 0.32091346153846156 0.028846153846153848 0.040865384615384616
0 0.6225961538461539 0.3197115384615385 0.028846153846153848 0.04807692307692308
0 0.6574519230769231 0.32211538461538464 0.03605769230769231 0.05288461538461539
0 0.38461538461538464 0.6478365384615385 0.04807692307692308 0.06009615384615385
0 0.4495192307692308 0.7427884615384616 0.06730769230769232 0.11538461538461539
