0 0.5060096153846154 0.17668269230769232 0.15625 0.13701923076923078
0 0.40024038461538464 0.21754807692307693 0.10336538461538462 0.10817307692307693
0 0.546875 0.25961538461538464 0.1514423076923077 0.12980769230769232
0 0.578125 0.3557692307692308 0.11778846153846155 0.12980769230769232
0 0.655048076923077 0.359375 0.10817307692307693 0.11298076923076923
0 0.6850961538461539 0.4290865384615385 0.11538461538461539 0.10336538461538462
0 0.4447115384615385 0.3076923076923077 0.09615384615384616 0.1201923076923077
0 0.4831730769230769 0.39903846153846156 0.09134615384615385 0.11057692307692309
0 0.6009615384615385 0.45072115384615385 0.11057692307692309 0.11298076923076923
0 0.6286057692307693 0.5264423076923077 0.09855769230769232 0.10096153846153846
0 0.6694711538461539 0.6045673076923077 0.09375 0.09855769230769232
0 0.35697115384615385 0.3125 0.10817307692307693 0.12980769230769232
0 0.2980769230769231 0.3401442307692308 0.07692307692307693 0.12259615384615385
0 0.3317307692307693 0.453125 0.09615384615384616 0.13221153846153846
0 0.41105769230769235 0.421875 0.10096153846153846 0.13221153846153846
0 0.5276442307692308 0.4831730769230769 0.09855769230769232 0.10576923076923078
0 0.4495192307692308 0.515625 0.09615384615384616 0.10336538461538462
0 0.5564903846153847 0.5625 0.08413461538461539 0.10576923076923078
0 0.4831730769230769 0.5865384615384616 0.08653846153846154 0.08653846153846154
0 0.375 0.5480769230769231 0.09134615384615385 0.10576923076923078
0 0.25480769230769235 0.4591346153846154 0.09615384615384616 0.08653846153846154
0 0.27043269230769235 0.5108173076923077 0.0889423076923077 0.08413461538461539
0 0.17908653846153846 0.4879807692307693 0.0889423076923077 0.08173076923076923
0 0.203125 0.5480769230769231 0.0889423076923077 0.08173076923076923
0 0.3004807692307693 0.5829326923076923 0.10096153846153846 0.10817307692307693
0 0.22716346153846156 0.6105769230769231 0.09375 0.10576923076923078
0 0.40625 0.6310096153846154 0.08653846153846154 0.08413461538461539
0 0.15024038461538464 0.6418269230769231 0.10336538461538462 0.10576923076923078
0 0.5853365384615385 0.6370192307692308 0.08413461538461539 0.09615384615384616
0 0.7007211538461539 0.6802884615384616 0.10336538461538462 0.11538461538461539
0 0.623798076923077 0.7163461538461539 0.09855769230769232 0.10096153846153846
0 0.5168269230769231 0.6682692307692308 0.08653846153846154 0.09615384615384616
0 0.5492788461538461 0.7439903846153847 0.10336538461538462 0.10817307692307693
0 0.5805288461538461 0.826923076923077 0.09375 0.09134615384615385
0 0.514423076923077 0.8569711538461539 0.09615384615384616 0.09375
0 0.4435096153846154 0.7007211538461539 0.09855769230769232 0.0889423076923077
0 0.4747596153846154 0.7728365384615385 0.09375 0.10336538461538462
0 0.3341346153846154 0.65625 0.09134615384615385 0.09134615384615385
0 0.3701923076923077 0.7307692307692308 0.08653846153846154 0.09134615384615385
0 0.4050480769230769 0.8088942307692308 0.09855769230769232 0.10817307692307693
0 0.2608173076923077 0.6875 0.0889423076923077 0.10096153846153846
0 0.29086538461538464 0.765625 0.08173076923076923 0.09855769230769232
0 0.3293269230769231 0.8449519230769231 0.10096153846153846 0.10336538461538462
0 0.19110576923076925 0.7223557692307693 0.08413461538461539 0.09855769230769232
0 0.0733173076923077 0.6766826923076923 0.09855769230769232 0.11298076923076923
0 0.10817307692307693 0.7536057692307693 0.09134615384615385 0.09855769230769232
0 0.22235576923076925 0.7980769230769231 0.08413461538461539 0.09615384615384616
0 0.2512019230769231 0.8774038461538463 0.10336538461538462 0.11057692307692309
0 0.17908653846153846 0.9074519230769231 0.10336538461538462 0.11778846153846155
0 0.1466346153846154 0.8341346153846154 0.10576923076923078 0.10576923076923078
0 0.26802884615384615 0.9819711538461539 0.09855769230769232 0.03605769230769231
0 0.22115384615384617 0.9915865384615385 0.09615384615384616 0.01682692307692308
