0 0.013221153846153848 0.1887019230769231 0.026442307692307696 0.05048076923076923
0 0.1670673076923077 0.4651442307692308 0.06490384615384616 0.03605769230769231
0 0.21514423076923078 0.3810096153846154 0.03125 0.05528846153846154
0 0.24639423076923078 0.3870192307692308 0.03125 0.05288461538461539
0 0.2644230769230769 0.31730769230769235 0.10576923076923078 0.07211538461538462
0 0.4447115384615385 0.578125 0.038461538461538464 0.05048076923076923
0 0.49399038461538464 0.5793269230769231 0.05048076923076923 0.04326923076923077
0 0.5012019230769231 0.7668269230769231 0.10817307692307693 0.05288461538461539
0 0.30649038461538464 0.7836538461538461 0.05048076923076923 0.0625
0 0.234375 0.7680288461538461 0.03605769230769231 0.05048076923076923
0 0.1935096153846154 0.9507211538461539 0.11778846153846155 0.09375
0 0.042067307692307696 0.795673076923077 0.08413461538461539 0.09134615384615385
