0 0.5733173076923077 0.11658653846153846 0.2091346153846154 0.07932692307692309
0 0.3233173076923077 0.14543269230769232 0.18990384615384617 0.06490384615384616
0 0.30649038461538464 0.3713942307692308 0.1466346153846154 0.05528846153846154
0 0.3713942307692308 0.6418269230769231 0.3389423076923077 0.10096153846153846
0 0.8617788461538463 0.5709134615384616 0.14182692307692307 0.04567307692307693
0 0.859375 0.6021634615384616 0.14182692307692307 0.026442307692307696
0 0.8521634615384616 0.6502403846153847 0.13701923076923078 0.03605769230769231
0 0.8521634615384616 0.6911057692307693 0.14182692307692307 0.04567307692307693
0 0.8473557692307693 0.7403846153846154 0.1466346153846154 0.038461538461538464
0 0.8413461538461539 0.78125 0.15384615384615385 0.04326923076923077
0 0.8389423076923077 0.8329326923076924 0.13942307692307693 0.026442307692307696
0 0.842548076923077 0.7007211538461539 0.23798076923076925 0.36778846153846156
