0 0.2800480769230769 0.1670673076923077 0.07451923076923077 0.021634615384615384
0 0.2728365384615385 0.2043269230769231 0.14182692307692307 0.02403846153846154
0 0.2764423076923077 0.23918269230769232 0.20192307692307693 0.026442307692307696
0 0.2776442307692308 0.2716346153846154 0.2716346153846154 0.02403846153846154
0 0.25240384615384615 0.3028846153846154 0.3125 0.028846153846153848
0 0.21875 0.33653846153846156 0.2932692307692308 0.02403846153846154
0 0.18028846153846154 0.36778846153846156 0.2932692307692308 0.02403846153846154
0 0.16346153846153846 0.4026442307692308 0.2692307692307693 0.021634615384615384
0 0.15985576923076925 0.43509615384615385 0.2043269230769231 0.02403846153846154
0 0.15985576923076925 0.4675480769230769 0.13221153846153846 0.021634615384615384
0 0.15865384615384617 0.5012019230769231 0.07211538461538462 0.021634615384615384
0 0.44230769230769235 0.3269230769230769 0.057692307692307696 0.019230769230769232
0 0.4326923076923077 0.3509615384615385 0.10576923076923078 0.019230769230769232
0 0.4338942307692308 0.37980769230769235 0.16105769230769232 0.02403846153846154
0 0.44230769230769235 0.4050480769230769 0.21153846153846156 0.021634615384615384
0 0.4278846153846154 0.4290865384615385 0.2403846153846154 0.026442307692307696
0 0.4290865384615385 0.4519230769230769 0.30528846153846156 0.028846153846153848
0 0.4182692307692308 0.4795673076923077 0.32211538461538464 0.026442307692307696
0 0.38822115384615385 0.5024038461538461 0.31009615384615385 0.02403846153846154
0 0.37259615384615385 0.53125 0.2980769230769231 0.028846153846153848
0 0.3581730769230769 0.5564903846153847 0.28365384615384615 0.026442307692307696
0 0.34375 0.578125 0.2451923076923077 0.026442307692307696
0 0.3509615384615385 0.6069711538461539 0.19230769230769232 0.021634615384615384
0 0.3473557692307693 0.6298076923076923 0.16105769230769232 0.019230769230769232
0 0.3449519230769231 0.6574519230769231 0.08413461538461539 0.021634615384615384
0 0.018028846153846156 0.4362980769230769 0.03605769230769231 0.021634615384615384
0 0.03485576923076923 0.4747596153846154 0.06971153846153846 0.021634615384615384
0 0.05168269230769231 0.5072115384615384 0.10336538461538462 0.02403846153846154
0 0.06850961538461539 0.5396634615384616 0.13701923076923078 0.026442307692307696
0 0.05528846153846154 0.5745192307692308 0.11057692307692309 0.02403846153846154
0 0.03966346153846154 0.6045673076923077 0.07932692307692309 0.021634615384615384
0 0.15504807692307693 0.608173076923077 0.10336538461538462 0.02403846153846154
0 0.15024038461538464 0.640625 0.13701923076923078 0.021634615384615384
0 0.15384615384615385 0.6622596153846154 0.19230769230769232 0.021634615384615384
0 0.15384615384615385 0.686298076923077 0.22596153846153846 0.026442307692307696
0 0.14903846153846154 0.7139423076923077 0.2884615384615385 0.028846153846153848
0 0.14903846153846154 0.7391826923076924 0.2980769230769231 0.03125
0 0.13822115384615385 0.7620192307692308 0.2764423076923077 0.02403846153846154
0 0.022836538461538464 0.6346153846153847 0.04567307692307693 0.019230769230769232
0 0.12980769230769232 0.7908653846153847 0.25961538461538464 0.02403846153846154
0 0.11298076923076923 0.8137019230769231 0.22596153846153846 0.026442307692307696
0 0.09855769230769232 0.8389423076923077 0.19711538461538464 0.02403846153846154
0 0.08774038461538462 0.8617788461538463 0.17548076923076925 0.026442307692307696
0 0.07572115384615385 0.8882211538461539 0.1514423076923077 0.026442307692307696
0 0.9627403846153847 0.9927884615384616 0.07451923076923077 0.014423076923076924
0 0.421875 0.9074519230769231 0.2043269230769231 0.18509615384615385
0 0.4026442307692308 0.9158653846153847 0.2043269230769231 0.16826923076923078
0 0.3870192307692308 0.9242788461538463 0.20192307692307693 0.1514423076923077
0 0.36778846153846156 0.9326923076923077 0.21153846153846156 0.13461538461538464
0 0.3545673076923077 0.9411057692307693 0.2139423076923077 0.11778846153846155
0 0.056490384615384616 0.9134615384615385 0.11298076923076923 0.028846153846153848
0 0.046875 0.9375 0.09375 0.028846153846153848
0 0.03605769230769231 0.9627403846153847 0.07211538461538462 0.026442307692307696
0 0.018028846153846156 0.9867788461538463 0.03605769230769231 0.026442307692307696
