0 0.2572115384615385 0.030048076923076924 0.14423076923076925 0.06009615384615385
0 0.7163461538461539 0.24639423076923078 0.0625 0.06009615384615385
0 0.8100961538461539 0.22716346153846156 0.13461538461538464 0.08413461538461539
0 0.84375 0.4134615384615385 0.06730769230769232 0.13461538461538464
0 0.7980769230769231 0.4242788461538462 0.07211538461538462 0.13701923076923078
0 0.5709134615384616 0.48918269230769235 0.06490384615384616 0.03125
0 0.5793269230769231 0.3076923076923077 0.11057692307692309 0.04807692307692308
0 0.4723557692307693 0.3125 0.0889423076923077 0.057692307692307696
0 0.3870192307692308 0.5264423076923077 0.028846153846153848 0.038461538461538464
0 0.3473557692307693 0.5072115384615384 0.040865384615384616 0.08653846153846154
