0 0.6875 0.015625 0.19230769230769232 0.026442307692307696
0 0.6778846153846154 0.037259615384615384 0.13942307692307693 0.01682692307692308
0 0.6742788461538461 0.06490384615384616 0.09855769230769232 0.019230769230769232
0 0.6790865384615385 0.09134615384615385 0.06009615384615385 0.019230769230769232
0 0.11658653846153846 0.06971153846153846 0.17067307692307693 0.13942307692307693
0 0.2644230769230769 0.2512019230769231 0.19230769230769232 0.19471153846153846
0 0.17427884615384617 0.3341346153846154 0.18990384615384617 0.19711538461538464
0 0.08533653846153846 0.41586538461538464 0.17067307692307693 0.19230769230769232
0 0.41466346153846156 0.4122596153846154 0.07451923076923077 0.03125
0 0.4086538461538462 0.4399038461538462 0.10576923076923078 0.04326923076923077
0 0.4026442307692308 0.46274038461538464 0.1514423076923077 0.05528846153846154
0 0.3894230769230769 0.4903846153846154 0.21153846153846156 0.0625
0 0.3822115384615385 0.515625 0.2644230769230769 0.07451923076923077
0 0.9350961538461539 0.4014423076923077 0.12980769230769232 0.21634615384615385
0 0.037259615384615384 0.4963942307692308 0.07451923076923077 0.19951923076923078
0 0.3665865384615385 0.5444711538461539 0.3245192307692308 0.09375
0 0.3701923076923077 0.5649038461538461 0.3509615384615385 0.09134615384615385
0 0.4254807692307693 0.5793269230769231 0.2692307692307693 0.07692307692307693
0 0.4326923076923077 0.5985576923076923 0.2884615384615385 0.08653846153846154
0 0.3653846153846154 0.6346153846153847 0.25 0.07211538461538462
0 0.43870192307692313 0.6658653846153847 0.2956730769230769 0.08173076923076923
0 0.41466346153846156 0.6935096153846154 0.24759615384615385 0.07451923076923077
0 0.4050480769230769 0.717548076923077 0.18028846153846154 0.05528846153846154
0 0.390625 0.7427884615384616 0.12740384615384617 0.04326923076923077
0 0.5661057692307693 0.7740384615384616 0.3245192307692308 0.08653846153846154
0 0.5733173076923077 0.7980769230769231 0.35336538461538464 0.09615384615384616
0 0.5877403846153847 0.8173076923076924 0.34855769230769235 0.09134615384615385
0 0.6057692307692308 0.8377403846153847 0.3509615384615385 0.0889423076923077
0 0.625 0.8557692307692308 0.3557692307692308 0.09134615384615385
0 0.6346153846153847 0.873798076923077 0.34615384615384615 0.09375
0 0.6370192307692308 0.8990384615384616 0.2932692307692308 0.08173076923076923
0 0.6141826923076923 0.9495192307692308 0.18509615384615385 0.0625
0 0.6274038461538461 0.921875 0.2451923076923077 0.07451923076923077
0 0.6057692307692308 0.9735576923076924 0.14423076923076925 0.04807692307692308
