0 0.8209134615384616 0.006009615384615385 0.03125 0.01201923076923077
0 0.9170673076923077 0.8509615384615385 0.10336538461538462 0.07211538461538462
0 0.6454326923076923 0.6947115384615385 0.12259615384615385 0.06730769230769232
0 0.6887019230769231 0.6935096153846154 0.03125 0.021634615384615384
0 0.3653846153846154 0.6730769230769231 0.0625 0.04326923076923077
0 0.3185096153846154 0.6322115384615385 0.06009615384615385 0.04326923076923077
0 0.17307692307692307 0.38461538461538464 0.03365384615384616 0.03365384615384616
0 0.17908653846153846 0.030048076923076924 0.0889423076923077 0.06009615384615385
0 0.019230769230769232 0.03485576923076923 0.038461538461538464 0.06971153846153846
0 0.09855769230769232 0.17548076923076925 0.038461538461538464 0.04326923076923077
0 0.5853365384615385 0.6033653846153847 0.06971153846153846 0.06730769230769232
