0 0.514423076923077 0.03966346153846154 0.11538461538461539 0.07932692307692309
0 0.5889423076923077 0.078125 0.07211538461538462 0.021634615384615384
0 0.5949519230769231 0.09134615384615385 0.0889423076923077 0.02403846153846154
0 0.6069711538461539 0.10216346153846155 0.07932692307692309 0.021634615384615384
0 0.6153846153846154 0.12259615384615385 0.05288461538461539 0.019230769230769232
0 0.7908653846153847 0.14182692307692307 0.038461538461538464 0.03365384615384616
0 0.9915865384615385 0.014423076923076924 0.01682692307692308 0.028846153846153848
0 0.9170673076923077 0.3473557692307693 0.06490384615384616 0.06490384615384616
0 0.8762019230769231 0.3112980769230769 0.06971153846153846 0.06490384615384616
0 0.8942307692307693 0.7475961538461539 0.03365384615384616 0.028846153846153848
0 0.7944711538461539 0.31730769230769235 0.06490384615384616 0.08173076923076923
0 0.49278846153846156 0.39903846153846156 0.0625 0.05288461538461539
0 0.390625 0.47716346153846156 0.23317307692307693 0.17548076923076925
0 0.4242788461538462 0.701923076923077 0.07451923076923077 0.07692307692307693
0 0.17668269230769232 0.5408653846153847 0.12259615384615385 0.12980769230769232
0 0.7512019230769231 0.5012019230769231 0.040865384615384616 0.03605769230769231
