0 0.5540865384615385 0.042067307692307696 0.06490384615384616 0.03605769230769231
0 0.8317307692307693 0.15504807692307693 0.038461538461538464 0.05048076923076923
0 0.8810096153846154 0.15625 0.05048076923076923 0.04326923076923077
0 0.8882211538461539 0.34375 0.10817307692307693 0.05288461538461539
0 0.8509615384615385 0.9038461538461539 0.05288461538461539 0.04326923076923077
0 0.6935096153846154 0.3605769230769231 0.05048076923076923 0.0625
0 0.6213942307692308 0.3449519230769231 0.03605769230769231 0.05048076923076923
0 0.5805288461538461 0.5276442307692308 0.11778846153846155 0.09375
0 0.41105769230769235 0.37259615384615385 0.1201923076923077 0.09134615384615385
0 0.23677884615384617 0.7271634615384616 0.05528846153846154 0.05048076923076923
0 0.19471153846153846 0.6983173076923077 0.057692307692307696 0.08413461538461539
2 0.1887019230769231 0.8341346153846154 0.07932692307692309 0.08173076923076923
0 0.021634615384615384 0.45793269230769235 0.038461538461538464 0.040865384615384616
0 0.001201923076923077 0.4915865384615385 0.002403846153846154 0.026442307692307696
0 0.06129807692307693 0.8461538461538463 0.0889423076923077 0.08173076923076923
