0 0.6574519230769231 0.006009615384615385 0.3004807692307693 0.01201923076923077
0 0.6225961538461539 0.03365384615384616 0.3028846153846154 0.02403846153846154
0 0.9182692307692308 0.00841346153846154 0.16346153846153846 0.01682692307692308
0 0.8990384615384616 0.02764423076923077 0.20192307692307693 0.026442307692307696
0 0.8846153846153847 0.054086538461538464 0.23076923076923078 0.026442307692307696
0 0.920673076923077 0.6646634615384616 0.15865384615384617 0.5745192307692308
0 0.8786057692307693 0.07932692307692309 0.24278846153846156 0.028846153846153848
0 0.858173076923077 0.10336538461538462 0.28365384615384615 0.028846153846153848
0 0.8485576923076924 0.12860576923076925 0.3028846153846154 0.026442307692307696
0 0.8365384615384616 0.15264423076923078 0.31730769230769235 0.026442307692307696
0 0.811298076923077 0.17908653846153846 0.3293269230769231 0.026442307692307696
0 0.7872596153846154 0.20192307692307693 0.3197115384615385 0.03365384615384616
0 0.7548076923076924 0.2295673076923077 0.3125 0.03125
0 0.7307692307692308 0.2536057692307692 0.3269230769230769 0.03125
0 0.7079326923076924 0.28125 0.3293269230769231 0.028846153846153848
0 0.6742788461538461 0.3028846153846154 0.3245192307692308 0.02403846153846154
0 0.6514423076923077 0.3293269230769231 0.3317307692307693 0.028846153846153848
0 0.6286057692307693 0.3545673076923077 0.3293269230769231 0.026442307692307696
0 0.59375 0.3786057692307693 0.3269230769230769 0.026442307692307696
0 0.578125 0.4050480769230769 0.3245192307692308 0.026442307692307696
0 0.5588942307692308 0.42668269230769235 0.31490384615384615 0.026442307692307696
0 0.5408653846153847 0.4519230769230769 0.28365384615384615 0.028846153846153848
0 0.5324519230769231 0.47716346153846156 0.2572115384615385 0.021634615384615384
0 0.5432692307692308 0.5060096153846154 0.19230769230769232 0.026442307692307696
0 0.5336538461538461 0.5276442307692308 0.13942307692307693 0.01682692307692308
0 0.530048076923077 0.5552884615384616 0.09855769230769232 0.019230769230769232
0 0.5348557692307693 0.5817307692307693 0.06009615384615385 0.019230769230769232
0 0.5865384615384616 0.06370192307692309 0.2980769230769231 0.026442307692307696
0 0.5492788461538461 0.09735576923076923 0.3004807692307693 0.026442307692307696
0 0.5192307692307693 0.12980769230769232 0.3125 0.02403846153846154
0 0.48197115384615385 0.16346153846153846 0.30528846153846156 0.02403846153846154
0 0.45432692307692313 0.19591346153846154 0.3028846153846154 0.026442307692307696
0 0.41586538461538464 0.2295673076923077 0.3028846153846154 0.026442307692307696
0 0.390625 0.2644230769230769 0.3004807692307693 0.02403846153846154
0 0.3713942307692308 0.2956730769230769 0.2620192307692308 0.02403846153846154
0 0.3629807692307693 0.3269230769230769 0.20673076923076925 0.028846153846153848
0 0.3653846153846154 0.359375 0.13942307692307693 0.021634615384615384
0 0.3653846153846154 0.3930288461538462 0.07692307692307693 0.021634615384615384
0 0.028846153846153848 0.5444711538461539 0.057692307692307696 0.17067307692307693
0 0.1201923076923077 0.7415865384615385 0.19230769230769232 0.19471153846153846
0 0.0625 0.8245192307692308 0.125 0.19711538461538464
0 0.013221153846153848 0.905048076923077 0.026442307692307696 0.18990384615384617
0 0.27043269230769235 0.9026442307692308 0.07451923076923077 0.03125
0 0.2644230769230769 0.9302884615384616 0.10576923076923078 0.04326923076923077
0 0.25841346153846156 0.953125 0.1514423076923077 0.05528846153846154
0 0.2451923076923077 0.9747596153846154 0.21153846153846156 0.05048076923076923
0 0.23798076923076925 0.984375 0.2644230769230769 0.03125
0 0.828125 0.8918269230769231 0.2043269230769231 0.21634615384615385
0 0.22235576923076925 0.9939903846153847 0.3245192307692308 0.01201923076923077
