0 0.2608173076923077 0.375 0.03605769230769231 0.02403846153846154
0 0.2764423076923077 0.3942307692307693 0.05288461538461539 0.028846153846153848
0 0.296875 0.41105769230769235 0.0889423076923077 0.03365384615384616
0 0.3088942307692308 0.4290865384615385 0.11298076923076923 0.040865384615384616
0 0.3137019230769231 0.4495192307692308 0.10817307692307693 0.038461538461538464
0 0.3161057692307693 0.4675480769230769 0.11298076923076923 0.03605769230769231
0 0.31730769230769235 0.48557692307692313 0.11057692307692309 0.03365384615384616
0 0.32091346153846156 0.5060096153846154 0.10817307692307693 0.03605769230769231
0 0.3269230769230769 0.5252403846153847 0.11538461538461539 0.03605769230769231
0 0.328125 0.5420673076923077 0.10817307692307693 0.03605769230769231
0 0.33052884615384615 0.561298076923077 0.10336538461538462 0.03605769230769231
0 0.3353365384615385 0.5817307692307693 0.11298076923076923 0.03365384615384616
0 0.3389423076923077 0.6033653846153847 0.11057692307692309 0.03365384615384616
0 0.34615384615384615 0.6466346153846154 0.11057692307692309 0.03365384615384616
0 0.35216346153846156 0.6875 0.10336538461538462 0.038461538461538464
0 0.3449519230769231 0.7295673076923077 0.06971153846153846 0.03125
0 0.951923076923077 0.936298076923077 0.038461538461538464 0.040865384615384616
0 0.9194711538461539 0.9699519230769231 0.026442307692307696 0.026442307692307696
