0 0.530048076923077 0.6622596153846154 0.07932692307692309 0.08413461538461539
0 0.5480769230769231 0.717548076923077 0.07211538461538462 0.07451923076923077
0 0.5697115384615385 0.7752403846153847 0.07211538461538462 0.07932692307692309
0 0.5192307692307693 0.8004807692307693 0.07692307692307693 0.08653846153846154
0 0.4951923076923077 0.7403846153846154 0.08173076923076923 0.07692307692307693
0 0.4807692307692308 0.6802884615384616 0.0625 0.08653846153846154
0 0.2848557692307693 0.6947115384615385 0.04567307692307693 0.038461538461538464
0 0.23677884615384617 0.8137019230769231 0.06971153846153846 0.10336538461538462
0 0.27524038461538464 0.905048076923077 0.06971153846153846 0.09375
0 0.21033653846153846 0.875 0.13701923076923078 0.25
