0 0.3942307692307693 0.0889423076923077 0.25 0.1778846153846154
0 0.4411057692307693 0.41105769230769235 0.17067307692307693 0.19230769230769232
0 0.390625 0.43509615384615385 0.1514423076923077 0.17307692307692307
0 0.09254807692307693 0.6502403846153847 0.18509615384615385 0.6129807692307693
0 0.2247596153846154 0.7632211538461539 0.23317307692307693 0.21875
0 0.28365384615384615 0.8185096153846154 0.21634615384615385 0.19951923076923078
0 0.12259615384615385 0.9447115384615385 0.22115384615384617 0.11057692307692309
0 0.05288461538461539 0.9471153846153847 0.10576923076923078 0.10576923076923078
0 0.020432692307692308 0.8197115384615385 0.040865384615384616 0.02403846153846154
0 0.03485576923076923 0.8413461538461539 0.06971153846153846 0.03365384615384616
0 0.02764423076923077 0.8629807692307693 0.05528846153846154 0.028846153846153848
0 0.018028846153846156 0.8786057692307693 0.03605769230769231 0.03125
0 0.007211538461538462 0.8966346153846154 0.014423076923076924 0.028846153846153848
