0 0.6069711538461539 0.5084134615384616 0.2091346153846154 0.07932692307692309
0 0.35697115384615385 0.5372596153846154 0.18990384615384617 0.06490384615384616
0 0.3401442307692308 0.7632211538461539 0.1466346153846154 0.05528846153846154
0 0.4963942307692308 0.18028846153846154 0.03605769230769231 0.019230769230769232
0 0.25961538461538464 0.08173076923076923 0.038461538461538464 0.07692307692307693
0 0.21875 0.08533653846153846 0.038461538461538464 0.08413461538461539
0 0.4050480769230769 0.9915865384615385 0.3389423076923077 0.01682692307692308
0 0.8954326923076924 0.9627403846153847 0.14182692307692307 0.04567307692307693
0 0.8930288461538463 0.9903846153846154 0.14182692307692307 0.019230769230769232
0 0.8762019230769231 0.9543269230769231 0.23798076923076925 0.09134615384615385
