0 0.9471153846153847 0.08413461538461539 0.04807692307692308 0.028846153846153848
0 0.02403846153846154 0.11538461538461539 0.04807692307692308 0.057692307692307696
0 0.020432692307692308 0.3870192307692308 0.040865384615384616 0.05288461538461539
0 0.11298076923076923 0.4026442307692308 0.02403846153846154 0.06490384615384616
0 0.13942307692307693 0.4026442307692308 0.02403846153846154 0.06009615384615385
0 0.5817307692307693 0.5709134615384616 0.09615384615384616 0.05528846153846154
0 0.576923076923077 0.3858173076923077 0.03365384615384616 0.03605769230769231
0 0.8569711538461539 0.39543269230769235 0.06009615384615385 0.040865384615384616
0 0.8966346153846154 0.9819711538461539 0.09615384615384616 0.03605769230769231
0 0.20673076923076925 0.9795673076923077 0.019230769230769232 0.03605769230769231
