0 0.6262019230769231 0.18389423076923078 0.06009615384615385 0.05048076923076923
0 0.7259615384615385 0.13942307692307693 0.13461538461538464 0.125
0 0.515625 0.28605769230769235 0.05048076923076923 0.05288461538461539
1 0.47355769230769235 0.5985576923076923 0.038461538461538464 0.04807692307692308
0 0.2800480769230769 0.38461538461538464 0.03125 0.03365384615384616
0 0.28605769230769235 0.6947115384615385 0.09615384615384616 0.125
0 0.004807692307692308 0.7391826923076924 0.009615384615384616 0.05048076923076923
0 0.1670673076923077 0.8161057692307693 0.03125 0.021634615384615384
0 0.040865384615384616 0.9411057692307693 0.0625 0.05528846153846154
0 0.015625 0.9711538461538463 0.03125 0.057692307692307696
