0 0.9170673076923077 0.03966346153846154 0.12259615384615385 0.07932692307692309
0 0.7091346153846154 0.33052884615384615 0.02403846153846154 0.026442307692307696
0 0.6165865384615385 0.4987980769230769 0.03605769230769231 0.040865384615384616
0 0.6646634615384616 0.5348557692307693 0.03605769230769231 0.040865384615384616
0 0.7295673076923077 0.5805288461538461 0.0889423076923077 0.09855769230769232
0 0.7692307692307693 0.6334134615384616 0.08653846153846154 0.0889423076923077
0 0.33653846153846156 0.078125 0.04807692307692308 0.03125
0 0.38461538461538464 0.08653846153846154 0.04807692307692308 0.04326923076923077
0 0.421875 0.10817307692307693 0.04567307692307693 0.04807692307692308
0 0.22836538461538464 0.24759615384615385 0.0625 0.07211538461538462
0 0.2776442307692308 0.2728365384615385 0.026442307692307696 0.03125
0 0.3774038461538462 0.3137019230769231 0.06730769230769232 0.07451923076923077
0 0.41466346153846156 0.3425480769230769 0.03125 0.03605769230769231
