0 0.11899038461538462 0.8088942307692308 0.040865384615384616 0.03125
0 0.20192307692307693 0.8413461538461539 0.028846153846153848 0.02403846153846154
0 0.19230769230769232 0.8689903846153847 0.028846153846153848 0.026442307692307696
0 0.33653846153846156 0.3942307692307693 0.09615384615384616 0.08173076923076923
0 0.3858173076923077 0.4711538461538462 0.08413461538461539 0.07692307692307693
0 0.5673076923076923 0.5192307692307693 0.057692307692307696 0.05288461538461539
0 0.5204326923076923 0.4951923076923077 0.05048076923076923 0.04807692307692308
0 0.5733173076923077 0.5637019230769231 0.05528846153846154 0.05528846153846154
0 0.9651442307692308 0.6646634615384616 0.06971153846153846 0.06490384615384616
0 0.8569711538461539 0.8365384615384616 0.13701923076923078 0.057692307692307696
