0 0.03125 0.1310096153846154 0.0625 0.1466346153846154
0 0.9038461538461539 0.025240384615384616 0.19230769230769232 0.05048076923076923
0 0.3617788461538462 0.23677884615384617 0.03125 0.03125
0 0.27403846153846156 0.25961538461538464 0.07211538461538462 0.06730769230769232
0 0.3040865384615385 0.2764423076923077 0.06490384615384616 0.07211538461538462
0 0.9927884615384616 0.9002403846153847 0.014423076923076924 0.04567307692307693
0 0.8653846153846154 0.9194711538461539 0.1201923076923077 0.11298076923076923
0 0.9314903846153847 0.6382211538461539 0.13701923076923078 0.18990384615384617
0 0.8161057692307693 0.5841346153846154 0.06009615384615385 0.10096153846153846
0 0.78125 0.6454326923076923 0.08653846153846154 0.06971153846153846
0 0.7319711538461539 0.7620192307692308 0.09375 0.07211538461538462
0 0.7908653846153847 0.8389423076923077 0.07211538461538462 0.08173076923076923
0 0.5901442307692308 0.9603365384615385 0.07451923076923077 0.06490384615384616
0 0.6189903846153847 0.921875 0.07932692307692309 0.07932692307692309
0 0.6454326923076923 0.8774038461538463 0.06490384615384616 0.057692307692307696
0 0.5721153846153847 0.4555288461538462 0.09615384615384616 0.09375
0 0.671875 0.359375 0.16105769230769232 0.16105769230769232
0 0.3161057692307693 0.4254807692307693 0.16105769230769232 0.15384615384615385
