0 0.125 0.5805288461538461 0.10096153846153846 0.05048076923076923
0 0.06971153846153846 0.828125 0.04807692307692308 0.021634615384615384
0 0.34375 0.5588942307692308 0.04326923076923077 0.05048076923076923
0 0.5240384615384616 0.5552884615384616 0.03365384615384616 0.05288461538461539
0 0.6009615384615385 0.545673076923077 0.03365384615384616 0.057692307692307696
0 0.296875 0.8245192307692308 0.08413461538461539 0.04807692307692308
0 0.3389423076923077 0.8545673076923077 0.03365384615384616 0.06009615384615385
0 0.3762019230769231 0.8545673076923077 0.03125 0.06009615384615385
0 0.5961538461538461 0.9783653846153847 0.028846153846153848 0.019230769230769232
0 0.4026442307692308 0.545673076923077 0.040865384615384616 0.03365384615384616
