0 0.0625 0.4963942307692308 0.125 0.13701923076923078
0 0.15264423076923078 0.4326923076923077 0.13221153846153846 0.13461538461538464
0 0.25 0.3774038461538462 0.125 0.13461538461538464
0 0.3353365384615385 0.3197115384615385 0.10817307692307693 0.12980769230769232
0 0.6045673076923077 0.3076923076923077 0.06971153846153846 0.09134615384615385
0 0.5841346153846154 0.3233173076923077 0.07692307692307693 0.09375
0 0.5120192307692308 0.36418269230769235 0.07211538461538462 0.09855769230769232
0 0.4903846153846154 0.3810096153846154 0.08173076923076923 0.0889423076923077
0 0.4206730769230769 0.4206730769230769 0.07211538461538462 0.10096153846153846
0 0.390625 0.4435096153846154 0.0889423076923077 0.09855769230769232
0 0.36418269230769235 0.46274038461538464 0.07451923076923077 0.09375
0 0.2932692307692308 0.5036057692307693 0.07692307692307693 0.09855769230769232
0 0.27043269230769235 0.5216346153846154 0.07451923076923077 0.09134615384615385
0 0.1983173076923077 0.5649038461538461 0.07451923076923077 0.09134615384615385
0 0.17427884615384617 0.5805288461538461 0.08413461538461539 0.09855769230769232
0 0.24639423076923078 0.6971153846153847 0.09855769230769232 0.12980769230769232
0 0.2776442307692308 0.6778846153846154 0.10817307692307693 0.13461538461538464
0 0.3341346153846154 0.640625 0.11057692307692309 0.13221153846153846
0 0.36899038461538464 0.6165865384615385 0.10817307692307693 0.12740384615384617
0 0.42668269230769235 0.5817307692307693 0.11298076923076923 0.13461538461538464
0 0.4651442307692308 0.5600961538461539 0.10817307692307693 0.13461538461538464
0 0.4963942307692308 0.5336538461538461 0.10336538461538462 0.13461538461538464
0 0.5588942307692308 0.4987980769230769 0.10817307692307693 0.13221153846153846
0 0.5901442307692308 0.4759615384615385 0.10817307692307693 0.12980769230769232
0 0.6466346153846154 0.44230769230769235 0.10576923076923078 0.13461538461538464
0 0.6766826923076923 0.4206730769230769 0.09855769230769232 0.125
0 0.7007211538461539 0.5480769230769231 0.06009615384615385 0.08173076923076923
0 0.655048076923077 0.5745192307692308 0.08413461538461539 0.09615384615384616
0 0.6225961538461539 0.5961538461538461 0.08653846153846154 0.09615384615384616
0 0.5625 0.6358173076923077 0.08653846153846154 0.0889423076923077
0 0.5288461538461539 0.65625 0.08173076923076923 0.09615384615384616
0 0.49278846153846156 0.6754807692307693 0.07692307692307693 0.09134615384615385
0 0.43149038461538464 0.717548076923077 0.07932692307692309 0.0889423076923077
0 0.39903846153846156 0.7379807692307693 0.07692307692307693 0.09615384615384616
0 0.34134615384615385 0.7752403846153847 0.07692307692307693 0.09375
0 0.31009615384615385 0.796875 0.07692307692307693 0.0889423076923077
0 0.038461538461538464 0.7692307692307693 0.07692307692307693 0.42307692307692313
0 0.09254807692307693 0.7307692307692308 0.18509615384615385 0.4278846153846154
