0 0.9423076923076924 0.5120192307692308 0.05288461538461539 0.04326923076923077
0 0.6262019230769231 0.8076923076923077 0.03605769230769231 0.02403846153846154
0 0.671875 0.1358173076923077 0.11778846153846155 0.09375
0 0.5024038461538461 0.013221153846153848 0.1201923076923077 0.026442307692307696
0 0.328125 0.3353365384615385 0.05528846153846154 0.05048076923076923
0 0.28605769230769235 0.30649038461538464 0.057692307692307696 0.08413461538461539
2 0.2800480769230769 0.44230769230769235 0.07932692307692309 0.08173076923076923
0 0.11298076923076923 0.06610576923076923 0.038461538461538464 0.040865384615384616
0 0.08052884615384616 0.09975961538461539 0.026442307692307696 0.026442307692307696
0 0.15264423076923078 0.45432692307692313 0.0889423076923077 0.08173076923076923
