0 0.265625 0.1514423076923077 0.15625 0.057692307692307696
0 0.48197115384615385 0.15264423076923078 0.13221153846153846 0.06971153846153846
0 0.9795673076923077 0.6911057692307693 0.040865384615384616 0.06009615384615385
0 0.9230769230769231 0.6935096153846154 0.06730769230769232 0.06971153846153846
0 0.4603365384615385 0.38461538461538464 0.04567307692307693 0.04326923076923077
0 0.4675480769230769 0.3317307692307693 0.04567307692307693 0.0625
0 0.421875 0.34615384615384615 0.05048076923076923 0.10096153846153846
0 0.1466346153846154 0.8329326923076924 0.038461538461538464 0.026442307692307696
0 0.07932692307692309 0.8209134615384616 0.03365384615384616 0.021634615384615384
0 0.9423076923076924 0.4651442307692308 0.11538461538461539 0.06490384615384616
