0 0.8918269230769231 0.006009615384615385 0.21634615384615385 0.01201923076923077
0 0.8846153846153847 0.020432692307692308 0.23076923076923078 0.026442307692307696
0 0.8834134615384616 0.04567307692307693 0.23317307692307693 0.028846153846153848
0 0.8858173076923077 0.07091346153846154 0.22836538461538464 0.021634615384615384
0 0.9074519230769231 0.09975961538461539 0.18509615384615385 0.026442307692307696
0 0.9014423076923077 0.12139423076923078 0.13942307692307693 0.01682692307692308
0 0.8978365384615385 0.14903846153846154 0.09855769230769232 0.019230769230769232
0 0.9026442307692308 0.17548076923076925 0.06009615384615385 0.019230769230769232
0 0.3401442307692308 0.13822115384615385 0.17067307692307693 0.17067307692307693
0 0.4879807692307693 0.3353365384615385 0.19230769230769232 0.19471153846153846
0 0.3978365384615385 0.4182692307692308 0.18990384615384617 0.19711538461538464
0 0.2956730769230769 0.5 0.19711538461538464 0.19230769230769232
0 0.6382211538461539 0.4963942307692308 0.07451923076923077 0.03125
0 0.6322115384615385 0.5240384615384616 0.10576923076923078 0.04326923076923077
0 0.6262019230769231 0.546875 0.1514423076923077 0.05528846153846154
0 0.6129807692307693 0.5745192307692308 0.21153846153846156 0.0625
0 0.6057692307692308 0.5997596153846154 0.2644230769230769 0.07451923076923077
0 0.02764423076923077 0.6959134615384616 0.05528846153846154 0.41586538461538464
0 0.19951923076923078 0.5805288461538461 0.19711538461538464 0.19951923076923078
0 0.10697115384615385 0.6646634615384616 0.18990384615384617 0.19471153846153846
0 0.5901442307692308 0.6286057692307693 0.3245192307692308 0.09375
0 0.59375 0.6490384615384616 0.3509615384615385 0.09134615384615385
0 0.6490384615384616 0.6634615384615385 0.2692307692307693 0.07692307692307693
0 0.65625 0.6826923076923077 0.2884615384615385 0.08653846153846154
0 0.5889423076923077 0.71875 0.25 0.07211538461538462
0 0.6622596153846154 0.75 0.2956730769230769 0.08173076923076923
0 0.6382211538461539 0.7776442307692308 0.24759615384615385 0.07451923076923077
0 0.6286057692307693 0.8016826923076924 0.18028846153846154 0.05528846153846154
0 0.6141826923076923 0.826923076923077 0.12740384615384617 0.04326923076923077
0 0.7896634615384616 0.858173076923077 0.3245192307692308 0.08653846153846154
0 0.796875 0.8822115384615385 0.35336538461538464 0.09615384615384616
0 0.811298076923077 0.9014423076923077 0.34855769230769235 0.09134615384615385
0 0.826923076923077 0.921875 0.34615384615384615 0.0889423076923077
0 0.8353365384615385 0.9399038461538463 0.3293269230769231 0.09134615384615385
0 0.842548076923077 0.9555288461538463 0.31490384615384615 0.0889423076923077
0 0.8569711538461539 0.9711538461538463 0.28605769230769235 0.057692307692307696
0 0.8509615384615385 0.984375 0.2451923076923077 0.03125
