0 0.8401442307692308 0.9771634615384616 0.14182692307692307 0.04567307692307693
0 0.9507211538461539 0.9002403846153847 0.08413461538461539 0.10336538461538462
0 0.8725961538461539 0.7584134615384616 0.11057692307692309 0.10336538461538462
0 0.8317307692307693 0.7319711538461539 0.038461538461538464 0.040865384615384616
0 0.8533653846153847 0.7139423076923077 0.038461538461538464 0.03365384615384616
0 0.875 0.7007211538461539 0.03365384615384616 0.03605769230769231
0 0.7524038461538461 0.8449519230769231 0.14423076923076925 0.12740384615384617
0 0.6754807692307693 0.8341346153846154 0.04807692307692308 0.04807692307692308
0 0.6959134615384616 0.8173076923076924 0.04567307692307693 0.04326923076923077
0 0.717548076923077 0.8004807692307693 0.04567307692307693 0.05288461538461539
0 0.7391826923076924 0.7836538461538461 0.04567307692307693 0.04326923076923077
0 0.7596153846153847 0.7692307692307693 0.05288461538461539 0.038461538461538464
0 0.5432692307692308 0.7211538461538461 0.07211538461538462 0.0625
0 0.5817307692307693 0.6754807692307693 0.11057692307692309 0.10576923076923078
0 0.6382211538461539 0.608173076923077 0.10336538461538462 0.10096153846153846
0 0.6971153846153847 0.546875 0.10576923076923078 0.10817307692307693
0 0.6634615384615385 0.46875 0.06730769230769232 0.05288461538461539
0 0.6442307692307693 0.49278846153846156 0.057692307692307696 0.05288461538461539
0 0.625 0.5120192307692308 0.06730769230769232 0.05288461538461539
0 0.6117788461538461 0.5348557692307693 0.06009615384615385 0.05048076923076923
0 0.5889423076923077 0.5540865384615385 0.057692307692307696 0.05048076923076923
0 0.5733173076923077 0.5757211538461539 0.06971153846153846 0.06009615384615385
0 0.5552884615384616 0.5985576923076923 0.05288461538461539 0.04807692307692308
0 0.5420673076923077 0.6201923076923077 0.06009615384615385 0.04326923076923077
0 0.5264423076923077 0.639423076923077 0.057692307692307696 0.04807692307692308
0 0.5048076923076923 0.6634615384615385 0.05288461538461539 0.04326923076923077
0 0.4879807692307693 0.686298076923077 0.05288461538461539 0.04567307692307693
0 0.34134615384615385 0.7055288461538461 0.1201923076923077 0.11298076923076923
0 0.4435096153846154 0.4242788461538462 0.2091346153846154 0.18990384615384617
0 0.2920673076923077 0.3701923076923077 0.06009615384615385 0.10096153846153846
0 0.2572115384615385 0.43149038461538464 0.08653846153846154 0.06971153846153846
0 0.20793269230769232 0.5480769230769231 0.09375 0.07211538461538462
0 0.2668269230769231 0.625 0.07211538461538462 0.08173076923076923
0 0.06610576923076923 0.7463942307692308 0.07451923076923077 0.06490384615384616
0 0.09495192307692309 0.7079326923076924 0.07932692307692309 0.07932692307692309
0 0.12139423076923078 0.6634615384615385 0.06490384615384616 0.057692307692307696
0 0.04807692307692308 0.24158653846153846 0.09615384615384616 0.09375
0 0.14783653846153846 0.14543269230769232 0.16105769230769232 0.16105769230769232
