2 0.17307692307692307 0.11778846153846155 0.038461538461538464 0.038461538461538464
0 0.22596153846153846 0.3918269230769231 0.11538461538461539 0.14423076923076925
0 0.05288461538461539 0.25240384615384615 0.028846153846153848 0.03365384615384616
0 0.3004807692307693 0.46274038461538464 0.07211538461538462 0.021634615384615384
0 0.30649038461538464 0.4759615384615385 0.0889423076923077 0.02403846153846154
0 0.3185096153846154 0.4867788461538462 0.07932692307692309 0.021634615384615384
0 0.3269230769230769 0.5072115384615384 0.05288461538461539 0.019230769230769232
0 0.5024038461538461 0.5264423076923077 0.038461538461538464 0.03365384615384616
0 0.5204326923076923 0.3233173076923077 0.13221153846153846 0.11298076923076923
0 0.7079326923076924 0.3966346153846154 0.026442307692307696 0.03365384615384616
0 0.8786057692307693 0.4206730769230769 0.08413461538461539 0.10096153846153846
0 0.6286057692307693 0.7319711538461539 0.06490384615384616 0.06490384615384616
0 0.5877403846153847 0.6959134615384616 0.06971153846153846 0.06490384615384616
0 0.5060096153846154 0.701923076923077 0.06490384615384616 0.08173076923076923
0 0.2043269230769231 0.7836538461538461 0.0625 0.05288461538461539
0 0.109375 0.8617788461538463 0.21875 0.17548076923076925
0 0.46274038461538464 0.8858173076923077 0.040865384615384616 0.03605769230769231
