0 0.6322115384615385 0.00841346153846154 0.07211538461538462 0.01682692307692308
0 0.8533653846153847 0.009615384615384616 0.2932692307692308 0.019230769230769232
0 0.8461538461538463 0.03605769230769231 0.2980769230769231 0.028846153846153848
0 0.8317307692307693 0.06129807692307693 0.28365384615384615 0.026442307692307696
0 0.8173076923076924 0.08293269230769232 0.2451923076923077 0.026442307692307696
0 0.8245192307692308 0.11177884615384616 0.19230769230769232 0.021634615384615384
0 0.8209134615384616 0.13461538461538464 0.16105769230769232 0.019230769230769232
0 0.8185096153846154 0.1622596153846154 0.08413461538461539 0.021634615384615384
0 0.4723557692307693 0.01201923076923077 0.2091346153846154 0.02403846153846154
0 0.4675480769230769 0.04447115384615385 0.28605769230769235 0.026442307692307696
0 0.43870192307692313 0.07932692307692309 0.29086538461538464 0.02403846153846154
0 0.4026442307692308 0.109375 0.3004807692307693 0.021634615384615384
0 0.6286057692307693 0.11298076923076923 0.10336538461538462 0.02403846153846154
0 0.623798076923077 0.14543269230769232 0.13701923076923078 0.021634615384615384
0 0.6274038461538461 0.1670673076923077 0.19230769230769232 0.021634615384615384
0 0.6274038461538461 0.19110576923076925 0.22596153846153846 0.026442307692307696
0 0.6225961538461539 0.21875 0.2884615384615385 0.028846153846153848
0 0.6105769230769231 0.24399038461538464 0.32211538461538464 0.03125
0 0.5889423076923077 0.2668269230769231 0.32211538461538464 0.02403846153846154
0 0.3665865384615385 0.13942307692307693 0.30528846153846156 0.019230769230769232
0 0.33774038461538464 0.17668269230769232 0.31009615384615385 0.026442307692307696
0 0.3040865384615385 0.2091346153846154 0.2956730769230769 0.028846153846153848
0 0.27403846153846156 0.24278846153846156 0.3028846153846154 0.02403846153846154
0 0.23918269230769232 0.2716346153846154 0.30528846153846156 0.02403846153846154
0 0.2043269230769231 0.30528846153846156 0.3028846153846154 0.02403846153846154
0 0.171875 0.33774038461538464 0.3004807692307693 0.026442307692307696
0 0.14423076923076925 0.37259615384615385 0.2884615384615385 0.02403846153846154
0 0.5829326923076923 0.2956730769230769 0.3004807692307693 0.02403846153846154
0 0.5348557692307693 0.3185096153846154 0.3293269230769231 0.026442307692307696
0 0.5108173076923077 0.34375 0.3197115384615385 0.02403846153846154
0 0.4807692307692308 0.3665865384615385 0.33653846153846156 0.026442307692307696
0 0.45432692307692313 0.3930288461538462 0.34134615384615385 0.026442307692307696
0 0.8954326923076924 0.4278846153846154 0.2043269230769231 0.21634615384615385
0 0.8762019230769231 0.4435096153846154 0.2043269230769231 0.2139423076923077
0 0.8605769230769231 0.4603365384615385 0.20192307692307693 0.2139423076923077
0 0.8413461538461539 0.4747596153846154 0.21153846153846156 0.2091346153846154
0 0.828125 0.49399038461538464 0.2139423076923077 0.2139423076923077
0 0.6778846153846154 0.858173076923077 0.6442307692307693 0.28365384615384615
0 0.4290865384615385 0.4182692307692308 0.31490384615384615 0.028846153846153848
0 0.39903846153846156 0.44230769230769235 0.33653846153846156 0.028846153846153848
0 0.3786057692307693 0.4675480769230769 0.3341346153846154 0.026442307692307696
0 0.3509615384615385 0.4915865384615385 0.31730769230769235 0.026442307692307696
0 0.32572115384615385 0.5180288461538461 0.3293269230769231 0.026442307692307696
0 0.30168269230769235 0.5408653846153847 0.3197115384615385 0.03365384615384616
0 0.2692307692307693 0.5685096153846154 0.3125 0.03125
0 0.2451923076923077 0.592548076923077 0.3269230769230769 0.03125
0 0.22235576923076925 0.6201923076923077 0.3293269230769231 0.028846153846153848
0 0.1887019230769231 0.6418269230769231 0.3245192307692308 0.02403846153846154
0 0.16586538461538464 0.6682692307692308 0.3317307692307693 0.028846153846153848
0 0.15384615384615385 0.6935096153846154 0.3076923076923077 0.026442307692307696
0 0.1358173076923077 0.717548076923077 0.2716346153846154 0.026442307692307696
0 0.12740384615384617 0.7439903846153847 0.25480769230769235 0.026442307692307696
0 0.11538461538461539 0.765625 0.23076923076923078 0.026442307692307696
0 0.09855769230769232 0.7908653846153847 0.19711538461538464 0.028846153846153848
0 0.08774038461538462 0.8161057692307693 0.17548076923076925 0.021634615384615384
0 0.07692307692307693 0.8449519230769231 0.15384615384615385 0.026442307692307696
0 0.058894230769230775 0.8665865384615385 0.11778846153846155 0.01682692307692308
0 0.046875 0.8942307692307693 0.09375 0.019230769230769232
0 0.04927884615384616 0.920673076923077 0.06009615384615385 0.019230769230769232
0 0.125 0.4026442307692308 0.25 0.026442307692307696
0 0.10697115384615385 0.4362980769230769 0.2139423076923077 0.026442307692307696
0 0.09495192307692309 0.46875 0.18990384615384617 0.02403846153846154
0 0.07451923076923077 0.5024038461538461 0.14903846153846154 0.02403846153846154
0 0.06009615384615385 0.5348557692307693 0.1201923076923077 0.026442307692307696
0 0.040865384615384616 0.5685096153846154 0.08173076923076923 0.026442307692307696
0 0.02764423076923077 0.6033653846153847 0.05528846153846154 0.02403846153846154
