0 0.43509615384615385 0.002403846153846154 0.07211538461538462 0.004807692307692308
0 0.6646634615384616 0.003605769230769231 0.31009615384615385 0.007211538461538462
0 0.6490384615384616 0.02403846153846154 0.2980769230769231 0.028846153846153848
0 0.6346153846153847 0.04927884615384616 0.28365384615384615 0.026442307692307696
0 0.6201923076923077 0.07091346153846154 0.2451923076923077 0.026442307692307696
0 0.6274038461538461 0.09975961538461539 0.19230769230769232 0.021634615384615384
0 0.623798076923077 0.12259615384615385 0.16105769230769232 0.019230769230769232
0 0.6213942307692308 0.15024038461538464 0.08413461538461539 0.021634615384615384
0 0.27524038461538464 0.006009615384615385 0.2091346153846154 0.01201923076923077
0 0.27043269230769235 0.03245192307692308 0.28605769230769235 0.026442307692307696
0 0.24158653846153846 0.06730769230769232 0.29086538461538464 0.02403846153846154
0 0.20552884615384617 0.09735576923076923 0.3004807692307693 0.021634615384615384
0 0.43149038461538464 0.10096153846153846 0.10336538461538462 0.02403846153846154
0 0.42668269230769235 0.13341346153846154 0.13701923076923078 0.021634615384615384
0 0.43028846153846156 0.15504807692307693 0.19230769230769232 0.021634615384615384
0 0.43028846153846156 0.17908653846153846 0.22596153846153846 0.026442307692307696
0 0.4254807692307693 0.20673076923076925 0.2884615384615385 0.028846153846153848
0 0.4134615384615385 0.23197115384615385 0.32211538461538464 0.03125
0 0.3918269230769231 0.25480769230769235 0.32211538461538464 0.02403846153846154
0 0.16947115384615385 0.12740384615384617 0.30528846153846156 0.019230769230769232
0 0.14783653846153846 0.16466346153846154 0.2956730769230769 0.026442307692307696
0 0.12740384615384617 0.19711538461538464 0.25480769230769235 0.028846153846153848
0 0.11418269230769232 0.23076923076923078 0.22836538461538464 0.02403846153846154
0 0.09735576923076923 0.25961538461538464 0.19471153846153846 0.02403846153846154
0 0.07932692307692309 0.2932692307692308 0.15865384615384617 0.02403846153846154
0 0.0625 0.32572115384615385 0.125 0.026442307692307696
0 0.04567307692307693 0.3605769230769231 0.09134615384615385 0.02403846153846154
0 0.3858173076923077 0.28365384615384615 0.3004807692307693 0.02403846153846154
0 0.33774038461538464 0.30649038461538464 0.3293269230769231 0.026442307692307696
0 0.3137019230769231 0.3317307692307693 0.3197115384615385 0.02403846153846154
0 0.28365384615384615 0.3545673076923077 0.33653846153846156 0.026442307692307696
0 0.2572115384615385 0.3810096153846154 0.34134615384615385 0.026442307692307696
0 0.6983173076923077 0.41586538461538464 0.2043269230769231 0.21634615384615385
0 0.6790865384615385 0.43149038461538464 0.2043269230769231 0.2139423076923077
0 0.6634615384615385 0.4483173076923077 0.20192307692307693 0.2139423076923077
0 0.6442307692307693 0.46274038461538464 0.21153846153846156 0.2091346153846154
0 0.6310096153846154 0.48197115384615385 0.2139423076923077 0.2139423076923077
0 0.4807692307692308 0.8521634615384616 0.6442307692307693 0.2956730769230769
0 0.23197115384615385 0.40625 0.31490384615384615 0.028846153846153848
0 0.20192307692307693 0.43028846153846156 0.33653846153846156 0.028846153846153848
0 0.18149038461538464 0.4555288461538462 0.3341346153846154 0.026442307692307696
0 0.15625 0.4795673076923077 0.3125 0.026442307692307696
0 0.1466346153846154 0.5060096153846154 0.2932692307692308 0.026442307692307696
0 0.13221153846153846 0.5288461538461539 0.2644230769230769 0.03365384615384616
0 0.11418269230769232 0.5564903846153847 0.22836538461538464 0.03125
0 0.10576923076923078 0.5805288461538461 0.21153846153846156 0.03125
0 0.09495192307692309 0.608173076923077 0.18990384615384617 0.028846153846153848
0 0.07692307692307693 0.6298076923076923 0.15384615384615385 0.02403846153846154
0 0.06730769230769232 0.65625 0.13461538461538464 0.028846153846153848
0 0.05528846153846154 0.6814903846153847 0.11057692307692309 0.026442307692307696
0 0.037259615384615384 0.7055288461538461 0.07451923076923077 0.026442307692307696
0 0.028846153846153848 0.7319711538461539 0.057692307692307696 0.026442307692307696
0 0.01682692307692308 0.7536057692307693 0.03365384615384616 0.026442307692307696
0 0.026442307692307696 0.390625 0.05288461538461539 0.026442307692307696
