0 0.4651442307692308 0.43870192307692313 0.15625 0.13701923076923078
0 0.359375 0.4795673076923077 0.10336538461538462 0.10817307692307693
0 0.5060096153846154 0.5216346153846154 0.1514423076923077 0.12980769230769232
0 0.5372596153846154 0.6177884615384616 0.11778846153846155 0.12980769230769232
0 0.6141826923076923 0.6213942307692308 0.10817307692307693 0.11298076923076923
0 0.6442307692307693 0.6911057692307693 0.11538461538461539 0.10336538461538462
0 0.40384615384615385 0.5697115384615385 0.09615384615384616 0.1201923076923077
0 0.44230769230769235 0.6610576923076923 0.09134615384615385 0.11057692307692309
0 0.5600961538461539 0.7127403846153847 0.11057692307692309 0.11298076923076923
0 0.5877403846153847 0.7884615384615385 0.09855769230769232 0.10096153846153846
0 0.6286057692307693 0.8665865384615385 0.09375 0.09855769230769232
0 0.3161057692307693 0.5745192307692308 0.10817307692307693 0.12980769230769232
0 0.2572115384615385 0.6021634615384616 0.07692307692307693 0.12259615384615385
0 0.29086538461538464 0.7151442307692308 0.09615384615384616 0.13221153846153846
0 0.3701923076923077 0.6838942307692308 0.10096153846153846 0.13221153846153846
0 0.4867788461538462 0.7451923076923077 0.09855769230769232 0.10576923076923078
0 0.4086538461538462 0.7776442307692308 0.09615384615384616 0.10336538461538462
0 0.515625 0.8245192307692308 0.08413461538461539 0.10576923076923078
0 0.44230769230769235 0.8485576923076924 0.08653846153846154 0.08653846153846154
0 0.3341346153846154 0.8100961538461539 0.09134615384615385 0.10576923076923078
0 0.2139423076923077 0.7211538461538461 0.09615384615384616 0.08653846153846154
0 0.2295673076923077 0.7728365384615385 0.0889423076923077 0.08413461538461539
0 0.13822115384615385 0.75 0.0889423076923077 0.08173076923076923
0 0.1622596153846154 0.8100961538461539 0.0889423076923077 0.08173076923076923
0 0.25961538461538464 0.8449519230769231 0.10096153846153846 0.10817307692307693
0 0.18629807692307693 0.8725961538461539 0.09375 0.10576923076923078
0 0.3653846153846154 0.8930288461538463 0.08653846153846154 0.08413461538461539
0 0.109375 0.9038461538461539 0.10336538461538462 0.10576923076923078
0 0.5444711538461539 0.8990384615384616 0.08413461538461539 0.09615384615384616
0 0.6598557692307693 0.9423076923076924 0.10336538461538462 0.11538461538461539
0 0.5829326923076923 0.9639423076923077 0.09855769230769232 0.07211538461538462
0 0.4759615384615385 0.9302884615384616 0.08653846153846154 0.09615384615384616
0 0.5084134615384616 0.9759615384615385 0.10336538461538462 0.04807692307692308
0 0.4026442307692308 0.9591346153846154 0.09855769230769232 0.08173076923076923
0 0.4338942307692308 0.9915865384615385 0.09375 0.01682692307692308
0 0.2932692307692308 0.9182692307692308 0.09134615384615385 0.09134615384615385
0 0.3293269230769231 0.9735576923076924 0.08653846153846154 0.05288461538461539
0 0.2199519230769231 0.9495192307692308 0.0889423076923077 0.10096153846153846
0 0.25 0.9891826923076924 0.08173076923076923 0.021634615384615384
0 0.15024038461538464 0.967548076923077 0.08413461538461539 0.06490384615384616
0 0.040865384615384616 0.9387019230769231 0.08173076923076923 0.11298076923076923
0 0.06730769230769232 0.983173076923077 0.09134615384615385 0.03365384615384616
