0 0.23918269230769232 0.01201923076923077 0.1466346153846154 0.02403846153846154
0 0.171875 0.04927884615384616 0.14182692307692307 0.09855769230769232
0 0.7944711538461539 0.058894230769230775 0.17067307692307693 0.11778846153846155
0 0.7439903846153847 0.06610576923076923 0.1514423076923077 0.13221153846153846
0 0.10336538461538462 0.1045673076923077 0.13461538461538464 0.14182692307692307
0 0.2692307692307693 0.28365384615384615 0.5384615384615385 0.5673076923076923
0 0.578125 0.3737980769230769 0.23317307692307693 0.21875
0 0.6370192307692308 0.4290865384615385 0.21634615384615385 0.19951923076923078
0 0.4759615384615385 0.6105769230769231 0.22115384615384617 0.22115384615384617
0 0.3353365384615385 0.748798076923077 0.19951923076923078 0.19471153846153846
0 0.3185096153846154 0.639423076923077 0.28125 0.2692307692307693
0 0.31009615384615385 0.35697115384615385 0.04807692307692308 0.021634615384615384
0 0.30649038461538464 0.38822115384615385 0.09855769230769232 0.026442307692307696
0 0.28605769230769235 0.41466346153846156 0.1201923076923077 0.021634615384615384
0 0.25240384615384615 0.4447115384615385 0.1201923076923077 0.02403846153846154
0 0.19230769230769232 0.5048076923076923 0.125 0.02403846153846154
0 0.2247596153846154 0.47355769230769235 0.12259615384615385 0.02403846153846154
0 0.16586538461538464 0.5336538461538461 0.11538461538461539 0.02403846153846154
0 0.13461538461538464 0.5588942307692308 0.1201923076923077 0.021634615384615384
0 0.13221153846153846 0.5877403846153847 0.057692307692307696 0.021634615384615384
0 0.3665865384615385 0.43028846153846156 0.05528846153846154 0.02403846153846154
0 0.3713942307692308 0.4519230769230769 0.10336538461538462 0.03365384615384616
0 0.3581730769230769 0.47355769230769235 0.10096153846153846 0.028846153846153848
0 0.3353365384615385 0.48918269230769235 0.10817307692307693 0.03125
0 0.3125 0.5072115384615384 0.11057692307692309 0.028846153846153848
0 0.3004807692307693 0.5216346153846154 0.10576923076923078 0.03365384615384616
0 0.2824519230769231 0.5420673076923077 0.10817307692307693 0.03125
0 0.2644230769230769 0.5576923076923077 0.09615384615384616 0.028846153846153848
0 0.24879807692307693 0.578125 0.10817307692307693 0.026442307692307696
0 0.2247596153846154 0.5949519230769231 0.11298076923076923 0.03125
0 0.20192307692307693 0.6117788461538461 0.11057692307692309 0.026442307692307696
0 0.19110576923076925 0.6526442307692308 0.06490384615384616 0.021634615384615384
0 0.19110576923076925 0.6754807692307693 0.03605769230769231 0.019230769230769232
0 0.19110576923076925 0.6322115384615385 0.10336538461538462 0.028846153846153848
