0 0.15504807692307693 0.3605769230769231 0.15625 0.057692307692307696
0 0.3713942307692308 0.3617788461538462 0.13221153846153846 0.06971153846153846
0 0.9867788461538463 0.4879807692307693 0.026442307692307696 0.03365384615384616
0 0.8762019230769231 0.9002403846153847 0.05528846153846154 0.06009615384615385
0 0.8125 0.9026442307692308 0.06730769230769232 0.06971153846153846
0 0.3497596153846154 0.59375 0.04567307692307693 0.04326923076923077
0 0.35697115384615385 0.5408653846153847 0.04567307692307693 0.0625
0 0.3112980769230769 0.5552884615384616 0.05048076923076923 0.10096153846153846
0 0.29086538461538464 0.013221153846153848 0.028846153846153848 0.021634615384615384
0 0.5384615384615385 0.06129807692307693 0.038461538461538464 0.026442307692307696
0 0.8329326923076924 0.6742788461538461 0.11778846153846155 0.06490384615384616
