0 0.967548076923077 0.028846153846153848 0.06490384615384616 0.057692307692307696
0 0.9915865384615385 0.0889423076923077 0.01682692307692308 0.12980769230769232
0 0.9086538461538463 0.05048076923076923 0.09615384615384616 0.10096153846153846
0 0.9471153846153847 0.13221153846153846 0.09134615384615385 0.11057692307692309
0 0.8209134615384616 0.05528846153846154 0.10817307692307693 0.11057692307692309
0 0.7620192307692308 0.0733173076923077 0.07692307692307693 0.12259615384615385
0 0.795673076923077 0.18629807692307693 0.09615384615384616 0.13221153846153846
0 0.875 0.15504807692307693 0.10096153846153846 0.13221153846153846
0 0.9711538461538463 0.21634615384615385 0.057692307692307696 0.10576923076923078
0 0.9134615384615385 0.24879807692307693 0.09615384615384616 0.10336538461538462
0 0.9891826923076924 0.2956730769230769 0.021634615384615384 0.10576923076923078
0 0.9471153846153847 0.3197115384615385 0.08653846153846154 0.08653846153846154
0 0.8389423076923077 0.28125 0.09134615384615385 0.10576923076923078
0 0.71875 0.19230769230769232 0.09615384615384616 0.08653846153846154
0 0.734375 0.24399038461538464 0.0889423076923077 0.08413461538461539
0 0.6430288461538461 0.22115384615384617 0.0889423076923077 0.08173076923076923
0 0.6670673076923077 0.28125 0.0889423076923077 0.08173076923076923
0 0.764423076923077 0.3161057692307693 0.10096153846153846 0.10817307692307693
0 0.6911057692307693 0.34375 0.09375 0.10576923076923078
0 0.8701923076923077 0.36418269230769235 0.08653846153846154 0.08413461538461539
0 0.6141826923076923 0.375 0.10336538461538462 0.10576923076923078
0 0.96875 0.4014423076923077 0.0625 0.09615384615384616
0 0.9807692307692308 0.47716346153846156 0.038461538461538464 0.10817307692307693
0 0.9651442307692308 0.5901442307692308 0.06971153846153846 0.09375
0 0.9074519230769231 0.4338942307692308 0.09855769230769232 0.0889423076923077
0 0.9387019230769231 0.5060096153846154 0.09375 0.10336538461538462
0 0.7980769230769231 0.3894230769230769 0.09134615384615385 0.09134615384615385
0 0.8341346153846154 0.4639423076923077 0.08653846153846154 0.09134615384615385
0 0.8689903846153847 0.5420673076923077 0.09855769230769232 0.10817307692307693
0 0.7247596153846154 0.4206730769230769 0.0889423076923077 0.10096153846153846
0 0.7548076923076924 0.4987980769230769 0.08173076923076923 0.09855769230769232
0 0.7932692307692308 0.578125 0.10096153846153846 0.10336538461538462
0 0.655048076923077 0.4555288461538462 0.08413461538461539 0.09855769230769232
0 0.5372596153846154 0.4098557692307693 0.09855769230769232 0.11298076923076923
0 0.5721153846153847 0.4867788461538462 0.09134615384615385 0.09855769230769232
0 0.686298076923077 0.53125 0.08413461538461539 0.09615384615384616
0 0.7151442307692308 0.6105769230769231 0.10336538461538462 0.11057692307692309
0 0.6430288461538461 0.640625 0.10336538461538462 0.11778846153846155
0 0.6105769230769231 0.5673076923076923 0.10576923076923078 0.10576923076923078
0 0.7319711538461539 0.764423076923077 0.09855769230769232 0.13461538461538464
0 0.6850961538461539 0.7848557692307693 0.09615384615384616 0.13701923076923078
