0 0.4795673076923077 0.3040865384615385 0.15625 0.13701923076923078
0 0.3737980769230769 0.3449519230769231 0.10336538461538462 0.10817307692307693
0 0.5204326923076923 0.3870192307692308 0.1514423076923077 0.12980769230769232
0 0.5516826923076923 0.4831730769230769 0.11778846153846155 0.12980769230769232
0 0.6286057692307693 0.4867788461538462 0.10817307692307693 0.11298076923076923
0 0.6586538461538461 0.5564903846153847 0.11538461538461539 0.10336538461538462
0 0.4182692307692308 0.43509615384615385 0.09615384615384616 0.1201923076923077
0 0.4567307692307693 0.5264423076923077 0.09134615384615385 0.11057692307692309
0 0.5745192307692308 0.578125 0.11057692307692309 0.11298076923076923
0 0.6021634615384616 0.6538461538461539 0.09855769230769232 0.10096153846153846
0 0.6430288461538461 0.7319711538461539 0.09375 0.09855769230769232
0 0.33052884615384615 0.4399038461538462 0.10817307692307693 0.12980769230769232
0 0.2716346153846154 0.4675480769230769 0.07692307692307693 0.12259615384615385
0 0.30528846153846156 0.5805288461538461 0.09615384615384616 0.13221153846153846
0 0.38461538461538464 0.5492788461538461 0.10096153846153846 0.13221153846153846
0 0.5012019230769231 0.6105769230769231 0.09855769230769232 0.10576923076923078
0 0.42307692307692313 0.6430288461538461 0.09615384615384616 0.10336538461538462
0 0.530048076923077 0.6899038461538461 0.08413461538461539 0.10576923076923078
0 0.4567307692307693 0.7139423076923077 0.08653846153846154 0.08653846153846154
0 0.34855769230769235 0.6754807692307693 0.09134615384615385 0.10576923076923078
0 0.22836538461538464 0.5865384615384616 0.09615384615384616 0.08653846153846154
0 0.24399038461538464 0.6382211538461539 0.0889423076923077 0.08413461538461539
0 0.15264423076923078 0.6153846153846154 0.0889423076923077 0.08173076923076923
0 0.17668269230769232 0.6754807692307693 0.0889423076923077 0.08173076923076923
0 0.27403846153846156 0.7103365384615385 0.10096153846153846 0.10817307692307693
0 0.20072115384615385 0.7379807692307693 0.09375 0.10576923076923078
0 0.37980769230769235 0.7584134615384616 0.08653846153846154 0.08413461538461539
0 0.12379807692307693 0.7692307692307693 0.10336538461538462 0.10576923076923078
0 0.5588942307692308 0.764423076923077 0.08413461538461539 0.09615384615384616
0 0.6742788461538461 0.8076923076923077 0.10336538461538462 0.11538461538461539
0 0.5973557692307693 0.84375 0.09855769230769232 0.10096153846153846
0 0.4903846153846154 0.795673076923077 0.08653846153846154 0.09615384615384616
0 0.5228365384615384 0.8713942307692308 0.10336538461538462 0.10817307692307693
0 0.5540865384615385 0.9543269230769231 0.09375 0.09134615384615385
0 0.4879807692307693 0.96875 0.09615384615384616 0.0625
0 0.4170673076923077 0.828125 0.09855769230769232 0.0889423076923077
0 0.4483173076923077 0.9002403846153847 0.09375 0.10336538461538462
0 0.3076923076923077 0.7836538461538461 0.09134615384615385 0.09134615384615385
0 0.34375 0.858173076923077 0.08653846153846154 0.09134615384615385
0 0.3786057692307693 0.936298076923077 0.09855769230769232 0.10817307692307693
0 0.234375 0.8149038461538461 0.0889423076923077 0.10096153846153846
0 0.2644230769230769 0.8930288461538463 0.08173076923076923 0.09855769230769232
0 0.3028846153846154 0.9603365384615385 0.10096153846153846 0.07932692307692309
0 0.16466346153846154 0.8497596153846154 0.08413461538461539 0.09855769230769232
0 0.04807692307692308 0.8040865384615385 0.09615384615384616 0.11298076923076923
0 0.08173076923076923 0.8810096153846154 0.09134615384615385 0.09855769230769232
0 0.19591346153846154 0.9254807692307693 0.08413461538461539 0.09615384615384616
0 0.2247596153846154 0.9747596153846154 0.10336538461538462 0.05048076923076923
0 0.15264423076923078 0.9879807692307693 0.10336538461538462 0.02403846153846154
0 0.1201923076923077 0.9543269230769231 0.10576923076923078 0.09134615384615385
