0 0.842548076923077 0.11418269230769232 0.24278846153846156 0.22836538461538464
0 0.7211538461538461 0.09855769230769232 0.11538461538461539 0.11057692307692309
0 0.7860576923076924 0.04927884615384616 0.1201923076923077 0.09855769230769232
0 0.8521634615384616 0.021634615384615384 0.11778846153846155 0.04326923076923077
0 0.951923076923077 0.28365384615384615 0.09615384615384616 0.1201923076923077
0 0.7788461538461539 0.2872596153846154 0.07692307692307693 0.07932692307692309
0 0.7307692307692308 0.33653846153846156 0.07692307692307693 0.08173076923076923
0 0.6730769230769231 0.38341346153846156 0.08653846153846154 0.07932692307692309
0 0.6177884615384616 0.43149038461538464 0.08653846153846154 0.07932692307692309
0 0.9266826923076924 0.24399038461538464 0.12740384615384617 0.11778846153846155
