0 0.1935096153846154 0.38461538461538464 0.15625 0.057692307692307696
0 0.4098557692307693 0.3858173076923077 0.13221153846153846 0.06971153846153846
0 0.9146634615384616 0.9242788461538463 0.05528846153846154 0.06009615384615385
0 0.8509615384615385 0.9266826923076924 0.06730769230769232 0.06971153846153846
0 0.38822115384615385 0.6177884615384616 0.04567307692307693 0.04326923076923077
0 0.39543269230769235 0.5649038461538461 0.04567307692307693 0.0625
0 0.3497596153846154 0.5793269230769231 0.05048076923076923 0.10096153846153846
0 0.3293269230769231 0.037259615384615384 0.028846153846153848 0.021634615384615384
0 0.576923076923077 0.08533653846153846 0.038461538461538464 0.026442307692307696
0 0.8713942307692308 0.6983173076923077 0.11778846153846155 0.06490384615384616
