0 0.8161057692307693 0.03485576923076923 0.36778846153846156 0.06971153846153846
0 0.7764423076923077 0.09615384615384616 0.44711538461538464 0.07692307692307693
0 0.7307692307692308 0.16586538461538464 0.5384615384615385 0.08173076923076923
0 0.6850961538461539 0.234375 0.6298076923076923 0.08413461538461539
0 0.639423076923077 0.30528846153846156 0.7211538461538461 0.08173076923076923
0 0.6274038461538461 0.3762019230769231 0.7451923076923077 0.07932692307692309
0 0.6358173076923077 0.44711538461538464 0.7283653846153847 0.08173076923076923
0 0.6442307692307693 0.5240384615384616 0.7115384615384616 0.07692307692307693
0 0.6490384615384616 0.5841346153846154 0.701923076923077 0.07692307692307693
0 0.6586538461538461 0.65625 0.6826923076923077 0.07211538461538462
0 0.625 0.7211538461538461 0.576923076923077 0.07211538461538462
0 0.5901442307692308 0.7896634615384616 0.47355769230769235 0.06490384615384616
0 0.5564903846153847 0.8545673076923077 0.37259615384615385 0.05528846153846154
0 0.5216346153846154 0.9242788461538463 0.2644230769230769 0.05048076923076923
0 0.48557692307692313 0.9807692307692308 0.15865384615384617 0.038461538461538464
