0 0.4567307692307693 0.5444711538461539 0.057692307692307696 0.06009615384615385
0 0.655048076923077 0.515625 0.05048076923076923 0.05048076923076923
0 0.7427884615384616 0.5817307692307693 0.0625 0.057692307692307696
0 0.8329326923076924 0.6177884615384616 0.10336538461538462 0.09134615384615385
0 0.48918269230769235 0.6322115384615385 0.12259615384615385 0.11057692307692309
0 0.8978365384615385 0.8834134615384616 0.06490384615384616 0.06009615384615385
0 0.8569711538461539 0.920673076923077 0.06971153846153846 0.04807692307692308
0 0.811298076923077 0.9699519230769231 0.05528846153846154 0.05048076923076923
0 0.004807692307692308 0.515625 0.009615384615384616 0.026442307692307696
0 0.2884615384615385 0.8040865384615385 0.057692307692307696 0.07451923076923077
0 0.22596153846153846 0.842548076923077 0.05288461538461539 0.06490384615384616
0 0.06009615384615385 0.9507211538461539 0.0625 0.05528846153846154
