0 0.859375 0.019230769230769232 0.06971153846153846 0.038461538461538464
0 0.026442307692307696 0.3629807692307693 0.05288461538461539 0.11057692307692309
0 0.06971153846153846 0.5913461538461539 0.038461538461538464 0.038461538461538464
0 0.11418269230769232 0.24158653846153846 0.06971153846153846 0.07932692307692309
0 0.1935096153846154 0.24759615384615385 0.07451923076923077 0.0625
0 0.6682692307692308 0.296875 0.04326923076923077 0.03605769230769231
0 0.30168269230769235 0.7632211538461539 0.03605769230769231 0.03125
0 0.359375 0.8028846153846154 0.03125 0.028846153846153848
0 0.48918269230769235 0.6646634615384616 0.03125 0.03605769230769231
0 0.5528846153846154 0.9242788461538463 0.028846153846153848 0.03605769230769231
0 0.3197115384615385 0.3353365384615385 0.04326923076923077 0.04567307692307693
0 0.765625 0.5564903846153847 0.03605769230769231 0.03605769230769231
0 0.8137019230769231 0.5973557692307693 0.040865384615384616 0.03605769230769231
0 0.71875 0.7908653846153847 0.10096153846153846 0.05288461538461539
0 0.6923076923076923 0.983173076923077 0.038461538461538464 0.03365384615384616
0 0.7620192307692308 0.9927884615384616 0.04807692307692308 0.014423076923076924
