0 0.3713942307692308 0.021634615384615384 0.1514423076923077 0.04326923076923077
0 0.4026442307692308 0.07451923076923077 0.11778846153846155 0.12980769230769232
0 0.4795673076923077 0.078125 0.10817307692307693 0.11298076923076923
0 0.5096153846153847 0.14783653846153846 0.11538461538461539 0.10336538461538462
0 0.2692307692307693 0.04326923076923077 0.09615384615384616 0.08653846153846154
0 0.3076923076923077 0.11778846153846155 0.09134615384615385 0.11057692307692309
0 0.4254807692307693 0.16947115384615385 0.11057692307692309 0.11298076923076923
0 0.453125 0.2451923076923077 0.09855769230769232 0.10096153846153846
0 0.49399038461538464 0.3233173076923077 0.09375 0.09855769230769232
0 0.18149038461538464 0.04807692307692308 0.10817307692307693 0.09615384615384616
0 0.12259615384615385 0.06009615384615385 0.07692307692307693 0.1201923076923077
0 0.15625 0.171875 0.09615384615384616 0.13221153846153846
0 0.2355769230769231 0.140625 0.10096153846153846 0.13221153846153846
0 0.35216346153846156 0.20192307692307693 0.09855769230769232 0.10576923076923078
0 0.27403846153846156 0.234375 0.09615384615384616 0.10336538461538462
0 0.3810096153846154 0.28125 0.08413461538461539 0.10576923076923078
0 0.3076923076923077 0.30528846153846156 0.08653846153846154 0.08653846153846154
0 0.19951923076923078 0.2668269230769231 0.09134615384615385 0.10576923076923078
0 0.07932692307692309 0.1778846153846154 0.09615384615384616 0.08653846153846154
0 0.09495192307692309 0.2295673076923077 0.0889423076923077 0.08413461538461539
0 0.02403846153846154 0.20673076923076925 0.04807692307692308 0.08173076923076923
0 0.03605769230769231 0.2668269230769231 0.07211538461538462 0.08173076923076923
0 0.125 0.30168269230769235 0.10096153846153846 0.10817307692307693
0 0.05168269230769231 0.3293269230769231 0.09375 0.10576923076923078
0 0.23076923076923078 0.3497596153846154 0.08653846153846154 0.08413461538461539
0 0.013221153846153848 0.3605769230769231 0.026442307692307696 0.10576923076923078
0 0.4098557692307693 0.3557692307692308 0.08413461538461539 0.09615384615384616
0 0.5252403846153847 0.39903846153846156 0.10336538461538462 0.11538461538461539
0 0.4483173076923077 0.43509615384615385 0.09855769230769232 0.10096153846153846
0 0.34134615384615385 0.3870192307692308 0.08653846153846154 0.09615384615384616
0 0.3737980769230769 0.46274038461538464 0.10336538461538462 0.10817307692307693
0 0.4050480769230769 0.545673076923077 0.09375 0.09134615384615385
0 0.3389423076923077 0.5757211538461539 0.09615384615384616 0.09375
0 0.26802884615384615 0.41947115384615385 0.09855769230769232 0.0889423076923077
0 0.29927884615384615 0.4915865384615385 0.09375 0.10336538461538462
0 0.15865384615384617 0.375 0.09134615384615385 0.09134615384615385
0 0.19471153846153846 0.4495192307692308 0.08653846153846154 0.09134615384615385
0 0.2295673076923077 0.5276442307692308 0.09855769230769232 0.10817307692307693
0 0.08533653846153846 0.40625 0.0889423076923077 0.10096153846153846
0 0.11538461538461539 0.484375 0.08173076923076923 0.09855769230769232
0 0.15384615384615385 0.5637019230769231 0.10096153846153846 0.10336538461538462
0 0.028846153846153848 0.4411057692307693 0.057692307692307696 0.09855769230769232
0 0.046875 0.5168269230769231 0.08413461538461539 0.09615384615384616
0 0.07572115384615385 0.5961538461538461 0.10336538461538462 0.11057692307692309
0 0.02764423076923077 0.6262019230769231 0.05528846153846154 0.11778846153846155
0 0.01201923076923077 0.5528846153846154 0.02403846153846154 0.10576923076923078
0 0.09254807692307693 0.75 0.09855769230769232 0.13461538461538464
0 0.046875 0.7704326923076924 0.09375 0.13701923076923078
