0 0.2247596153846154 0.07091346153846154 0.4495192307692308 0.14182692307692307
0 0.24158653846153846 0.10817307692307693 0.4831730769230769 0.21634615384615385
0 0.2536057692307692 0.1466346153846154 0.5072115384615384 0.2932692307692308
0 0.2620192307692308 0.18629807692307693 0.5240384615384616 0.37259615384615385
0 0.2716346153846154 0.22596153846153846 0.5432692307692308 0.4519230769230769
0 0.29086538461538464 0.2668269230769231 0.5817307692307693 0.5336538461538461
0 0.2980769230769231 0.3076923076923077 0.5961538461538461 0.6153846153846154
0 0.30649038461538464 0.3473557692307693 0.6129807692307693 0.6947115384615385
0 0.2956730769230769 0.40384615384615385 0.5913461538461539 0.7403846153846154
0 0.6634615384615385 0.34615384615384615 0.11057692307692309 0.04807692307692308
0 0.639423076923077 0.4134615384615385 0.21153846153846156 0.05288461538461539
0 0.6201923076923077 0.4867788461538462 0.3125 0.05048076923076923
0 0.6009615384615385 0.5492788461538461 0.4182692307692308 0.05528846153846154
0 0.5709134615384616 0.6177884615384616 0.5216346153846154 0.05288461538461539
0 0.546875 0.686298076923077 0.6322115384615385 0.06009615384615385
0 0.5216346153846154 0.7548076923076924 0.7355769230769231 0.07211538461538462
0 0.4915865384615385 0.8173076923076924 0.8341346153846154 0.07692307692307693
0 0.4603365384615385 0.8870192307692308 0.920673076923077 0.08173076923076923
0 0.46875 0.9555288461538463 0.9375 0.08413461538461539
0 0.4723557692307693 0.9927884615384616 0.9447115384615385 0.014423076923076924
