0 0.9591346153846154 0.015625 0.08173076923076923 0.021634615384615384
0 0.765625 0.004807692307692308 0.13701923076923078 0.009615384615384616
0 0.7692307692307693 0.020432692307692308 0.19230769230769232 0.021634615384615384
0 0.7692307692307693 0.04447115384615385 0.22596153846153846 0.026442307692307696
0 0.764423076923077 0.07211538461538462 0.2884615384615385 0.028846153846153848
0 0.7524038461538461 0.09735576923076923 0.32211538461538464 0.03125
0 0.7307692307692308 0.1201923076923077 0.32211538461538464 0.02403846153846154
0 0.5084134615384616 0.001201923076923077 0.30528846153846156 0.002403846153846154
0 0.4795673076923077 0.030048076923076924 0.31009615384615385 0.026442307692307696
0 0.44591346153846156 0.0625 0.2956730769230769 0.028846153846153848
0 0.41586538461538464 0.09615384615384616 0.3028846153846154 0.02403846153846154
0 0.3810096153846154 0.125 0.30528846153846156 0.02403846153846154
0 0.34615384615384615 0.15865384615384617 0.3028846153846154 0.02403846153846154
0 0.3137019230769231 0.19110576923076925 0.3004807692307693 0.026442307692307696
0 0.27884615384615385 0.22596153846153846 0.3028846153846154 0.02403846153846154
0 0.7247596153846154 0.14903846153846154 0.3004807692307693 0.02403846153846154
0 0.6766826923076923 0.171875 0.3293269230769231 0.026442307692307696
0 0.6526442307692308 0.19711538461538464 0.3197115384615385 0.02403846153846154
0 0.6225961538461539 0.2199519230769231 0.33653846153846156 0.026442307692307696
0 0.5961538461538461 0.24639423076923078 0.34134615384615385 0.026442307692307696
0 0.967548076923077 0.28125 0.06490384615384616 0.21634615384615385
0 0.9579326923076924 0.296875 0.08413461538461539 0.2139423076923077
0 0.9507211538461539 0.3137019230769231 0.09855769230769232 0.2139423076923077
0 0.9387019230769231 0.328125 0.12259615384615385 0.2091346153846154
0 0.9314903846153847 0.3473557692307693 0.13701923076923078 0.2139423076923077
0 0.748798076923077 0.7848557692307693 0.5024038461538461 0.43028846153846156
0 0.5709134615384616 0.2716346153846154 0.31490384615384615 0.028846153846153848
0 0.5408653846153847 0.2956730769230769 0.33653846153846156 0.028846153846153848
0 0.5204326923076923 0.32091346153846156 0.3341346153846154 0.026442307692307696
0 0.49278846153846156 0.3449519230769231 0.31730769230769235 0.026442307692307696
0 0.4675480769230769 0.3713942307692308 0.3293269230769231 0.026442307692307696
0 0.4435096153846154 0.3942307692307693 0.3197115384615385 0.03365384615384616
0 0.41105769230769235 0.421875 0.3125 0.03125
0 0.3870192307692308 0.44591346153846156 0.3269230769230769 0.03125
0 0.36418269230769235 0.47355769230769235 0.3293269230769231 0.028846153846153848
0 0.33052884615384615 0.4951923076923077 0.3245192307692308 0.02403846153846154
0 0.3076923076923077 0.5216346153846154 0.3317307692307693 0.028846153846153848
0 0.2848557692307693 0.546875 0.3293269230769231 0.026442307692307696
0 0.25 0.5709134615384616 0.3269230769230769 0.026442307692307696
0 0.234375 0.5973557692307693 0.3245192307692308 0.026442307692307696
0 0.21514423076923078 0.6189903846153847 0.31490384615384615 0.026442307692307696
0 0.19711538461538464 0.6442307692307693 0.28365384615384615 0.028846153846153848
0 0.1887019230769231 0.6694711538461539 0.2572115384615385 0.021634615384615384
0 0.19951923076923078 0.6983173076923077 0.19230769230769232 0.026442307692307696
0 0.18990384615384617 0.7199519230769231 0.13942307692307693 0.01682692307692308
0 0.18629807692307693 0.7475961538461539 0.09855769230769232 0.019230769230769232
0 0.19110576923076925 0.7740384615384616 0.06009615384615385 0.019230769230769232
0 0.24278846153846156 0.2560096153846154 0.2980769230769231 0.026442307692307696
0 0.20552884615384617 0.28966346153846156 0.3004807692307693 0.026442307692307696
0 0.17548076923076925 0.32211538461538464 0.3125 0.02403846153846154
0 0.14543269230769232 0.3557692307692308 0.29086538461538464 0.02403846153846154
0 0.1310096153846154 0.38822115384615385 0.2620192307692308 0.026442307692307696
0 0.11177884615384616 0.421875 0.22355769230769232 0.026442307692307696
0 0.09855769230769232 0.4567307692307693 0.19711538461538464 0.02403846153846154
0 0.07932692307692309 0.4879807692307693 0.15865384615384617 0.02403846153846154
0 0.06129807692307693 0.5192307692307693 0.12259615384615385 0.028846153846153848
0 0.04567307692307693 0.5516826923076923 0.09134615384615385 0.021634615384615384
0 0.030048076923076924 0.5853365384615385 0.06009615384615385 0.021634615384615384
0 0.484375 0.9879807692307693 0.2043269230769231 0.02403846153846154
