0 0.9927884615384616 0.41105769230769235 0.014423076923076924 0.04807692307692308
0 0.983173076923077 0.43509615384615385 0.03365384615384616 0.04326923076923077
0 0.9747596153846154 0.45793269230769235 0.05048076923076923 0.04567307692307693
0 0.8293269230769231 0.47716346153846156 0.1201923076923077 0.11298076923076923
0 0.9134615384615385 0.19591346153846154 0.17307692307692307 0.18990384615384617
0 0.780048076923077 0.14182692307692307 0.06009615384615385 0.10096153846153846
0 0.7451923076923077 0.203125 0.08653846153846154 0.06971153846153846
0 0.6959134615384616 0.3197115384615385 0.09375 0.07211538461538462
0 0.7548076923076924 0.3966346153846154 0.07211538461538462 0.08173076923076923
0 0.5540865384615385 0.5180288461538461 0.07451923076923077 0.06490384615384616
0 0.5829326923076923 0.4795673076923077 0.07932692307692309 0.07932692307692309
0 0.609375 0.43509615384615385 0.06490384615384616 0.057692307692307696
0 0.5360576923076923 0.030048076923076924 0.09615384615384616 0.06009615384615385
0 0.2800480769230769 0.030048076923076924 0.16105769230769232 0.06009615384615385
