0 0.2355769230769231 0.25961538461538464 0.09615384615384616 0.09615384615384616
0 0.0889423076923077 0.4879807692307693 0.08173076923076923 0.09134615384615385
0 0.3137019230769231 0.3918269230769231 0.05048076923076923 0.038461538461538464
0 0.3858173076923077 0.4495192307692308 0.0889423076923077 0.07692307692307693
0 0.06610576923076923 0.6814903846153847 0.06009615384615385 0.05048076923076923
0 0.7620192307692308 0.7127403846153847 0.038461538461538464 0.040865384615384616
0 0.7704326923076924 0.859375 0.08413461538461539 0.07932692307692309
0 0.7211538461538461 0.7704326923076924 0.05288461538461539 0.06009615384615385
0 0.6538461538461539 0.7403846153846154 0.11538461538461539 0.1201923076923077
0 0.36899038461538464 0.9747596153846154 0.06971153846153846 0.05048076923076923
0 0.02764423076923077 0.7524038461538461 0.026442307692307696 0.04326923076923077
0 0.002403846153846154 0.7596153846153847 0.004807692307692308 0.028846153846153848
