0 0.905048076923077 0.11057692307692309 0.18990384615384617 0.22115384615384617
0 0.09254807692307693 0.054086538461538464 0.18509615384615385 0.10817307692307693
0 0.046875 0.09615384615384616 0.09375 0.19230769230769232
0 0.23918269230769232 0.171875 0.07451923076923077 0.03125
0 0.23317307692307693 0.19951923076923078 0.10576923076923078 0.04326923076923077
0 0.22716346153846156 0.22235576923076925 0.1514423076923077 0.05528846153846154
0 0.2139423076923077 0.25 0.21153846153846156 0.0625
0 0.20673076923076925 0.27524038461538464 0.2644230769230769 0.07451923076923077
0 0.796875 0.16105769230769232 0.2043269230769231 0.21634615384615385
0 0.19110576923076925 0.3040865384615385 0.3245192307692308 0.09375
0 0.19471153846153846 0.3245192307692308 0.3509615384615385 0.09134615384615385
0 0.25 0.3389423076923077 0.2692307692307693 0.07692307692307693
0 0.2572115384615385 0.3581730769230769 0.2884615384615385 0.08653846153846154
0 0.18990384615384617 0.3942307692307693 0.25 0.07211538461538462
0 0.26322115384615385 0.4254807692307693 0.2956730769230769 0.08173076923076923
0 0.23918269230769232 0.453125 0.24759615384615385 0.07451923076923077
0 0.2295673076923077 0.47716346153846156 0.18028846153846154 0.05528846153846154
0 0.21514423076923078 0.5024038461538461 0.12740384615384617 0.04326923076923077
0 0.390625 0.5336538461538461 0.3245192307692308 0.08653846153846154
0 0.3978365384615385 0.5576923076923077 0.35336538461538464 0.09615384615384616
0 0.4122596153846154 0.576923076923077 0.34855769230769235 0.09134615384615385
0 0.43028846153846156 0.5973557692307693 0.3509615384615385 0.0889423076923077
0 0.4495192307692308 0.6153846153846154 0.3557692307692308 0.09134615384615385
0 0.4591346153846154 0.6334134615384616 0.34615384615384615 0.09375
0 0.46153846153846156 0.6586538461538461 0.2932692307692308 0.08173076923076923
0 0.43870192307692313 0.7091346153846154 0.18509615384615385 0.0625
0 0.4519230769230769 0.6814903846153847 0.2451923076923077 0.07451923076923077
0 0.43028846153846156 0.733173076923077 0.14423076923076925 0.04807692307692308
