0 0.04927884615384616 0.6682692307692308 0.09855769230769232 0.14903846153846154
0 0.40625 0.4555288461538462 0.125 0.13701923076923078
0 0.4963942307692308 0.3918269230769231 0.13221153846153846 0.13461538461538464
0 0.59375 0.33653846153846156 0.125 0.13461538461538464
0 0.6790865384615385 0.27884615384615385 0.10817307692307693 0.12980769230769232
0 0.9483173076923077 0.2668269230769231 0.06971153846153846 0.09134615384615385
0 0.9278846153846154 0.2824519230769231 0.07692307692307693 0.09375
0 0.8557692307692308 0.3233173076923077 0.07211538461538462 0.09855769230769232
0 0.8341346153846154 0.3401442307692308 0.08173076923076923 0.0889423076923077
0 0.764423076923077 0.37980769230769235 0.07211538461538462 0.10096153846153846
0 0.734375 0.4026442307692308 0.0889423076923077 0.09855769230769232
0 0.7079326923076924 0.421875 0.07451923076923077 0.09375
0 0.6370192307692308 0.46274038461538464 0.07692307692307693 0.09855769230769232
0 0.6141826923076923 0.4807692307692308 0.07451923076923077 0.09134615384615385
0 0.5420673076923077 0.5240384615384616 0.07451923076923077 0.09134615384615385
0 0.5180288461538461 0.5396634615384616 0.08413461538461539 0.09855769230769232
0 0.5901442307692308 0.65625 0.09855769230769232 0.12980769230769232
0 0.6213942307692308 0.6370192307692308 0.10817307692307693 0.13461538461538464
0 0.6778846153846154 0.5997596153846154 0.11057692307692309 0.13221153846153846
0 0.7127403846153847 0.5757211538461539 0.10817307692307693 0.12740384615384617
0 0.7704326923076924 0.5408653846153847 0.11298076923076923 0.13461538461538464
0 0.8088942307692308 0.5192307692307693 0.10817307692307693 0.13461538461538464
0 0.8401442307692308 0.49278846153846156 0.10336538461538462 0.13461538461538464
0 0.9026442307692308 0.45793269230769235 0.10817307692307693 0.13221153846153846
0 0.9338942307692308 0.43509615384615385 0.10817307692307693 0.12980769230769232
0 0.96875 0.4014423076923077 0.0625 0.13461538461538464
0 0.9855769230769231 0.37980769230769235 0.028846153846153848 0.125
0 0.9783653846153847 0.5336538461538461 0.04326923076923077 0.09615384615384616
0 0.9615384615384616 0.5552884615384616 0.07692307692307693 0.09615384615384616
0 0.90625 0.5949519230769231 0.08653846153846154 0.0889423076923077
0 0.8725961538461539 0.6153846153846154 0.08173076923076923 0.09615384615384616
0 0.8365384615384616 0.6346153846153847 0.07692307692307693 0.09134615384615385
0 0.7752403846153847 0.6766826923076923 0.07932692307692309 0.0889423076923077
0 0.7427884615384616 0.6971153846153847 0.07692307692307693 0.09615384615384616
0 0.6850961538461539 0.734375 0.07692307692307693 0.09375
0 0.6538461538461539 0.7560096153846154 0.07692307692307693 0.0889423076923077
0 0.2692307692307693 0.7283653846153847 0.3028846153846154 0.42307692307692313
0 0.19110576923076925 0.8569711538461539 0.2139423076923077 0.28605769230769235
0 0.09615384615384616 0.8918269230769231 0.19230769230769232 0.21634615384615385
0 0.06610576923076923 0.9170673076923077 0.13221153846153846 0.16586538461538464
0 0.23076923076923078 0.8485576923076924 0.21634615384615385 0.3028846153846154
0 0.3605769230769231 0.6899038461538461 0.33653846153846156 0.4278846153846154
