0 0.2644230769230769 0.3161057692307693 0.125 0.13701923076923078
0 0.3545673076923077 0.25240384615384615 0.13221153846153846 0.13461538461538464
0 0.4519230769230769 0.19711538461538464 0.125 0.13461538461538464
0 0.5372596153846154 0.13942307692307693 0.10817307692307693 0.12980769230769232
0 0.8064903846153847 0.12740384615384617 0.06971153846153846 0.09134615384615385
0 0.7860576923076924 0.14302884615384617 0.07692307692307693 0.09375
0 0.7139423076923077 0.18389423076923078 0.07211538461538462 0.09855769230769232
0 0.6923076923076923 0.20072115384615385 0.08173076923076923 0.0889423076923077
0 0.6225961538461539 0.2403846153846154 0.07211538461538462 0.10096153846153846
0 0.592548076923077 0.26322115384615385 0.0889423076923077 0.09855769230769232
0 0.5661057692307693 0.2824519230769231 0.07451923076923077 0.09375
0 0.4951923076923077 0.3233173076923077 0.07692307692307693 0.09855769230769232
0 0.4723557692307693 0.34134615384615385 0.07451923076923077 0.09134615384615385
0 0.40024038461538464 0.38461538461538464 0.07451923076923077 0.09134615384615385
0 0.3762019230769231 0.40024038461538464 0.08413461538461539 0.09855769230769232
0 0.4483173076923077 0.5168269230769231 0.09855769230769232 0.12980769230769232
0 0.4795673076923077 0.49759615384615385 0.10817307692307693 0.13461538461538464
0 0.5360576923076923 0.4603365384615385 0.11057692307692309 0.13221153846153846
0 0.5709134615384616 0.4362980769230769 0.10817307692307693 0.12740384615384617
0 0.6286057692307693 0.4014423076923077 0.11298076923076923 0.13461538461538464
0 0.6670673076923077 0.37980769230769235 0.10817307692307693 0.13461538461538464
0 0.6983173076923077 0.35336538461538464 0.10336538461538462 0.13461538461538464
0 0.7608173076923077 0.3185096153846154 0.10817307692307693 0.13221153846153846
0 0.7920673076923077 0.2956730769230769 0.10817307692307693 0.12980769230769232
0 0.8485576923076924 0.2620192307692308 0.10576923076923078 0.13461538461538464
0 0.8786057692307693 0.2403846153846154 0.09855769230769232 0.125
0 0.9026442307692308 0.36778846153846156 0.06009615384615385 0.08173076923076923
0 0.8569711538461539 0.3942307692307693 0.08413461538461539 0.09615384615384616
0 0.8245192307692308 0.41586538461538464 0.08653846153846154 0.09615384615384616
0 0.764423076923077 0.4555288461538462 0.08653846153846154 0.0889423076923077
0 0.7307692307692308 0.4759615384615385 0.08173076923076923 0.09615384615384616
0 0.6947115384615385 0.4951923076923077 0.07692307692307693 0.09134615384615385
0 0.6334134615384616 0.5372596153846154 0.07932692307692309 0.0889423076923077
0 0.6009615384615385 0.5576923076923077 0.07692307692307693 0.09615384615384616
0 0.5432692307692308 0.5949519230769231 0.07692307692307693 0.09375
0 0.5120192307692308 0.6165865384615385 0.07692307692307693 0.0889423076923077
0 0.13942307692307693 0.5889423076923077 0.27884615384615385 0.42307692307692313
0 0.078125 0.7319711538461539 0.15625 0.31490384615384615
0 0.025240384615384616 0.8088942307692308 0.05048076923076923 0.3293269230769231
0 0.09855769230769232 0.7115384615384616 0.19711538461538464 0.3076923076923077
0 0.21875 0.5504807692307693 0.33653846153846156 0.4278846153846154
