0 0.08293269230769232 0.2728365384615385 0.08413461538461539 0.08413461538461539
0 0.2800480769230769 0.2800480769230769 0.06971153846153846 0.06490384615384616
0 0.23918269230769232 0.28365384615384615 0.07451923076923077 0.07692307692307693
0 0.2091346153846154 0.421875 0.10576923076923078 0.10336538461538462
0 0.38822115384615385 0.5588942307692308 0.10336538461538462 0.10336538461538462
0 0.8149038461538461 0.28125 0.06730769230769232 0.05288461538461539
0 0.8485576923076924 0.33653846153846156 0.07211538461538462 0.0625
0 0.7271634615384616 0.9615384615384616 0.0889423076923077 0.07692307692307693
0 0.4278846153846154 0.9855769230769231 0.0625 0.028846153846153848
0 0.3810096153846154 0.9471153846153847 0.06490384615384616 0.04326923076923077
