0 0.02764423076923077 0.14423076923076925 0.05528846153846154 0.08173076923076923
0 0.056490384615384616 0.22115384615384617 0.08413461538461539 0.07692307692307693
0 0.23798076923076925 0.2692307692307693 0.057692307692307696 0.05288461538461539
0 0.19110576923076925 0.2451923076923077 0.05048076923076923 0.04807692307692308
0 0.24399038461538464 0.3137019230769231 0.05528846153846154 0.05528846153846154
0 0.6382211538461539 0.41466346153846156 0.07451923076923077 0.06490384615384616
0 0.5276442307692308 0.5865384615384616 0.13701923076923078 0.057692307692307696
0 0.9254807692307693 0.6790865384615385 0.04326923076923077 0.021634615384615384
0 0.670673076923077 0.7788461538461539 0.0625 0.03365384615384616
0 0.7259615384615385 0.7764423076923077 0.038461538461538464 0.019230769230769232
2 0.026442307692307696 0.8173076923076924 0.05288461538461539 0.04326923076923077
