0 0.6334134615384616 0.3353365384615385 0.2139423076923077 0.17067307692307693
0 0.576923076923077 0.3665865384615385 0.17307692307692307 0.13221153846153846
0 0.6346153846153847 0.5336538461538461 0.13942307692307693 0.125
0 0.24759615384615385 0.17908653846153846 0.19711538461538464 0.16105769230769232
0 0.19951923076923078 0.2728365384615385 0.16826923076923078 0.12259615384615385
0 0.14182692307692307 0.49759615384615385 0.15384615384615385 0.17307692307692307
0 0.04567307692307693 0.1045673076923077 0.09134615384615385 0.09855769230769232
0 0.06610576923076923 0.5084134615384616 0.13221153846153846 0.3004807692307693
0 0.07451923076923077 0.6225961538461539 0.14903846153846154 0.17307692307692307
0 0.3701923076923077 0.5961538461538461 0.16826923076923078 0.17307692307692307
0 0.46153846153846156 0.6754807692307693 0.17307692307692307 0.17307692307692307
