0 0.5396634615384616 0.006009615384615385 0.3004807692307693 0.01201923076923077
0 0.5048076923076923 0.03365384615384616 0.3028846153846154 0.02403846153846154
0 0.859375 0.00841346153846154 0.28125 0.01682692307692308
0 0.8401442307692308 0.02764423076923077 0.3197115384615385 0.026442307692307696
0 0.8221153846153847 0.054086538461538464 0.34134615384615385 0.026442307692307696
0 0.8617788461538463 0.6646634615384616 0.2764423076923077 0.5745192307692308
0 0.796875 0.07932692307692309 0.31490384615384615 0.028846153846153848
0 0.7668269230769231 0.10336538461538462 0.33653846153846156 0.028846153846153848
0 0.7463942307692308 0.12860576923076925 0.3341346153846154 0.026442307692307696
0 0.71875 0.15264423076923078 0.31730769230769235 0.026442307692307696
0 0.6935096153846154 0.17908653846153846 0.3293269230769231 0.026442307692307696
0 0.6694711538461539 0.20192307692307693 0.3197115384615385 0.03365384615384616
0 0.6370192307692308 0.2295673076923077 0.3125 0.03125
0 0.6129807692307693 0.2536057692307692 0.3269230769230769 0.03125
0 0.5901442307692308 0.28125 0.3293269230769231 0.028846153846153848
0 0.5564903846153847 0.3028846153846154 0.3245192307692308 0.02403846153846154
0 0.5336538461538461 0.3293269230769231 0.3317307692307693 0.028846153846153848
0 0.5108173076923077 0.3545673076923077 0.3293269230769231 0.026442307692307696
0 0.4759615384615385 0.3786057692307693 0.3269230769230769 0.026442307692307696
0 0.4603365384615385 0.4050480769230769 0.3245192307692308 0.026442307692307696
0 0.4411057692307693 0.42668269230769235 0.31490384615384615 0.026442307692307696
0 0.42307692307692313 0.4519230769230769 0.28365384615384615 0.028846153846153848
0 0.41466346153846156 0.47716346153846156 0.2572115384615385 0.021634615384615384
0 0.4254807692307693 0.5060096153846154 0.19230769230769232 0.026442307692307696
0 0.41586538461538464 0.5276442307692308 0.13942307692307693 0.01682692307692308
0 0.4122596153846154 0.5552884615384616 0.09855769230769232 0.019230769230769232
0 0.4170673076923077 0.5817307692307693 0.06009615384615385 0.019230769230769232
0 0.46875 0.06370192307692309 0.2980769230769231 0.026442307692307696
0 0.43149038461538464 0.09735576923076923 0.3004807692307693 0.026442307692307696
0 0.4014423076923077 0.12980769230769232 0.3125 0.02403846153846154
0 0.36418269230769235 0.16346153846153846 0.30528846153846156 0.02403846153846154
0 0.33653846153846156 0.19591346153846154 0.3028846153846154 0.026442307692307696
0 0.2980769230769231 0.2295673076923077 0.3028846153846154 0.026442307692307696
0 0.2728365384615385 0.2644230769230769 0.3004807692307693 0.02403846153846154
0 0.2536057692307692 0.2956730769230769 0.2620192307692308 0.02403846153846154
0 0.2451923076923077 0.3269230769230769 0.20673076923076925 0.028846153846153848
0 0.24759615384615385 0.359375 0.13942307692307693 0.021634615384615384
0 0.24759615384615385 0.3930288461538462 0.07692307692307693 0.021634615384615384
0 0.04927884615384616 0.7415865384615385 0.09855769230769232 0.19471153846153846
0 0.15264423076923078 0.9026442307692308 0.07451923076923077 0.03125
0 0.1466346153846154 0.9302884615384616 0.10576923076923078 0.04326923076923077
0 0.140625 0.953125 0.1514423076923077 0.05528846153846154
0 0.12740384615384617 0.9747596153846154 0.21153846153846156 0.05048076923076923
0 0.12620192307692307 0.984375 0.25240384615384615 0.03125
0 0.7103365384615385 0.8918269230769231 0.2043269230769231 0.21634615384615385
0 0.13341346153846154 0.9939903846153847 0.2668269230769231 0.01201923076923077
