0 0.020432692307692308 0.16947115384615385 0.040865384615384616 0.13701923076923078
0 0.06850961538461539 0.10576923076923078 0.13221153846153846 0.13461538461538464
0 0.16586538461538464 0.058894230769230775 0.125 0.11778846153846155
0 0.2512019230769231 0.028846153846153848 0.10817307692307693 0.057692307692307696
0 0.5204326923076923 0.013221153846153848 0.06971153846153846 0.026442307692307696
0 0.5 0.021634615384615384 0.07692307692307693 0.04326923076923077
0 0.4278846153846154 0.04326923076923077 0.07211538461538462 0.08653846153846154
0 0.40625 0.054086538461538464 0.08173076923076923 0.0889423076923077
0 0.33653846153846156 0.09375 0.07211538461538462 0.10096153846153846
0 0.30649038461538464 0.11658653846153846 0.0889423076923077 0.09855769230769232
0 0.2800480769230769 0.1358173076923077 0.07451923076923077 0.09375
0 0.2091346153846154 0.17668269230769232 0.07692307692307693 0.09855769230769232
0 0.18629807692307693 0.19471153846153846 0.07451923076923077 0.09134615384615385
0 0.11418269230769232 0.23798076923076925 0.07451923076923077 0.09134615384615385
0 0.09014423076923077 0.2536057692307692 0.08413461538461539 0.09855769230769232
0 0.1622596153846154 0.3701923076923077 0.09855769230769232 0.12980769230769232
0 0.1935096153846154 0.3509615384615385 0.10817307692307693 0.13461538461538464
0 0.25 0.3137019230769231 0.11057692307692309 0.13221153846153846
0 0.2848557692307693 0.28966346153846156 0.10817307692307693 0.12740384615384617
0 0.3425480769230769 0.25480769230769235 0.11298076923076923 0.13461538461538464
0 0.3810096153846154 0.23317307692307693 0.10817307692307693 0.13461538461538464
0 0.4122596153846154 0.20673076923076925 0.10336538461538462 0.13461538461538464
0 0.4747596153846154 0.171875 0.10817307692307693 0.13221153846153846
0 0.5060096153846154 0.14903846153846154 0.10817307692307693 0.12980769230769232
0 0.5625 0.11538461538461539 0.10576923076923078 0.13461538461538464
0 0.592548076923077 0.09375 0.09855769230769232 0.125
0 0.6165865384615385 0.22115384615384617 0.06009615384615385 0.08173076923076923
0 0.5709134615384616 0.24759615384615385 0.08413461538461539 0.09615384615384616
0 0.5384615384615385 0.2692307692307693 0.08653846153846154 0.09615384615384616
0 0.47836538461538464 0.3088942307692308 0.08653846153846154 0.0889423076923077
0 0.4447115384615385 0.3293269230769231 0.08173076923076923 0.09615384615384616
0 0.4086538461538462 0.34855769230769235 0.07692307692307693 0.09134615384615385
0 0.3473557692307693 0.390625 0.07932692307692309 0.0889423076923077
0 0.31490384615384615 0.41105769230769235 0.07692307692307693 0.09615384615384616
0 0.2572115384615385 0.4483173076923077 0.07692307692307693 0.09375
0 0.22596153846153846 0.46995192307692313 0.07692307692307693 0.0889423076923077
0 0.951923076923077 0.8389423076923077 0.04326923076923077 0.028846153846153848
0 0.873798076923077 0.8461538461538463 0.05528846153846154 0.0625
0 0.826923076923077 0.9302884615384616 0.057692307692307696 0.038461538461538464
0 0.7836538461538461 0.9375 0.038461538461538464 0.028846153846153848
0 0.6911057692307693 0.9591346153846154 0.12259615384615385 0.08173076923076923
0 0.05048076923076923 0.40384615384615385 0.10096153846153846 0.4278846153846154
