0 0.8545673076923077 0.05528846153846154 0.03125 0.028846153846153848
0 0.6358173076923077 0.23197115384615385 0.040865384615384616 0.040865384615384616
0 0.5793269230769231 0.23677884615384617 0.04326923076923077 0.040865384615384616
0 0.6682692307692308 0.3701923076923077 0.04807692307692308 0.04807692307692308
0 0.6466346153846154 0.3930288461538462 0.057692307692307696 0.06009615384615385
0 0.4338942307692308 0.4903846153846154 0.12259615384615385 0.11538461538461539
0 0.5973557692307693 0.6586538461538461 0.12259615384615385 0.12980769230769232
0 0.22596153846153846 0.7992788461538461 0.02403846153846154 0.026442307692307696
0 0.13341346153846154 0.967548076923077 0.03605769230769231 0.040865384615384616
0 0.18149038461538464 0.9915865384615385 0.03605769230769231 0.01682692307692308
