0 0.3028846153846154 0.18389423076923078 0.6057692307692308 0.36778846153846156
0 0.6454326923076923 0.17427884615384617 0.23317307692307693 0.21875
0 0.7043269230769231 0.2295673076923077 0.21634615384615385 0.19951923076923078
0 0.5432692307692308 0.41105769230769235 0.22115384615384617 0.22115384615384617
0 0.4026442307692308 0.5492788461538461 0.19951923076923078 0.19471153846153846
0 0.3858173076923077 0.4399038461538462 0.28125 0.2692307692307693
0 0.3774038461538462 0.15745192307692307 0.04807692307692308 0.021634615384615384
0 0.3737980769230769 0.1887019230769231 0.09855769230769232 0.026442307692307696
0 0.35336538461538464 0.21514423076923078 0.1201923076923077 0.021634615384615384
0 0.3197115384615385 0.2451923076923077 0.1201923076923077 0.02403846153846154
0 0.25961538461538464 0.30528846153846156 0.125 0.02403846153846154
0 0.2920673076923077 0.27403846153846156 0.12259615384615385 0.02403846153846154
0 0.23317307692307693 0.3341346153846154 0.11538461538461539 0.02403846153846154
0 0.20192307692307693 0.359375 0.1201923076923077 0.021634615384615384
0 0.19951923076923078 0.38822115384615385 0.057692307692307696 0.021634615384615384
0 0.4338942307692308 0.23076923076923078 0.05528846153846154 0.02403846153846154
0 0.43870192307692313 0.25240384615384615 0.10336538461538462 0.03365384615384616
0 0.4254807692307693 0.27403846153846156 0.10096153846153846 0.028846153846153848
0 0.4026442307692308 0.28966346153846156 0.10817307692307693 0.03125
0 0.37980769230769235 0.3076923076923077 0.11057692307692309 0.028846153846153848
0 0.36778846153846156 0.32211538461538464 0.10576923076923078 0.03365384615384616
0 0.3497596153846154 0.3425480769230769 0.10817307692307693 0.03125
0 0.3317307692307693 0.3581730769230769 0.09615384615384616 0.028846153846153848
0 0.3161057692307693 0.3786057692307693 0.10817307692307693 0.026442307692307696
0 0.2920673076923077 0.39543269230769235 0.11298076923076923 0.03125
0 0.2692307692307693 0.4122596153846154 0.11057692307692309 0.026442307692307696
0 0.25841346153846156 0.453125 0.06490384615384616 0.021634615384615384
0 0.25841346153846156 0.4759615384615385 0.03605769230769231 0.019230769230769232
0 0.25841346153846156 0.4326923076923077 0.10336538461538462 0.028846153846153848
