0 0.4435096153846154 0.41947115384615385 0.15625 0.13701923076923078
0 0.33774038461538464 0.4603365384615385 0.10336538461538462 0.10817307692307693
0 0.484375 0.5024038461538461 0.1514423076923077 0.12980769230769232
0 0.515625 0.5985576923076923 0.11778846153846155 0.12980769230769232
0 0.592548076923077 0.6021634615384616 0.10817307692307693 0.11298076923076923
0 0.6225961538461539 0.671875 0.11538461538461539 0.10336538461538462
0 0.3822115384615385 0.5504807692307693 0.09615384615384616 0.1201923076923077
0 0.4206730769230769 0.6418269230769231 0.09134615384615385 0.11057692307692309
0 0.5384615384615385 0.6935096153846154 0.11057692307692309 0.11298076923076923
0 0.5661057692307693 0.7692307692307693 0.09855769230769232 0.10096153846153846
0 0.6069711538461539 0.8473557692307693 0.09375 0.09855769230769232
0 0.29447115384615385 0.5552884615384616 0.10817307692307693 0.12980769230769232
0 0.2355769230769231 0.5829326923076923 0.07692307692307693 0.12259615384615385
0 0.2692307692307693 0.6959134615384616 0.09615384615384616 0.13221153846153846
0 0.34855769230769235 0.6646634615384616 0.10096153846153846 0.13221153846153846
0 0.4651442307692308 0.7259615384615385 0.09855769230769232 0.10576923076923078
0 0.3870192307692308 0.7584134615384616 0.09615384615384616 0.10336538461538462
0 0.49399038461538464 0.8052884615384616 0.08413461538461539 0.10576923076923078
0 0.4206730769230769 0.8293269230769231 0.08653846153846154 0.08653846153846154
0 0.3125 0.7908653846153847 0.09134615384615385 0.10576923076923078
0 0.19230769230769232 0.701923076923077 0.09615384615384616 0.08653846153846154
0 0.20793269230769232 0.7536057692307693 0.0889423076923077 0.08413461538461539
0 0.11658653846153846 0.7307692307692308 0.0889423076923077 0.08173076923076923
0 0.140625 0.7908653846153847 0.0889423076923077 0.08173076923076923
0 0.23798076923076925 0.8257211538461539 0.10096153846153846 0.10817307692307693
0 0.16466346153846154 0.8533653846153847 0.09375 0.10576923076923078
0 0.34375 0.873798076923077 0.08653846153846154 0.08413461538461539
0 0.08774038461538462 0.8846153846153847 0.10336538461538462 0.10576923076923078
0 0.5228365384615384 0.8798076923076924 0.08413461538461539 0.09615384615384616
0 0.6382211538461539 0.9230769230769231 0.10336538461538462 0.11538461538461539
0 0.561298076923077 0.9543269230769231 0.09855769230769232 0.09134615384615385
0 0.45432692307692313 0.9110576923076924 0.08653846153846154 0.09615384615384616
0 0.4867788461538462 0.9663461538461539 0.10336538461538462 0.06730769230769232
0 0.3810096153846154 0.9435096153846154 0.09855769230769232 0.0889423076923077
0 0.4122596153846154 0.9819711538461539 0.09375 0.03605769230769231
0 0.2716346153846154 0.8990384615384616 0.09134615384615385 0.09134615384615385
0 0.3076923076923077 0.9639423076923077 0.08653846153846154 0.07211538461538462
0 0.1983173076923077 0.9302884615384616 0.0889423076923077 0.10096153846153846
0 0.22836538461538464 0.9795673076923077 0.08173076923076923 0.040865384615384616
0 0.12860576923076925 0.9579326923076924 0.08413461538461539 0.08413461538461539
0 0.030048076923076924 0.9194711538461539 0.06009615384615385 0.11298076923076923
0 0.04567307692307693 0.9735576923076924 0.09134615384615385 0.05288461538461539
