0 0.6646634615384616 0.3737980769230769 0.15625 0.13701923076923078
0 0.5588942307692308 0.41466346153846156 0.10336538461538462 0.10817307692307693
0 0.7055288461538461 0.4567307692307693 0.1514423076923077 0.12980769230769232
0 0.7367788461538461 0.5528846153846154 0.11778846153846155 0.12980769230769232
0 0.8137019230769231 0.5564903846153847 0.10817307692307693 0.11298076923076923
0 0.84375 0.6262019230769231 0.11538461538461539 0.10336538461538462
0 0.6033653846153847 0.5048076923076923 0.09615384615384616 0.1201923076923077
0 0.6418269230769231 0.5961538461538461 0.09134615384615385 0.11057692307692309
0 0.7596153846153847 0.6478365384615385 0.11057692307692309 0.11298076923076923
0 0.7872596153846154 0.7235576923076924 0.09855769230769232 0.10096153846153846
0 0.828125 0.8016826923076924 0.09375 0.09855769230769232
0 0.515625 0.5096153846153847 0.10817307692307693 0.12980769230769232
0 0.4567307692307693 0.5372596153846154 0.07692307692307693 0.12259615384615385
0 0.4903846153846154 0.6502403846153847 0.09615384615384616 0.13221153846153846
0 0.5697115384615385 0.6189903846153847 0.10096153846153846 0.13221153846153846
0 0.686298076923077 0.6802884615384616 0.09855769230769232 0.10576923076923078
0 0.608173076923077 0.7127403846153847 0.09615384615384616 0.10336538461538462
0 0.7151442307692308 0.7596153846153847 0.08413461538461539 0.10576923076923078
0 0.6418269230769231 0.7836538461538461 0.08653846153846154 0.08653846153846154
0 0.5336538461538461 0.7451923076923077 0.09134615384615385 0.10576923076923078
0 0.4134615384615385 0.65625 0.09615384615384616 0.08653846153846154
0 0.4290865384615385 0.7079326923076924 0.0889423076923077 0.08413461538461539
0 0.33774038461538464 0.6850961538461539 0.0889423076923077 0.08173076923076923
0 0.3617788461538462 0.7451923076923077 0.0889423076923077 0.08173076923076923
0 0.4591346153846154 0.780048076923077 0.10096153846153846 0.10817307692307693
0 0.3858173076923077 0.8076923076923077 0.09375 0.10576923076923078
0 0.5649038461538461 0.828125 0.08653846153846154 0.08413461538461539
0 0.3088942307692308 0.8389423076923077 0.10336538461538462 0.10576923076923078
0 0.7439903846153847 0.8341346153846154 0.08413461538461539 0.09615384615384616
0 0.859375 0.8774038461538463 0.10336538461538462 0.11538461538461539
0 0.7824519230769231 0.9134615384615385 0.09855769230769232 0.10096153846153846
0 0.6754807692307693 0.8653846153846154 0.08653846153846154 0.09615384615384616
0 0.7079326923076924 0.9411057692307693 0.10336538461538462 0.10817307692307693
0 0.7391826923076924 0.9891826923076924 0.09375 0.021634615384615384
0 0.6021634615384616 0.8978365384615385 0.09855769230769232 0.0889423076923077
0 0.6334134615384616 0.9591346153846154 0.09375 0.08173076923076923
0 0.49278846153846156 0.8533653846153847 0.09134615384615385 0.09134615384615385
0 0.5288461538461539 0.9278846153846154 0.08653846153846154 0.09134615384615385
0 0.5637019230769231 0.9759615384615385 0.09855769230769232 0.04807692307692308
0 0.41947115384615385 0.8846153846153847 0.0889423076923077 0.10096153846153846
0 0.4495192307692308 0.9567307692307693 0.08173076923076923 0.08653846153846154
0 0.4879807692307693 0.9951923076923077 0.10096153846153846 0.009615384615384616
0 0.3497596153846154 0.9194711538461539 0.08413461538461539 0.09855769230769232
0 0.23197115384615385 0.873798076923077 0.09855769230769232 0.11298076923076923
0 0.2668269230769231 0.9507211538461539 0.09134615384615385 0.09855769230769232
0 0.3810096153846154 0.9735576923076924 0.08413461538461539 0.05288461538461539
0 0.30528846153846156 0.9891826923076924 0.10576923076923078 0.021634615384615384
