0 0.4747596153846154 0.4326923076923077 0.03605769230769231 0.02403846153846154
0 0.4903846153846154 0.4519230769230769 0.05288461538461539 0.028846153846153848
0 0.5108173076923077 0.46875 0.0889423076923077 0.03365384615384616
0 0.5228365384615384 0.4867788461538462 0.11298076923076923 0.040865384615384616
0 0.5276442307692308 0.5072115384615384 0.10817307692307693 0.038461538461538464
0 0.530048076923077 0.5252403846153847 0.11298076923076923 0.03605769230769231
0 0.53125 0.5432692307692308 0.11057692307692309 0.03365384615384616
0 0.5348557692307693 0.5637019230769231 0.10817307692307693 0.03605769230769231
0 0.5408653846153847 0.5829326923076923 0.11538461538461539 0.03605769230769231
0 0.5420673076923077 0.5997596153846154 0.10817307692307693 0.03605769230769231
0 0.5444711538461539 0.6189903846153847 0.10336538461538462 0.03605769230769231
0 0.5492788461538461 0.639423076923077 0.11298076923076923 0.03365384615384616
0 0.5528846153846154 0.6610576923076923 0.11057692307692309 0.03365384615384616
0 0.5600961538461539 0.7043269230769231 0.11057692307692309 0.03365384615384616
0 0.5661057692307693 0.7451923076923077 0.10336538461538462 0.038461538461538464
0 0.5588942307692308 0.7872596153846154 0.06971153846153846 0.03125
