0 0.8990384615384616 0.5396634615384616 0.20192307692307693 0.17067307692307693
0 0.8485576923076924 0.5709134615384616 0.17307692307692307 0.13221153846153846
0 0.90625 0.7379807692307693 0.13942307692307693 0.125
0 0.5192307692307693 0.38341346153846156 0.19711538461538464 0.16105769230769232
0 0.4711538461538462 0.47716346153846156 0.16826923076923078 0.12259615384615385
0 0.4134615384615385 0.701923076923077 0.15384615384615385 0.17307692307692307
0 0.296875 0.3088942307692308 0.13221153846153846 0.09855769230769232
0 0.09495192307692309 0.0889423076923077 0.0889423076923077 0.0625
0 0.08293269230769232 0.10697115384615385 0.0889423076923077 0.06009615384615385
0 0.06971153846153846 0.13221153846153846 0.08173076923076923 0.057692307692307696
0 0.06129807692307693 0.13701923076923078 0.06490384615384616 0.04807692307692308
0 0.054086538461538464 0.15264423076923078 0.06971153846153846 0.05048076923076923
0 0.04927884615384616 0.16466346153846154 0.06971153846153846 0.04567307692307693
0 0.046875 0.17548076923076925 0.07451923076923077 0.04807692307692308
0 0.14182692307692307 0.21274038461538464 0.11057692307692309 0.09855769230769232
0 0.2920673076923077 0.7127403846153847 0.22355769230769232 0.3004807692307693
0 0.3425480769230769 0.826923076923077 0.15625 0.17307692307692307
0 0.6418269230769231 0.8004807692307693 0.16826923076923078 0.17307692307692307
0 0.733173076923077 0.8798076923076924 0.17307692307692307 0.17307692307692307
