0 0.7848557692307693 0.09254807692307693 0.04567307692307693 0.03125
0 0.7223557692307693 0.6526442307692308 0.2620192307692308 0.13701923076923078
0 0.4915865384615385 0.3605769230769231 0.1466346153846154 0.09134615384615385
0 0.3713942307692308 0.3161057692307693 0.13221153846153846 0.0889423076923077
0 0.21754807692307693 0.28605769230769235 0.1514423076923077 0.08653846153846154
0 0.3353365384615385 0.2512019230769231 0.06490384615384616 0.06009615384615385
0 0.2884615384615385 0.23798076923076925 0.07692307692307693 0.06730769230769232
0 0.21514423076923078 0.21514423076923078 0.10336538461538462 0.08413461538461539
0 0.12620192307692307 0.1875 0.09855769230769232 0.07692307692307693
0 0.11658653846153846 0.2403846153846154 0.10817307692307693 0.06730769230769232
0 0.1622596153846154 0.4278846153846154 0.2620192307692308 0.1201923076923077
