0 0.1875 0.009615384615384616 0.2932692307692308 0.019230769230769232
0 0.17067307692307693 0.042067307692307696 0.2692307692307693 0.021634615384615384
0 0.1670673076923077 0.07451923076923077 0.2043269230769231 0.02403846153846154
0 0.1670673076923077 0.10697115384615385 0.13221153846153846 0.021634615384615384
0 0.16586538461538464 0.140625 0.07211538461538462 0.021634615384615384
0 0.4411057692307693 0.019230769230769232 0.16105769230769232 0.02403846153846154
0 0.4495192307692308 0.04447115384615385 0.21153846153846156 0.021634615384615384
0 0.43509615384615385 0.06850961538461539 0.2403846153846154 0.026442307692307696
0 0.4362980769230769 0.09134615384615385 0.30528846153846156 0.028846153846153848
0 0.4254807692307693 0.11899038461538462 0.32211538461538464 0.026442307692307696
0 0.39543269230769235 0.14182692307692307 0.31009615384615385 0.02403846153846154
0 0.37980769230769235 0.17067307692307693 0.2980769230769231 0.028846153846153848
0 0.3653846153846154 0.19591346153846154 0.28365384615384615 0.026442307692307696
0 0.3509615384615385 0.21754807692307693 0.2451923076923077 0.026442307692307696
0 0.3581730769230769 0.24639423076923078 0.19230769230769232 0.021634615384615384
0 0.3545673076923077 0.2692307692307693 0.16105769230769232 0.019230769230769232
0 0.35216346153846156 0.296875 0.08413461538461539 0.021634615384615384
0 0.021634615384615384 0.07572115384615385 0.04326923076923077 0.021634615384615384
0 0.038461538461538464 0.11418269230769232 0.07692307692307693 0.021634615384615384
0 0.05528846153846154 0.1466346153846154 0.11057692307692309 0.02403846153846154
0 0.07211538461538462 0.17908653846153846 0.14423076923076925 0.026442307692307696
0 0.058894230769230775 0.2139423076923077 0.11778846153846155 0.02403846153846154
0 0.04326923076923077 0.24399038461538464 0.08653846153846154 0.021634615384615384
0 0.1622596153846154 0.24759615384615385 0.10336538461538462 0.02403846153846154
0 0.15745192307692307 0.2800480769230769 0.13701923076923078 0.021634615384615384
0 0.16105769230769232 0.30168269230769235 0.19230769230769232 0.021634615384615384
0 0.16105769230769232 0.32572115384615385 0.22596153846153846 0.026442307692307696
0 0.15625 0.35336538461538464 0.2884615384615385 0.028846153846153848
0 0.15264423076923078 0.3786057692307693 0.30528846153846156 0.03125
0 0.14182692307692307 0.4014423076923077 0.28365384615384615 0.02403846153846154
0 0.026442307692307696 0.27403846153846156 0.05288461538461539 0.019230769230769232
0 0.13341346153846154 0.43028846153846156 0.2668269230769231 0.02403846153846154
0 0.11658653846153846 0.453125 0.23317307692307693 0.026442307692307696
0 0.10216346153846155 0.47836538461538464 0.2043269230769231 0.02403846153846154
0 0.09134615384615385 0.5012019230769231 0.1826923076923077 0.026442307692307696
0 0.07932692307692309 0.5276442307692308 0.15865384615384617 0.026442307692307696
0 0.9663461538461539 0.671875 0.06730769230769232 0.09375
0 0.9579326923076924 0.6947115384615385 0.08413461538461539 0.09134615384615385
0 0.9411057692307693 0.7163461538461539 0.09375 0.09134615384615385
0 0.9254807692307693 0.7367788461538461 0.09134615384615385 0.09375
0 0.9014423076923077 0.7572115384615385 0.09615384615384616 0.08653846153846154
0 0.4290865384615385 0.5625 0.2043269230769231 0.21634615384615385
0 0.4098557692307693 0.578125 0.2043269230769231 0.2139423076923077
0 0.3942307692307693 0.5949519230769231 0.20192307692307693 0.2139423076923077
0 0.375 0.609375 0.21153846153846156 0.2091346153846154
0 0.3617788461538462 0.6286057692307693 0.2139423076923077 0.2139423076923077
0 0.2668269230769231 0.9254807692307693 0.5336538461538461 0.14903846153846154
0 0.06009615384615385 0.5528846153846154 0.1201923076923077 0.028846153846153848
0 0.05048076923076923 0.576923076923077 0.10096153846153846 0.028846153846153848
0 0.03966346153846154 0.6021634615384616 0.07932692307692309 0.026442307692307696
0 0.021634615384615384 0.6262019230769231 0.04326923076923077 0.026442307692307696
