0 0.27043269230769235 0.09014423076923077 0.15625 0.13701923076923078
0 0.16466346153846154 0.1310096153846154 0.10336538461538462 0.10817307692307693
0 0.3112980769230769 0.17307692307692307 0.1514423076923077 0.12980769230769232
0 0.3425480769230769 0.2692307692307693 0.11778846153846155 0.12980769230769232
0 0.41947115384615385 0.2728365384615385 0.10817307692307693 0.11298076923076923
0 0.4495192307692308 0.3425480769230769 0.11538461538461539 0.10336538461538462
0 0.2091346153846154 0.22115384615384617 0.09615384615384616 0.1201923076923077
0 0.24759615384615385 0.3125 0.09134615384615385 0.11057692307692309
0 0.3653846153846154 0.36418269230769235 0.11057692307692309 0.11298076923076923
0 0.3930288461538462 0.4399038461538462 0.09855769230769232 0.10096153846153846
0 0.4338942307692308 0.5180288461538461 0.09375 0.09855769230769232
0 0.12139423076923078 0.22596153846153846 0.10817307692307693 0.12980769230769232
0 0.0625 0.2536057692307692 0.07692307692307693 0.12259615384615385
0 0.09615384615384616 0.3665865384615385 0.09615384615384616 0.13221153846153846
0 0.17548076923076925 0.3353365384615385 0.10096153846153846 0.13221153846153846
0 0.2920673076923077 0.3966346153846154 0.09855769230769232 0.10576923076923078
0 0.2139423076923077 0.4290865384615385 0.09615384615384616 0.10336538461538462
0 0.32091346153846156 0.4759615384615385 0.08413461538461539 0.10576923076923078
0 0.24759615384615385 0.5 0.08653846153846154 0.08653846153846154
0 0.13942307692307693 0.46153846153846156 0.09134615384615385 0.10576923076923078
0 0.03365384615384616 0.37259615384615385 0.06730769230769232 0.08653846153846154
0 0.03966346153846154 0.4242788461538462 0.07932692307692309 0.08413461538461539
0 0.006009615384615385 0.46153846153846156 0.01201923076923077 0.08173076923076923
0 0.06490384615384616 0.4963942307692308 0.10096153846153846 0.10817307692307693
0 0.019230769230769232 0.5240384615384616 0.038461538461538464 0.10576923076923078
0 0.17067307692307693 0.5444711538461539 0.08653846153846154 0.08413461538461539
0 0.3497596153846154 0.5504807692307693 0.08413461538461539 0.09615384615384616
0 0.4651442307692308 0.59375 0.10336538461538462 0.11538461538461539
0 0.38822115384615385 0.6298076923076923 0.09855769230769232 0.10096153846153846
0 0.28125 0.5817307692307693 0.08653846153846154 0.09615384615384616
0 0.3137019230769231 0.6574519230769231 0.10336538461538462 0.10817307692307693
0 0.3449519230769231 0.7403846153846154 0.09375 0.09134615384615385
0 0.27884615384615385 0.7704326923076924 0.09615384615384616 0.09375
0 0.20793269230769232 0.6141826923076923 0.09855769230769232 0.0889423076923077
0 0.23918269230769232 0.686298076923077 0.09375 0.10336538461538462
0 0.09855769230769232 0.5697115384615385 0.09134615384615385 0.09134615384615385
0 0.13461538461538464 0.6442307692307693 0.08653846153846154 0.09134615384615385
0 0.16947115384615385 0.7223557692307693 0.09855769230769232 0.10817307692307693
0 0.03485576923076923 0.6009615384615385 0.06971153846153846 0.10096153846153846
0 0.05528846153846154 0.6790865384615385 0.08173076923076923 0.09855769230769232
0 0.09375 0.7584134615384616 0.10096153846153846 0.10336538461538462
0 0.014423076923076924 0.7115384615384616 0.028846153846153848 0.09615384615384616
0 0.03365384615384616 0.7908653846153847 0.06730769230769232 0.11057692307692309
0 0.040865384615384616 0.9387019230769231 0.08173076923076923 0.12259615384615385
0 0.01682692307692308 0.9483173076923077 0.03365384615384616 0.10336538461538462
