0 0.08533653846153846 0.06490384615384616 0.03605769230769231 0.04807692307692308
0 0.37980769230769235 0.10817307692307693 0.04326923076923077 0.038461538461538464
0 0.4651442307692308 0.2620192307692308 0.09375 0.10576923076923078
0 0.5697115384615385 0.40384615384615385 0.05288461538461539 0.05288461538461539
0 0.5901442307692308 0.45793269230769235 0.05528846153846154 0.06009615384615385
0 0.6826923076923077 0.5192307692307693 0.028846153846153848 0.03365384615384616
0 0.9795673076923077 0.3233173076923077 0.040865384615384616 0.03125
0 0.5564903846153847 0.8233173076923077 0.0889423076923077 0.08413461538461539
0 0.453125 0.7836538461538461 0.11778846153846155 0.11057692307692309
0 0.39543269230769235 0.9711538461538463 0.040865384615384616 0.03365384615384616
0 0.30528846153846156 0.9266826923076924 0.038461538461538464 0.03125
0 0.3317307692307693 0.9795673076923077 0.038461538461538464 0.03125
0 0.2800480769230769 0.9927884615384616 0.03605769230769231 0.014423076923076924
0 0.2692307692307693 0.9879807692307693 0.038461538461538464 0.02403846153846154
0 0.25961538461538464 0.9699519230769231 0.03365384615384616 0.03125
0 0.24879807692307693 0.9555288461538463 0.03605769230769231 0.03125
0 0.2980769230769231 0.9747596153846154 0.057692307692307696 0.05048076923076923
0 0.23798076923076925 0.9338942307692308 0.038461538461538464 0.03605769230769231
0 0.06370192307692309 0.639423076923077 0.06971153846153846 0.04807692307692308
0 0.0889423076923077 0.7007211538461539 0.06730769230769232 0.05528846153846154
