0 0.15024038461538464 0.7379807692307693 0.13221153846153846 0.1201923076923077
0 0.19471153846153846 0.7944711538461539 0.04807692307692308 0.05048076923076923
0 0.32091346153846156 0.6778846153846154 0.05528846153846154 0.05288461538461539
0 0.3605769230769231 0.7079326923076924 0.0625 0.06009615384615385
0 0.40625 0.7439903846153847 0.0625 0.06009615384615385
0 0.45432692307692313 0.7788461538461539 0.06730769230769232 0.057692307692307696
0 0.3810096153846154 0.7848557692307693 0.06009615384615385 0.05048076923076923
0 0.421875 0.8173076923076924 0.040865384615384616 0.038461538461538464
0 0.3233173076923077 0.8149038461538461 0.03605769230769231 0.038461538461538464
0 0.2980769230769231 0.842548076923077 0.04326923076923077 0.040865384615384616
0 0.3653846153846154 0.842548076923077 0.05288461538461539 0.05048076923076923
0 0.3353365384615385 0.8774038461538463 0.05048076923076923 0.04326923076923077
0 0.7115384615384616 0.9939903846153847 0.05288461538461539 0.01201923076923077
0 0.22716346153846156 0.7584134615384616 0.04567307692307693 0.040865384615384616
