0 0.3245192307692308 0.5372596153846154 0.07211538461538462 0.10336538461538462
0 0.3629807692307693 0.5913461538461539 0.07692307692307693 0.057692307692307696
0 0.6177884615384616 0.5 0.05288461538461539 0.038461538461538464
0 0.6286057692307693 0.5336538461538461 0.04567307692307693 0.03365384615384616
0 0.6430288461538461 0.5576923076923077 0.04567307692307693 0.028846153846153848
0 0.65625 0.5865384615384616 0.04326923076923077 0.03365384615384616
0 0.6670673076923077 0.6117788461538461 0.04567307692307693 0.026442307692307696
0 0.6814903846153847 0.639423076923077 0.04567307692307693 0.028846153846153848
0 0.6947115384615385 0.6682692307692308 0.04326923076923077 0.03365384615384616
0 0.7307692307692308 0.8834134615384616 0.09134615384615385 0.13701923076923078
0 0.826923076923077 0.8701923076923077 0.09615384615384616 0.09134615384615385
0 0.9639423076923077 0.7608173076923077 0.07211538461538462 0.23798076923076925
