0 0.18028846153846154 0.45072115384615385 0.125 0.13701923076923078
0 0.27043269230769235 0.3870192307692308 0.13221153846153846 0.13461538461538464
0 0.36778846153846156 0.3317307692307693 0.125 0.13461538461538464
0 0.453125 0.27403846153846156 0.10817307692307693 0.12980769230769232
0 0.7223557692307693 0.2620192307692308 0.06971153846153846 0.09134615384615385
0 0.701923076923077 0.2776442307692308 0.07692307692307693 0.09375
0 0.6298076923076923 0.3185096153846154 0.07211538461538462 0.09855769230769232
0 0.608173076923077 0.3353365384615385 0.08173076923076923 0.0889423076923077
0 0.5384615384615385 0.375 0.07211538461538462 0.10096153846153846
0 0.5084134615384616 0.3978365384615385 0.0889423076923077 0.09855769230769232
0 0.48197115384615385 0.4170673076923077 0.07451923076923077 0.09375
0 0.41105769230769235 0.45793269230769235 0.07692307692307693 0.09855769230769232
0 0.38822115384615385 0.4759615384615385 0.07451923076923077 0.09134615384615385
0 0.3161057692307693 0.5192307692307693 0.07451923076923077 0.09134615384615385
0 0.2920673076923077 0.5348557692307693 0.08413461538461539 0.09855769230769232
0 0.36418269230769235 0.6514423076923077 0.09855769230769232 0.12980769230769232
0 0.39543269230769235 0.6322115384615385 0.10817307692307693 0.13461538461538464
0 0.4519230769230769 0.5949519230769231 0.11057692307692309 0.13221153846153846
0 0.4867788461538462 0.5709134615384616 0.10817307692307693 0.12740384615384617
0 0.5444711538461539 0.5360576923076923 0.11298076923076923 0.13461538461538464
0 0.5829326923076923 0.514423076923077 0.10817307692307693 0.13461538461538464
0 0.6141826923076923 0.4879807692307693 0.10336538461538462 0.13461538461538464
0 0.6766826923076923 0.453125 0.10817307692307693 0.13221153846153846
0 0.7079326923076924 0.43028846153846156 0.10817307692307693 0.12980769230769232
0 0.764423076923077 0.3966346153846154 0.10576923076923078 0.13461538461538464
0 0.7944711538461539 0.375 0.09855769230769232 0.125
0 0.8185096153846154 0.5024038461538461 0.06009615384615385 0.08173076923076923
0 0.7728365384615385 0.5288461538461539 0.08413461538461539 0.09615384615384616
0 0.7403846153846154 0.5504807692307693 0.08653846153846154 0.09615384615384616
0 0.6802884615384616 0.5901442307692308 0.08653846153846154 0.0889423076923077
0 0.6466346153846154 0.6105769230769231 0.08173076923076923 0.09615384615384616
0 0.6105769230769231 0.6298076923076923 0.07692307692307693 0.09134615384615385
0 0.5492788461538461 0.671875 0.07932692307692309 0.0889423076923077
0 0.5168269230769231 0.6923076923076923 0.07692307692307693 0.09615384615384616
0 0.4591346153846154 0.7295673076923077 0.07692307692307693 0.09375
0 0.4278846153846154 0.7512019230769231 0.07692307692307693 0.0889423076923077
0 0.09735576923076923 0.7235576923076924 0.19471153846153846 0.42307692307692313
0 0.03605769230769231 0.8545673076923077 0.07211538461538462 0.29086538461538464
0 0.056490384615384616 0.8461538461538463 0.11298076923076923 0.3076923076923077
0 0.1514423076923077 0.6850961538461539 0.3028846153846154 0.4278846153846154
