0 0.24759615384615385 0.17427884615384617 0.125 0.10336538461538462
0 0.3233173076923077 0.11658653846153846 0.09855769230769232 0.11778846153846155
0 0.265625 0.2536057692307692 0.12740384615384617 0.10336538461538462
1 0.3341346153846154 0.20793269230769232 0.057692307692307696 0.05048076923076923
0 0.421875 0.29927884615384615 0.03125 0.040865384615384616
0 0.3028846153846154 0.30528846153846156 0.15384615384615385 0.12980769230769232
0 0.32572115384615385 0.3942307692307693 0.19951923076923078 0.21634615384615385
0 0.24278846153846156 0.41466346153846156 0.06730769230769232 0.06490384615384616
0 0.46875 0.36778846153846156 0.09134615384615385 0.125
1 0.4254807692307693 0.4483173076923077 0.11538461538461539 0.11298076923076923
0 0.578125 0.7403846153846154 0.23798076923076925 0.22115384615384617
0 0.8641826923076924 0.8485576923076924 0.13701923076923078 0.14423076923076925
0 0.09615384615384616 0.00841346153846154 0.15865384615384617 0.01682692307692308
0 0.2512019230769231 0.00841346153846154 0.15625 0.01682692307692308
