0 0.608173076923077 0.026442307692307696 0.7355769230769231 0.05288461538461539
0 0.578125 0.07932692307692309 0.8341346153846154 0.07692307692307693
0 0.5348557692307693 0.14903846153846154 0.9302884615384616 0.08173076923076923
0 0.5 0.21754807692307693 1.0 0.08413461538461539
0 0.5 0.2884615384615385 1.0 0.08173076923076923
0 0.453125 0.359375 0.90625 0.07932692307692309
0 0.4362980769230769 0.43028846153846156 0.8725961538461539 0.08173076923076923
0 0.3930288461538462 0.5072115384615384 0.7860576923076924 0.07692307692307693
0 0.34855769230769235 0.5673076923076923 0.6971153846153847 0.07692307692307693
0 0.3040865384615385 0.639423076923077 0.608173076923077 0.07211538461538462
0 0.2608173076923077 0.7043269230769231 0.5216346153846154 0.07211538461538462
0 0.21754807692307693 0.7728365384615385 0.43509615384615385 0.06490384615384616
0 0.17548076923076925 0.8377403846153847 0.3509615384615385 0.05528846153846154
0 0.1310096153846154 0.9074519230769231 0.2620192307692308 0.05048076923076923
0 0.09375 0.9723557692307693 0.15865384615384617 0.05528846153846154
