0 0.04326923076923077 0.3269230769230769 0.08653846153846154 0.13461538461538464
0 0.11778846153846155 0.2716346153846154 0.125 0.13461538461538464
0 0.203125 0.2139423076923077 0.10817307692307693 0.12980769230769232
0 0.4723557692307693 0.20192307692307693 0.06971153846153846 0.09134615384615385
0 0.4519230769230769 0.21754807692307693 0.07692307692307693 0.09375
0 0.37980769230769235 0.25841346153846156 0.07211538461538462 0.09855769230769232
0 0.3581730769230769 0.27524038461538464 0.08173076923076923 0.0889423076923077
0 0.2884615384615385 0.31490384615384615 0.07211538461538462 0.10096153846153846
0 0.25841346153846156 0.33774038461538464 0.0889423076923077 0.09855769230769232
0 0.23197115384615385 0.35697115384615385 0.07451923076923077 0.09375
0 0.16105769230769232 0.3978365384615385 0.07692307692307693 0.09855769230769232
0 0.13822115384615385 0.41586538461538464 0.07451923076923077 0.09134615384615385
0 0.06610576923076923 0.4591346153846154 0.07451923076923077 0.09134615384615385
0 0.042067307692307696 0.4747596153846154 0.08413461538461539 0.09855769230769232
0 0.11418269230769232 0.5913461538461539 0.09855769230769232 0.12980769230769232
0 0.14543269230769232 0.5721153846153847 0.10817307692307693 0.13461538461538464
0 0.20192307692307693 0.5348557692307693 0.11057692307692309 0.13221153846153846
0 0.23677884615384617 0.5108173076923077 0.10817307692307693 0.12740384615384617
0 0.29447115384615385 0.4759615384615385 0.11298076923076923 0.13461538461538464
0 0.33293269230769235 0.45432692307692313 0.10817307692307693 0.13461538461538464
0 0.36418269230769235 0.4278846153846154 0.10336538461538462 0.13461538461538464
0 0.42668269230769235 0.3930288461538462 0.10817307692307693 0.13221153846153846
0 0.45793269230769235 0.3701923076923077 0.10817307692307693 0.12980769230769232
0 0.514423076923077 0.33653846153846156 0.10576923076923078 0.13461538461538464
0 0.5444711538461539 0.31490384615384615 0.09855769230769232 0.125
0 0.5685096153846154 0.44230769230769235 0.06009615384615385 0.08173076923076923
0 0.5228365384615384 0.46875 0.08413461538461539 0.09615384615384616
0 0.4903846153846154 0.4903846153846154 0.08653846153846154 0.09615384615384616
0 0.43028846153846156 0.530048076923077 0.08653846153846154 0.0889423076923077
0 0.3966346153846154 0.5504807692307693 0.08173076923076923 0.09615384615384616
0 0.3605769230769231 0.5697115384615385 0.07692307692307693 0.09134615384615385
0 0.29927884615384615 0.6117788461538461 0.07932692307692309 0.0889423076923077
0 0.2668269230769231 0.6322115384615385 0.07692307692307693 0.09615384615384616
0 0.2091346153846154 0.6694711538461539 0.07692307692307693 0.09375
0 0.1778846153846154 0.6911057692307693 0.07692307692307693 0.0889423076923077
0 0.026442307692307696 0.625 0.05288461538461539 0.4278846153846154
