0 0.765625 0.3978365384615385 0.07451923076923077 0.021634615384615384
0 0.7584134615384616 0.43509615384615385 0.14182692307692307 0.02403846153846154
0 0.7620192307692308 0.46995192307692313 0.20192307692307693 0.026442307692307696
0 0.7632211538461539 0.5024038461538461 0.2716346153846154 0.02403846153846154
0 0.7379807692307693 0.5336538461538461 0.3125 0.028846153846153848
0 0.7043269230769231 0.5673076923076923 0.2932692307692308 0.02403846153846154
0 0.6658653846153847 0.5985576923076923 0.2932692307692308 0.02403846153846154
0 0.6490384615384616 0.6334134615384616 0.2692307692307693 0.021634615384615384
0 0.6454326923076923 0.6658653846153847 0.2043269230769231 0.02403846153846154
0 0.6454326923076923 0.6983173076923077 0.13221153846153846 0.021634615384615384
0 0.6442307692307693 0.7319711538461539 0.07211538461538462 0.021634615384615384
0 0.9278846153846154 0.5576923076923077 0.057692307692307696 0.019230769230769232
0 0.9182692307692308 0.5817307692307693 0.10576923076923078 0.019230769230769232
0 0.9194711538461539 0.6105769230769231 0.16105769230769232 0.02403846153846154
0 0.9110576923076924 0.6358173076923077 0.1778846153846154 0.021634615384615384
0 0.8966346153846154 0.6598557692307693 0.20673076923076925 0.026442307692307696
0 0.8810096153846154 0.6826923076923077 0.23798076923076925 0.028846153846153848
0 0.8713942307692308 0.7103365384615385 0.2572115384615385 0.026442307692307696
0 0.859375 0.733173076923077 0.28125 0.02403846153846154
0 0.8545673076923077 0.7620192307692308 0.29086538461538464 0.028846153846153848
0 0.84375 0.7872596153846154 0.28365384615384615 0.026442307692307696
0 0.8293269230769231 0.8088942307692308 0.2451923076923077 0.026442307692307696
0 0.8365384615384616 0.8377403846153847 0.19230769230769232 0.021634615384615384
0 0.8329326923076924 0.8605769230769231 0.16105769230769232 0.019230769230769232
0 0.8305288461538461 0.8882211538461539 0.08413461538461539 0.021634615384615384
0 0.48197115384615385 0.6670673076923077 0.07932692307692309 0.021634615384615384
0 0.4807692307692308 0.7055288461538461 0.14903846153846154 0.021634615384615384
0 0.484375 0.7379807692307693 0.2091346153846154 0.02403846153846154
0 0.4795673076923077 0.7704326923076924 0.28605769230769235 0.026442307692307696
0 0.45072115384615385 0.8052884615384616 0.29086538461538464 0.02403846153846154
0 0.41466346153846156 0.8353365384615385 0.3004807692307693 0.021634615384615384
0 0.640625 0.8389423076923077 0.10336538461538462 0.02403846153846154
0 0.6358173076923077 0.8713942307692308 0.13701923076923078 0.021634615384615384
0 0.639423076923077 0.8930288461538463 0.19230769230769232 0.021634615384615384
0 0.639423076923077 0.9170673076923077 0.22596153846153846 0.026442307692307696
0 0.6346153846153847 0.9447115384615385 0.2884615384615385 0.028846153846153848
0 0.6225961538461539 0.9699519230769231 0.32211538461538464 0.03125
0 0.6009615384615385 0.9903846153846154 0.32211538461538464 0.019230769230769232
0 0.3786057692307693 0.8653846153846154 0.30528846153846156 0.019230769230769232
0 0.3497596153846154 0.9026442307692308 0.31009615384615385 0.026442307692307696
0 0.3161057692307693 0.9350961538461539 0.2956730769230769 0.028846153846153848
0 0.28605769230769235 0.96875 0.3028846153846154 0.02403846153846154
0 0.2512019230769231 0.9927884615384616 0.30528846153846156 0.014423076923076924
