0 0.2884615384615385 0.48918269230769235 0.07211538461538462 0.10336538461538462
0 0.3269230769230769 0.5432692307692308 0.07692307692307693 0.057692307692307696
0 0.5817307692307693 0.4519230769230769 0.05288461538461539 0.038461538461538464
0 0.592548076923077 0.48557692307692313 0.04567307692307693 0.03365384615384616
0 0.6069711538461539 0.5096153846153847 0.04567307692307693 0.028846153846153848
0 0.6201923076923077 0.5384615384615385 0.04326923076923077 0.03365384615384616
0 0.6310096153846154 0.5637019230769231 0.04567307692307693 0.026442307692307696
0 0.6454326923076923 0.5913461538461539 0.04567307692307693 0.028846153846153848
0 0.6586538461538461 0.6201923076923077 0.04326923076923077 0.03365384615384616
0 0.6947115384615385 0.8353365384615385 0.09134615384615385 0.13701923076923078
0 0.7908653846153847 0.8221153846153847 0.09615384615384616 0.09134615384615385
0 0.9459134615384616 0.7127403846153847 0.10817307692307693 0.23798076923076925
0 0.9927884615384616 0.8629807692307693 0.014423076923076924 0.08653846153846154
