0 0.07091346153846154 0.038461538461538464 0.05528846153846154 0.05288461538461539
0 0.11057692307692309 0.06850961538461539 0.0625 0.06009615384615385
0 0.15625 0.1045673076923077 0.0625 0.06009615384615385
0 0.2043269230769231 0.13942307692307693 0.06730769230769232 0.057692307692307696
0 0.1310096153846154 0.14543269230769232 0.06009615384615385 0.05048076923076923
0 0.171875 0.1778846153846154 0.040865384615384616 0.038461538461538464
0 0.0733173076923077 0.17548076923076925 0.03605769230769231 0.038461538461538464
0 0.04807692307692308 0.203125 0.04326923076923077 0.040865384615384616
0 0.11538461538461539 0.203125 0.05288461538461539 0.05048076923076923
0 0.08533653846153846 0.23798076923076925 0.05048076923076923 0.04326923076923077
0 0.46153846153846156 0.3737980769230769 0.05288461538461539 0.05048076923076923
0 0.4278846153846154 0.41586538461538464 0.05288461538461539 0.05288461538461539
0 0.4098557692307693 0.43870192307692313 0.040865384615384616 0.040865384615384616
0 0.39543269230769235 0.5060096153846154 0.07451923076923077 0.06009615384615385
0 0.3653846153846154 0.5420673076923077 0.057692307692307696 0.06490384615384616
0 0.4182692307692308 0.5865384615384616 0.08653846153846154 0.07692307692307693
0 0.4675480769230769 0.5673076923076923 0.06490384615384616 0.05288461538461539
0 0.5348557692307693 0.3858173076923077 0.06971153846153846 0.06490384615384616
0 0.5817307692307693 0.4290865384615385 0.038461538461538464 0.03605769230769231
0 0.5625 0.453125 0.05288461538461539 0.05048076923076923
0 0.5120192307692308 0.41947115384615385 0.08173076923076923 0.07451923076923077
0 0.48557692307692313 0.4567307692307693 0.08173076923076923 0.06730769230769232
0 0.4591346153846154 0.484375 0.06730769230769232 0.06009615384615385
0 0.5432692307692308 0.5012019230769231 0.07211538461538462 0.06971153846153846
0 0.5228365384615384 0.53125 0.06971153846153846 0.05288461538461539
0 0.6045673076923077 0.5480769230769231 0.07451923076923077 0.07211538461538462
0 0.578125 0.5757211538461539 0.06971153846153846 0.06009615384615385
0 0.6754807692307693 0.49759615384615385 0.03365384615384616 0.03365384615384616
0 0.6947115384615385 0.561298076923077 0.07211538461538462 0.07451923076923077
0 0.71875 0.5348557692307693 0.06730769230769232 0.05528846153846154
0 0.765625 0.5685096153846154 0.040865384615384616 0.040865384615384616
0 0.7439903846153847 0.5973557692307693 0.05528846153846154 0.05048076923076923
0 0.7127403846153847 0.6298076923076923 0.05528846153846154 0.04807692307692308
0 0.6646634615384616 0.6009615384615385 0.07451923076923077 0.06730769230769232
0 0.6899038461538461 0.6634615384615385 0.04807692307692308 0.038461538461538464
0 0.639423076923077 0.6274038461538461 0.07211538461538462 0.0625
0 0.6742788461538461 0.7223557692307693 0.04567307692307693 0.05048076923076923
0 0.6322115384615385 0.7680288461538461 0.05288461538461539 0.06490384615384616
0 0.24879807692307693 0.8653846153846154 0.03125 0.02403846153846154
