0 0.40625 0.03245192307692308 0.04326923076923077 0.03605769230769231
0 0.03966346153846154 0.4987980769230769 0.03605769230769231 0.03125
0 0.09735576923076923 0.5384615384615385 0.03125 0.028846153846153848
0 0.22716346153846156 0.40024038461538464 0.03125 0.03605769230769231
0 0.29086538461538464 0.6598557692307693 0.028846153846153848 0.03605769230769231
0 0.057692307692307696 0.07091346153846154 0.04326923076923077 0.04567307692307693
0 0.5036057692307693 0.2920673076923077 0.03605769230769231 0.03605769230769231
0 0.5516826923076923 0.33293269230769235 0.040865384615384616 0.03605769230769231
0 0.4567307692307693 0.5264423076923077 0.10096153846153846 0.05288461538461539
0 0.9110576923076924 0.1875 0.038461538461538464 0.057692307692307696
0 0.9314903846153847 0.2728365384615385 0.07932692307692309 0.11298076923076923
0 0.983173076923077 0.03245192307692308 0.03365384615384616 0.06490384615384616
0 0.7788461538461539 0.780048076923077 0.09615384615384616 0.05528846153846154
0 0.7235576923076924 0.9939903846153847 0.057692307692307696 0.01201923076923077
0 0.6983173076923077 0.9891826923076924 0.05048076923076923 0.021634615384615384
0 0.43028846153846156 0.7235576923076924 0.038461538461538464 0.04326923076923077
0 0.5 0.7584134615384616 0.04807692307692308 0.07451923076923077
0 0.44591346153846156 0.9603365384615385 0.03605769230769231 0.026442307692307696
