0 0.20192307692307693 0.015625 0.09134615384615385 0.03125
0 0.04567307692307693 0.057692307692307696 0.09134615384615385 0.09134615384615385
0 0.03125 0.6177884615384616 0.0625 0.0625
0 0.17548076923076925 0.5793269230769231 0.057692307692307696 0.05288461538461539
0 0.2620192307692308 0.5576923076923077 0.04807692307692308 0.04326923076923077
0 0.30168269230769235 0.7620192307692308 0.05048076923076923 0.05288461538461539
0 0.44711538461538464 0.49759615384615385 0.08653846153846154 0.0625
0 0.6610576923076923 0.4747596153846154 0.10096153846153846 0.05048076923076923
0 0.6057692307692308 0.7223557692307693 0.04807692307692308 0.021634615384615384
0 0.8798076923076924 0.453125 0.04326923076923077 0.05048076923076923
0 0.8329326923076924 0.71875 0.08413461538461539 0.04807692307692308
0 0.875 0.748798076923077 0.03365384615384616 0.06009615384615385
0 0.9122596153846154 0.748798076923077 0.03125 0.06009615384615385
0 0.9387019230769231 0.4399038461538462 0.040865384615384616 0.03365384615384616
