0 0.6766826923076923 0.2536057692307692 0.06971153846153846 0.06971153846153846
0 0.4651442307692308 0.09134615384615385 0.03125 0.04807692307692308
0 0.5060096153846154 0.030048076923076924 0.040865384615384616 0.05528846153846154
0 0.21153846153846156 0.16826923076923078 0.09615384615384616 0.10576923076923078
0 0.02403846153846154 0.49759615384615385 0.04807692307692308 0.0625
0 0.48557692307692313 0.546875 0.04326923076923077 0.03605769230769231
0 0.30649038461538464 0.9146634615384616 0.03125 0.03605769230769231
0 0.13701923076923078 0.5853365384615385 0.04326923076923077 0.04567307692307693
0 0.5829326923076923 0.8064903846153847 0.03605769230769231 0.03605769230769231
0 0.6310096153846154 0.8473557692307693 0.040865384615384616 0.03605769230769231
0 0.9855769230769231 0.701923076923077 0.028846153846153848 0.057692307692307696
0 0.9855769230769231 0.7872596153846154 0.028846153846153848 0.11298076923076923
