0 0.8786057692307693 0.1201923076923077 0.09375 0.10576923076923078
0 0.9783653846153847 0.2620192307692308 0.04326923076923077 0.05288461538461539
0 0.9879807692307693 0.3161057692307693 0.02403846153846154 0.06009615384615385
0 0.9627403846153847 0.6814903846153847 0.07451923076923077 0.08413461538461539
0 0.8665865384615385 0.6418269230769231 0.11778846153846155 0.11057692307692309
0 0.8088942307692308 0.8293269230769231 0.040865384615384616 0.03365384615384616
0 0.71875 0.7848557692307693 0.038461538461538464 0.03125
0 0.7451923076923077 0.8377403846153847 0.038461538461538464 0.03125
0 0.6935096153846154 0.8617788461538463 0.03605769230769231 0.03605769230769231
0 0.6826923076923077 0.8485576923076924 0.038461538461538464 0.028846153846153848
0 0.6730769230769231 0.828125 0.03365384615384616 0.03125
0 0.6622596153846154 0.8137019230769231 0.03605769230769231 0.03125
0 0.7115384615384616 0.8545673076923077 0.057692307692307696 0.09375
0 0.6514423076923077 0.7920673076923077 0.038461538461538464 0.03605769230769231
0 0.47716346153846156 0.49759615384615385 0.06971153846153846 0.04807692307692308
0 0.5024038461538461 0.5588942307692308 0.06730769230769232 0.05528846153846154
