0 0.7319711538461539 0.17908653846153846 0.15625 0.13701923076923078
0 0.6262019230769231 0.2199519230769231 0.10336538461538462 0.10817307692307693
0 0.7728365384615385 0.2620192307692308 0.1514423076923077 0.12980769230769232
0 0.8040865384615385 0.3581730769230769 0.11778846153846155 0.12980769230769232
0 0.8810096153846154 0.3617788461538462 0.10817307692307693 0.11298076923076923
0 0.9110576923076924 0.43149038461538464 0.11538461538461539 0.10336538461538462
0 0.670673076923077 0.31009615384615385 0.09615384615384616 0.1201923076923077
0 0.7091346153846154 0.4014423076923077 0.09134615384615385 0.11057692307692309
0 0.826923076923077 0.453125 0.11057692307692309 0.11298076923076923
0 0.8545673076923077 0.5288461538461539 0.09855769230769232 0.10096153846153846
0 0.8954326923076924 0.6069711538461539 0.09375 0.09855769230769232
0 0.5829326923076923 0.31490384615384615 0.10817307692307693 0.12980769230769232
0 0.5240384615384616 0.3425480769230769 0.07692307692307693 0.12259615384615385
0 0.5576923076923077 0.4555288461538462 0.09615384615384616 0.13221153846153846
0 0.6370192307692308 0.4242788461538462 0.10096153846153846 0.13221153846153846
0 0.7536057692307693 0.48557692307692313 0.09855769230769232 0.10576923076923078
0 0.6754807692307693 0.5180288461538461 0.09615384615384616 0.10336538461538462
0 0.7824519230769231 0.5649038461538461 0.08413461538461539 0.10576923076923078
0 0.7091346153846154 0.5889423076923077 0.08653846153846154 0.08653846153846154
0 0.6009615384615385 0.5504807692307693 0.09134615384615385 0.10576923076923078
0 0.4807692307692308 0.46153846153846156 0.09615384615384616 0.08653846153846154
0 0.4963942307692308 0.5132211538461539 0.0889423076923077 0.08413461538461539
0 0.4050480769230769 0.4903846153846154 0.0889423076923077 0.08173076923076923
0 0.4290865384615385 0.5504807692307693 0.0889423076923077 0.08173076923076923
0 0.5264423076923077 0.5853365384615385 0.10096153846153846 0.10817307692307693
0 0.453125 0.6129807692307693 0.09375 0.10576923076923078
0 0.6322115384615385 0.6334134615384616 0.08653846153846154 0.08413461538461539
0 0.3762019230769231 0.6442307692307693 0.10336538461538462 0.10576923076923078
0 0.811298076923077 0.639423076923077 0.08413461538461539 0.09615384615384616
0 0.9266826923076924 0.6826923076923077 0.10336538461538462 0.11538461538461539
0 0.8497596153846154 0.71875 0.09855769230769232 0.10096153846153846
0 0.7427884615384616 0.670673076923077 0.08653846153846154 0.09615384615384616
0 0.7752403846153847 0.7463942307692308 0.10336538461538462 0.10817307692307693
0 0.8064903846153847 0.8293269230769231 0.09375 0.09134615384615385
0 0.7403846153846154 0.859375 0.09615384615384616 0.09375
0 0.6694711538461539 0.703125 0.09855769230769232 0.0889423076923077
0 0.7007211538461539 0.7752403846153847 0.09375 0.10336538461538462
0 0.5600961538461539 0.6586538461538461 0.09134615384615385 0.09134615384615385
0 0.5961538461538461 0.733173076923077 0.08653846153846154 0.09134615384615385
0 0.6310096153846154 0.811298076923077 0.09855769230769232 0.10817307692307693
0 0.4867788461538462 0.6899038461538461 0.0889423076923077 0.10096153846153846
0 0.5168269230769231 0.7680288461538461 0.08173076923076923 0.09855769230769232
0 0.5552884615384616 0.8473557692307693 0.10096153846153846 0.10336538461538462
0 0.4170673076923077 0.7247596153846154 0.08413461538461539 0.09855769230769232
0 0.29927884615384615 0.6790865384615385 0.09855769230769232 0.11298076923076923
0 0.3341346153846154 0.7560096153846154 0.09134615384615385 0.09855769230769232
0 0.4483173076923077 0.8004807692307693 0.08413461538461539 0.09615384615384616
0 0.47716346153846156 0.8798076923076924 0.10336538461538462 0.11057692307692309
0 0.4050480769230769 0.9098557692307693 0.10336538461538462 0.11778846153846155
0 0.37259615384615385 0.8365384615384616 0.10576923076923078 0.10576923076923078
0 0.49399038461538464 0.983173076923077 0.09855769230769232 0.03365384615384616
