0 0.1935096153846154 0.4435096153846154 0.07451923076923077 0.021634615384615384
0 0.18629807692307693 0.4807692307692308 0.14182692307692307 0.02403846153846154
0 0.18990384615384617 0.515625 0.20192307692307693 0.026442307692307696
0 0.19110576923076925 0.5480769230769231 0.2716346153846154 0.02403846153846154
0 0.16586538461538464 0.5793269230769231 0.3125 0.028846153846153848
0 0.13942307692307693 0.6129807692307693 0.27884615384615385 0.02403846153846154
0 0.1201923076923077 0.6442307692307693 0.2403846153846154 0.02403846153846154
0 0.10576923076923078 0.6790865384615385 0.21153846153846156 0.021634615384615384
0 0.08774038461538462 0.7115384615384616 0.17548076923076925 0.02403846153846154
0 0.0733173076923077 0.7439903846153847 0.13221153846153846 0.021634615384615384
0 0.07211538461538462 0.7776442307692308 0.07211538461538462 0.021634615384615384
0 0.3557692307692308 0.6033653846153847 0.057692307692307696 0.019230769230769232
0 0.34615384615384615 0.6274038461538461 0.10576923076923078 0.019230769230769232
0 0.3473557692307693 0.65625 0.16105769230769232 0.02403846153846154
0 0.3557692307692308 0.6814903846153847 0.21153846153846156 0.021634615384615384
0 0.34134615384615385 0.7055288461538461 0.2403846153846154 0.026442307692307696
0 0.3425480769230769 0.7283653846153847 0.30528846153846156 0.028846153846153848
0 0.3317307692307693 0.7560096153846154 0.32211538461538464 0.026442307692307696
0 0.30168269230769235 0.7788461538461539 0.31009615384615385 0.02403846153846154
0 0.28605769230769235 0.8076923076923077 0.2980769230769231 0.028846153846153848
0 0.2716346153846154 0.8329326923076924 0.28365384615384615 0.026442307692307696
0 0.2572115384615385 0.8545673076923077 0.2451923076923077 0.026442307692307696
0 0.2644230769230769 0.8834134615384616 0.19230769230769232 0.021634615384615384
0 0.2608173076923077 0.90625 0.16105769230769232 0.019230769230769232
0 0.25841346153846156 0.9338942307692308 0.08413461538461539 0.021634615384615384
0 0.025240384615384616 0.8161057692307693 0.05048076923076923 0.026442307692307696
0 0.06850961538461539 0.8846153846153847 0.10336538461538462 0.02403846153846154
0 0.06610576923076923 0.9170673076923077 0.13221153846153846 0.021634615384615384
0 0.08173076923076923 0.9387019230769231 0.16346153846153846 0.021634615384615384
0 0.09014423076923077 0.9627403846153847 0.18028846153846154 0.026442307692307696
0 0.10336538461538462 0.9879807692307693 0.20673076923076925 0.02403846153846154
