0 0.8088942307692308 0.056490384615384616 0.07451923076923077 0.021634615384615384
0 0.8016826923076924 0.09375 0.14182692307692307 0.02403846153846154
0 0.8052884615384616 0.12860576923076925 0.20192307692307693 0.026442307692307696
0 0.8064903846153847 0.16105769230769232 0.2716346153846154 0.02403846153846154
0 0.78125 0.19230769230769232 0.3125 0.028846153846153848
0 0.7475961538461539 0.22596153846153846 0.2932692307692308 0.02403846153846154
0 0.7091346153846154 0.2572115384615385 0.2932692307692308 0.02403846153846154
0 0.6923076923076923 0.2920673076923077 0.2692307692307693 0.021634615384615384
0 0.6887019230769231 0.3245192307692308 0.2043269230769231 0.02403846153846154
0 0.6887019230769231 0.35697115384615385 0.13221153846153846 0.021634615384615384
0 0.6875 0.390625 0.07211538461538462 0.021634615384615384
0 0.9711538461538463 0.21634615384615385 0.057692307692307696 0.019230769230769232
0 0.9543269230769231 0.2403846153846154 0.09134615384615385 0.019230769230769232
0 0.9411057692307693 0.2692307692307693 0.11778846153846155 0.02403846153846154
0 0.9326923076923077 0.29447115384615385 0.13461538461538464 0.021634615384615384
0 0.9182692307692308 0.3185096153846154 0.16346153846153846 0.026442307692307696
0 0.9026442307692308 0.34134615384615385 0.19471153846153846 0.028846153846153848
0 0.8930288461538463 0.36899038461538464 0.2139423076923077 0.026442307692307696
0 0.8810096153846154 0.3918269230769231 0.23798076923076925 0.02403846153846154
0 0.8762019230769231 0.4206730769230769 0.24759615384615385 0.028846153846153848
0 0.8725961538461539 0.44591346153846156 0.25480769230769235 0.026442307692307696
0 0.8725961538461539 0.4675480769230769 0.2451923076923077 0.026442307692307696
0 0.8798076923076924 0.4963942307692308 0.19230769230769232 0.021634615384615384
0 0.8762019230769231 0.5192307692307693 0.16105769230769232 0.019230769230769232
0 0.873798076923077 0.546875 0.08413461538461539 0.021634615384615384
0 0.5252403846153847 0.32572115384615385 0.07932692307692309 0.021634615384615384
0 0.5240384615384616 0.36418269230769235 0.14903846153846154 0.021634615384615384
0 0.5276442307692308 0.3966346153846154 0.2091346153846154 0.02403846153846154
0 0.5228365384615384 0.4290865384615385 0.28605769230769235 0.026442307692307696
0 0.49399038461538464 0.4639423076923077 0.29086538461538464 0.02403846153846154
0 0.45793269230769235 0.49399038461538464 0.3004807692307693 0.021634615384615384
0 0.6838942307692308 0.49759615384615385 0.10336538461538462 0.02403846153846154
0 0.6790865384615385 0.530048076923077 0.13701923076923078 0.021634615384615384
0 0.6826923076923077 0.5516826923076923 0.19230769230769232 0.021634615384615384
0 0.6826923076923077 0.5757211538461539 0.22596153846153846 0.026442307692307696
0 0.6778846153846154 0.6033653846153847 0.2884615384615385 0.028846153846153848
0 0.6658653846153847 0.6286057692307693 0.32211538461538464 0.03125
0 0.6442307692307693 0.6514423076923077 0.32211538461538464 0.02403846153846154
0 0.421875 0.5240384615384616 0.30528846153846156 0.019230769230769232
0 0.3930288461538462 0.561298076923077 0.31009615384615385 0.026442307692307696
0 0.359375 0.59375 0.2956730769230769 0.028846153846153848
0 0.3293269230769231 0.6274038461538461 0.3028846153846154 0.02403846153846154
0 0.29447115384615385 0.65625 0.30528846153846156 0.02403846153846154
0 0.25961538461538464 0.6899038461538461 0.3028846153846154 0.02403846153846154
0 0.22716346153846156 0.7223557692307693 0.3004807692307693 0.026442307692307696
0 0.19230769230769232 0.7572115384615385 0.3028846153846154 0.02403846153846154
0 0.6382211538461539 0.6802884615384616 0.3004807692307693 0.02403846153846154
0 0.5901442307692308 0.703125 0.3293269230769231 0.026442307692307696
0 0.5661057692307693 0.7283653846153847 0.3197115384615385 0.02403846153846154
0 0.5360576923076923 0.7512019230769231 0.33653846153846156 0.026442307692307696
0 0.5096153846153847 0.7776442307692308 0.34134615384615385 0.026442307692307696
0 0.9242788461538463 0.8125 0.1514423076923077 0.21634615384615385
0 0.9146634615384616 0.828125 0.17067307692307693 0.2139423076923077
0 0.9074519230769231 0.8449519230769231 0.18509615384615385 0.2139423076923077
0 0.8954326923076924 0.859375 0.2091346153846154 0.2091346153846154
0 0.8834134615384616 0.8786057692307693 0.2139423076923077 0.2139423076923077
0 0.484375 0.8028846153846154 0.31490384615384615 0.028846153846153848
0 0.45432692307692313 0.826923076923077 0.33653846153846156 0.028846153846153848
0 0.4338942307692308 0.8521634615384616 0.3341346153846154 0.026442307692307696
0 0.40625 0.8762019230769231 0.31730769230769235 0.026442307692307696
0 0.3810096153846154 0.9026442307692308 0.3293269230769231 0.026442307692307696
0 0.35697115384615385 0.9254807692307693 0.3197115384615385 0.03365384615384616
0 0.3245192307692308 0.953125 0.3125 0.03125
0 0.3004807692307693 0.9771634615384616 0.3269230769230769 0.03125
0 0.2776442307692308 0.9951923076923077 0.3293269230769231 0.009615384615384616
0 0.15625 0.7872596153846154 0.2980769230769231 0.026442307692307696
0 0.13461538461538464 0.8209134615384616 0.2692307692307693 0.026442307692307696
0 0.12259615384615385 0.8533653846153847 0.2451923076923077 0.02403846153846154
0 0.10216346153846155 0.8870192307692308 0.2043269230769231 0.02403846153846154
0 0.08774038461538462 0.9194711538461539 0.17548076923076925 0.026442307692307696
0 0.06850961538461539 0.953125 0.13701923076923078 0.026442307692307696
0 0.05528846153846154 0.9879807692307693 0.11057692307692309 0.02403846153846154
