0 0.27043269230769235 0.3185096153846154 0.15625 0.13701923076923078
0 0.16466346153846154 0.359375 0.10336538461538462 0.10817307692307693
0 0.3112980769230769 0.4014423076923077 0.1514423076923077 0.12980769230769232
0 0.3425480769230769 0.49759615384615385 0.11778846153846155 0.12980769230769232
0 0.41947115384615385 0.5012019230769231 0.10817307692307693 0.11298076923076923
0 0.4495192307692308 0.5709134615384616 0.11538461538461539 0.10336538461538462
0 0.2091346153846154 0.4495192307692308 0.09615384615384616 0.1201923076923077
0 0.24759615384615385 0.5408653846153847 0.09134615384615385 0.11057692307692309
0 0.3653846153846154 0.592548076923077 0.11057692307692309 0.11298076923076923
0 0.3930288461538462 0.6682692307692308 0.09855769230769232 0.10096153846153846
0 0.4338942307692308 0.7463942307692308 0.09375 0.09855769230769232
0 0.12139423076923078 0.45432692307692313 0.10817307692307693 0.12980769230769232
0 0.0625 0.48197115384615385 0.07692307692307693 0.12259615384615385
0 0.09615384615384616 0.5949519230769231 0.09615384615384616 0.13221153846153846
0 0.17548076923076925 0.5637019230769231 0.10096153846153846 0.13221153846153846
0 0.2920673076923077 0.625 0.09855769230769232 0.10576923076923078
0 0.2139423076923077 0.6574519230769231 0.09615384615384616 0.10336538461538462
0 0.32091346153846156 0.7043269230769231 0.08413461538461539 0.10576923076923078
0 0.24759615384615385 0.7283653846153847 0.08653846153846154 0.08653846153846154
0 0.13942307692307693 0.6899038461538461 0.09134615384615385 0.10576923076923078
0 0.03365384615384616 0.6009615384615385 0.06730769230769232 0.08653846153846154
0 0.03966346153846154 0.6526442307692308 0.07932692307692309 0.08413461538461539
0 0.006009615384615385 0.6899038461538461 0.01201923076923077 0.08173076923076923
0 0.06490384615384616 0.7247596153846154 0.10096153846153846 0.10817307692307693
0 0.019230769230769232 0.7524038461538461 0.038461538461538464 0.10576923076923078
0 0.17067307692307693 0.7728365384615385 0.08653846153846154 0.08413461538461539
0 0.3497596153846154 0.7788461538461539 0.08413461538461539 0.09615384615384616
0 0.4651442307692308 0.8221153846153847 0.10336538461538462 0.11538461538461539
0 0.38822115384615385 0.858173076923077 0.09855769230769232 0.10096153846153846
0 0.28125 0.8100961538461539 0.08653846153846154 0.09615384615384616
0 0.3137019230769231 0.8858173076923077 0.10336538461538462 0.10817307692307693
0 0.3449519230769231 0.9615384615384616 0.09375 0.07692307692307693
0 0.27884615384615385 0.9759615384615385 0.09615384615384616 0.04807692307692308
0 0.20793269230769232 0.842548076923077 0.09855769230769232 0.0889423076923077
0 0.23918269230769232 0.9146634615384616 0.09375 0.10336538461538462
0 0.09855769230769232 0.7980769230769231 0.09134615384615385 0.09134615384615385
0 0.13461538461538464 0.8725961538461539 0.08653846153846154 0.09134615384615385
0 0.16947115384615385 0.9483173076923077 0.09855769230769232 0.10336538461538462
0 0.03485576923076923 0.8293269230769231 0.06971153846153846 0.10096153846153846
0 0.05528846153846154 0.9074519230769231 0.08173076923076923 0.09855769230769232
0 0.09375 0.967548076923077 0.10096153846153846 0.06490384615384616
0 0.014423076923076924 0.9399038461538463 0.028846153846153848 0.09615384615384616
0 0.03365384615384616 0.9819711538461539 0.06730769230769232 0.03605769230769231
