0 0.8966346153846154 0.018028846153846156 0.1201923076923077 0.03605769230769231
0 0.7223557692307693 0.3449519230769231 0.05528846153846154 0.05048076923076923
0 0.6802884615384616 0.3161057692307693 0.057692307692307696 0.08413461538461539
2 0.6742788461538461 0.4519230769230769 0.07932692307692309 0.08173076923076923
0 0.5072115384615384 0.07572115384615385 0.038461538461538464 0.040865384615384616
0 0.4747596153846154 0.109375 0.026442307692307696 0.026442307692307696
0 0.546875 0.4639423076923077 0.0889423076923077 0.08173076923076923
0 0.2956730769230769 0.29086538461538464 0.15384615384615385 0.19230769230769232
0 0.3425480769230769 0.75 0.040865384615384616 0.04807692307692308
0 0.078125 0.5504807692307693 0.05528846153846154 0.04807692307692308
