0 0.1935096153846154 0.009615384615384616 0.2716346153846154 0.019230769230769232
0 0.16826923076923078 0.038461538461538464 0.3125 0.028846153846153848
0 0.140625 0.07211538461538462 0.28125 0.02403846153846154
0 0.12139423076923078 0.10336538461538462 0.24278846153846156 0.02403846153846154
0 0.10697115384615385 0.13822115384615385 0.2139423076923077 0.021634615384615384
0 0.0889423076923077 0.17067307692307693 0.1778846153846154 0.02403846153846154
0 0.07572115384615385 0.203125 0.13221153846153846 0.021634615384615384
0 0.07451923076923077 0.23677884615384617 0.07211538461538462 0.021634615384615384
0 0.3581730769230769 0.0625 0.057692307692307696 0.019230769230769232
0 0.34855769230769235 0.08653846153846154 0.10576923076923078 0.019230769230769232
0 0.3497596153846154 0.11538461538461539 0.16105769230769232 0.02403846153846154
0 0.3581730769230769 0.140625 0.21153846153846156 0.021634615384615384
0 0.34375 0.16466346153846154 0.2403846153846154 0.026442307692307696
0 0.3449519230769231 0.1875 0.30528846153846156 0.028846153846153848
0 0.3341346153846154 0.21514423076923078 0.32211538461538464 0.026442307692307696
0 0.3040865384615385 0.23798076923076925 0.31009615384615385 0.02403846153846154
0 0.2884615384615385 0.2668269230769231 0.2980769230769231 0.028846153846153848
0 0.27403846153846156 0.2920673076923077 0.28365384615384615 0.026442307692307696
0 0.25961538461538464 0.3137019230769231 0.2451923076923077 0.026442307692307696
0 0.2668269230769231 0.3425480769230769 0.19230769230769232 0.021634615384615384
0 0.26322115384615385 0.3653846153846154 0.16105769230769232 0.019230769230769232
0 0.2608173076923077 0.3930288461538462 0.08413461538461539 0.021634615384615384
0 0.026442307692307696 0.27524038461538464 0.05288461538461539 0.026442307692307696
0 0.07091346153846154 0.34375 0.10336538461538462 0.02403846153846154
0 0.06730769230769232 0.3762019230769231 0.13461538461538464 0.021634615384615384
0 0.08293269230769232 0.3978365384615385 0.16586538461538464 0.021634615384615384
0 0.09134615384615385 0.421875 0.1826923076923077 0.026442307692307696
0 0.1045673076923077 0.4495192307692308 0.2091346153846154 0.028846153846153848
0 0.10697115384615385 0.4747596153846154 0.2139423076923077 0.03125
0 0.09615384615384616 0.49759615384615385 0.19230769230769232 0.02403846153846154
0 0.08774038461538462 0.5264423076923077 0.17548076923076925 0.02403846153846154
0 0.07091346153846154 0.5492788461538461 0.14182692307692307 0.026442307692307696
0 0.056490384615384616 0.5745192307692308 0.11298076923076923 0.02403846153846154
0 0.04567307692307693 0.5973557692307693 0.09134615384615385 0.026442307692307696
0 0.03365384615384616 0.623798076923077 0.06730769230769232 0.026442307692307696
0 0.890625 0.7680288461538461 0.09855769230769232 0.09375
0 0.8689903846153847 0.7908653846153847 0.0889423076923077 0.09134615384615385
0 0.8497596153846154 0.8125 0.09375 0.09134615384615385
0 0.8341346153846154 0.8329326923076924 0.09134615384615385 0.09375
0 0.8100961538461539 0.8533653846153847 0.09615384615384616 0.08653846153846154
0 0.33774038461538464 0.6586538461538461 0.2043269230769231 0.21634615384615385
0 0.3185096153846154 0.6742788461538461 0.2043269230769231 0.2139423076923077
0 0.3028846153846154 0.6911057692307693 0.20192307692307693 0.2139423076923077
0 0.28365384615384615 0.7055288461538461 0.21153846153846156 0.2091346153846154
0 0.27043269230769235 0.7247596153846154 0.2139423076923077 0.2139423076923077
