0 0.90625 0.36899038461538464 0.1778846153846154 0.16586538461538464
0 0.640625 0.4795673076923077 0.24278846153846156 0.23317307692307693
0 0.5192307692307693 0.46634615384615385 0.11538461538461539 0.11057692307692309
0 0.5841346153846154 0.41105769230769235 0.1201923076923077 0.11057692307692309
0 0.6502403846153847 0.3557692307692308 0.11778846153846155 0.11057692307692309
0 0.7608173076923077 0.6514423076923077 0.11778846153846155 0.1201923076923077
0 0.576923076923077 0.655048076923077 0.07692307692307693 0.07932692307692309
0 0.5288461538461539 0.7043269230769231 0.07692307692307693 0.08173076923076923
0 0.4711538461538462 0.7512019230769231 0.08653846153846154 0.07932692307692309
0 0.41586538461538464 0.7992788461538461 0.08653846153846154 0.07932692307692309
0 0.7247596153846154 0.6117788461538461 0.12740384615384617 0.11778846153846155
