0 0.11057692307692309 0.1201923076923077 0.06730769230769232 0.0625
0 0.18028846153846154 0.1310096153846154 0.05288461538461539 0.05528846153846154
0 0.8052884615384616 0.09254807692307693 0.028846153846153848 0.03605769230769231
0 0.9447115384615385 0.15625 0.038461538461538464 0.04326923076923077
0 0.9951923076923077 0.19110576923076925 0.009615384615384616 0.07451923076923077
0 0.9603365384615385 0.3930288461538462 0.03605769230769231 0.026442307692307696
0 0.9735576923076924 0.6742788461538461 0.04326923076923077 0.05048076923076923
0 0.2091346153846154 0.4182692307692308 0.08173076923076923 0.08173076923076923
0 0.15865384615384617 0.44591346153846156 0.13942307692307693 0.11298076923076923
0 0.007211538461538462 0.29927884615384615 0.014423076923076924 0.06490384615384616
0 0.3197115384615385 0.6682692307692308 0.03365384615384616 0.028846153846153848
0 0.07692307692307693 0.9891826923076924 0.03365384615384616 0.021634615384615384
