0 0.9242788461538463 0.18389423076923078 0.1514423076923077 0.17067307692307693
0 0.8990384615384616 0.21514423076923078 0.17307692307692307 0.13221153846153846
0 0.9435096153846154 0.3822115384615385 0.11298076923076923 0.125
0 0.5697115384615385 0.054086538461538464 0.19711538461538464 0.10817307692307693
0 0.5216346153846154 0.12139423076923078 0.16826923076923078 0.12259615384615385
0 0.4639423076923077 0.34615384615384615 0.15384615384615385 0.17307692307692307
0 0.019230769230769232 0.28605769230769235 0.038461538461538464 0.057692307692307696
0 0.3425480769230769 0.35697115384615385 0.22355769230769232 0.3004807692307693
0 0.3930288461538462 0.4711538461538462 0.15625 0.17307692307692307
0 0.6923076923076923 0.4447115384615385 0.16826923076923078 0.17307692307692307
0 0.7836538461538461 0.5240384615384616 0.17307692307692307 0.17307692307692307
