0 0.7247596153846154 0.9723557692307693 0.14182692307692307 0.05528846153846154
0 0.8353365384615385 0.890625 0.08413461538461539 0.10336538461538462
0 0.7572115384615385 0.748798076923077 0.11057692307692309 0.10336538461538462
0 0.7163461538461539 0.7223557692307693 0.038461538461538464 0.040865384615384616
0 0.7379807692307693 0.7043269230769231 0.038461538461538464 0.03365384615384616
0 0.7596153846153847 0.6911057692307693 0.03365384615384616 0.03605769230769231
0 0.6370192307692308 0.8353365384615385 0.14423076923076925 0.12740384615384617
0 0.5600961538461539 0.8245192307692308 0.04807692307692308 0.04807692307692308
0 0.5805288461538461 0.8076923076923077 0.04567307692307693 0.04326923076923077
0 0.6021634615384616 0.7908653846153847 0.04567307692307693 0.05288461538461539
0 0.623798076923077 0.7740384615384616 0.04567307692307693 0.04326923076923077
0 0.6442307692307693 0.7596153846153847 0.05288461538461539 0.038461538461538464
0 0.4278846153846154 0.7115384615384616 0.07211538461538462 0.0625
0 0.46634615384615385 0.6658653846153847 0.11057692307692309 0.10576923076923078
0 0.5228365384615384 0.5985576923076923 0.10336538461538462 0.10096153846153846
0 0.5817307692307693 0.5372596153846154 0.10576923076923078 0.10817307692307693
0 0.5480769230769231 0.4591346153846154 0.06730769230769232 0.05288461538461539
0 0.5288461538461539 0.4831730769230769 0.057692307692307696 0.05288461538461539
0 0.5096153846153847 0.5024038461538461 0.06730769230769232 0.05288461538461539
0 0.4963942307692308 0.5252403846153847 0.06009615384615385 0.05048076923076923
0 0.47355769230769235 0.5444711538461539 0.057692307692307696 0.05048076923076923
0 0.45793269230769235 0.5661057692307693 0.06971153846153846 0.06009615384615385
0 0.4399038461538462 0.5889423076923077 0.05288461538461539 0.04807692307692308
0 0.42668269230769235 0.6105769230769231 0.06009615384615385 0.04326923076923077
0 0.41105769230769235 0.6298076923076923 0.057692307692307696 0.04807692307692308
0 0.3894230769230769 0.6538461538461539 0.05288461538461539 0.04326923076923077
0 0.37259615384615385 0.6766826923076923 0.05288461538461539 0.04567307692307693
0 0.22596153846153846 0.6959134615384616 0.1201923076923077 0.11298076923076923
0 0.328125 0.41466346153846156 0.2091346153846154 0.18990384615384617
0 0.17668269230769232 0.3605769230769231 0.06009615384615385 0.10096153846153846
0 0.14182692307692307 0.421875 0.08653846153846154 0.06971153846153846
0 0.09254807692307693 0.5384615384615385 0.09375 0.07211538461538462
0 0.1514423076923077 0.6153846153846154 0.07211538461538462 0.08173076923076923
0 0.009615384615384616 0.6983173076923077 0.019230769230769232 0.07932692307692309
0 0.019230769230769232 0.6538461538461539 0.038461538461538464 0.057692307692307696
0 0.056490384615384616 0.1358173076923077 0.11298076923076923 0.16105769230769232
