0 0.037259615384615384 0.6598557692307693 0.07451923076923077 0.13701923076923078
0 0.10216346153846155 0.5961538461538461 0.13221153846153846 0.13461538461538464
0 0.19951923076923078 0.5408653846153847 0.125 0.13461538461538464
0 0.2848557692307693 0.4831730769230769 0.10817307692307693 0.12980769230769232
0 0.5540865384615385 0.4711538461538462 0.06971153846153846 0.09134615384615385
0 0.5336538461538461 0.4867788461538462 0.07692307692307693 0.09375
0 0.46153846153846156 0.5276442307692308 0.07211538461538462 0.09855769230769232
0 0.4399038461538462 0.5444711538461539 0.08173076923076923 0.0889423076923077
0 0.3701923076923077 0.5841346153846154 0.07211538461538462 0.10096153846153846
0 0.3401442307692308 0.6069711538461539 0.0889423076923077 0.09855769230769232
0 0.3137019230769231 0.6262019230769231 0.07451923076923077 0.09375
0 0.24278846153846156 0.6670673076923077 0.07692307692307693 0.09855769230769232
0 0.2199519230769231 0.6850961538461539 0.07451923076923077 0.09134615384615385
0 0.14783653846153846 0.7283653846153847 0.07451923076923077 0.09134615384615385
0 0.12379807692307693 0.7439903846153847 0.08413461538461539 0.09855769230769232
0 0.19591346153846154 0.8605769230769231 0.09855769230769232 0.12980769230769232
0 0.22716346153846156 0.8413461538461539 0.10817307692307693 0.13461538461538464
0 0.28365384615384615 0.8040865384615385 0.11057692307692309 0.13221153846153846
0 0.3185096153846154 0.780048076923077 0.10817307692307693 0.12740384615384617
0 0.3762019230769231 0.7451923076923077 0.11298076923076923 0.13461538461538464
0 0.41466346153846156 0.7235576923076924 0.10817307692307693 0.13461538461538464
0 0.44591346153846156 0.6971153846153847 0.10336538461538462 0.13461538461538464
0 0.5084134615384616 0.6622596153846154 0.10817307692307693 0.13221153846153846
0 0.5396634615384616 0.639423076923077 0.10817307692307693 0.12980769230769232
0 0.5961538461538461 0.6057692307692308 0.10576923076923078 0.13461538461538464
0 0.6262019230769231 0.5841346153846154 0.09855769230769232 0.125
0 0.6502403846153847 0.7115384615384616 0.06009615384615385 0.08173076923076923
0 0.6045673076923077 0.7379807692307693 0.08413461538461539 0.09615384615384616
0 0.5721153846153847 0.7596153846153847 0.08653846153846154 0.09615384615384616
0 0.5120192307692308 0.7992788461538461 0.08653846153846154 0.0889423076923077
0 0.47836538461538464 0.8197115384615385 0.08173076923076923 0.09615384615384616
0 0.44230769230769235 0.8389423076923077 0.07692307692307693 0.09134615384615385
0 0.3810096153846154 0.8810096153846154 0.07932692307692309 0.0889423076923077
0 0.34855769230769235 0.9014423076923077 0.07692307692307693 0.09615384615384616
0 0.29086538461538464 0.9387019230769231 0.07692307692307693 0.09375
0 0.25961538461538464 0.9579326923076924 0.07692307692307693 0.08413461538461539
0 0.06730769230769232 0.8401442307692308 0.13461538461538464 0.3197115384615385
