0 0.0733173076923077 0.003605769230769231 0.0889423076923077 0.007211538461538462
0 0.08533653846153846 0.014423076923076924 0.11298076923076923 0.028846153846153848
0 0.09014423076923077 0.028846153846153848 0.10817307692307693 0.038461538461538464
0 0.09254807692307693 0.046875 0.11298076923076923 0.03605769230769231
0 0.09375 0.06490384615384616 0.11057692307692309 0.03365384615384616
0 0.09735576923076923 0.08533653846153846 0.10817307692307693 0.03605769230769231
0 0.10336538461538462 0.1045673076923077 0.11538461538461539 0.03605769230769231
0 0.1045673076923077 0.12139423076923078 0.10817307692307693 0.03605769230769231
0 0.10697115384615385 0.140625 0.10336538461538462 0.03605769230769231
0 0.11177884615384616 0.16105769230769232 0.11298076923076923 0.03365384615384616
0 0.11538461538461539 0.1826923076923077 0.11057692307692309 0.03365384615384616
0 0.12259615384615385 0.22596153846153846 0.11057692307692309 0.03365384615384616
0 0.12860576923076925 0.2668269230769231 0.10336538461538462 0.038461538461538464
0 0.12139423076923078 0.3088942307692308 0.06971153846153846 0.03125
0 0.9435096153846154 0.7848557692307693 0.05528846153846154 0.05048076923076923
0 0.9014423076923077 0.7560096153846154 0.057692307692307696 0.08413461538461539
2 0.8954326923076924 0.8918269230769231 0.07932692307692309 0.08173076923076923
0 0.7283653846153847 0.515625 0.038461538461538464 0.040865384615384616
0 0.6959134615384616 0.5492788461538461 0.026442307692307696 0.026442307692307696
0 0.7680288461538461 0.9038461538461539 0.0889423076923077 0.08173076923076923
0 0.5168269230769231 0.7307692307692308 0.15384615384615385 0.19230769230769232
0 0.29927884615384615 0.983173076923077 0.05528846153846154 0.03365384615384616
