0 0.08533653846153846 0.22115384615384617 0.03605769230769231 0.04807692307692308
0 0.37980769230769235 0.2644230769230769 0.04326923076923077 0.038461538461538464
0 0.4651442307692308 0.4182692307692308 0.09375 0.10576923076923078
0 0.5697115384615385 0.5600961538461539 0.05288461538461539 0.05288461538461539
0 0.5901442307692308 0.6141826923076923 0.05528846153846154 0.06009615384615385
0 0.6826923076923077 0.6754807692307693 0.028846153846153848 0.03365384615384616
0 0.9795673076923077 0.4795673076923077 0.040865384615384616 0.03125
0 0.5564903846153847 0.96875 0.0889423076923077 0.0625
0 0.453125 0.9399038461538463 0.11778846153846155 0.11057692307692309
0 0.06370192307692309 0.795673076923077 0.06971153846153846 0.04807692307692308
0 0.0889423076923077 0.8569711538461539 0.06730769230769232 0.05528846153846154
