0 0.514423076923077 0.3161057692307693 0.13942307692307693 0.021634615384615384
0 0.5168269230769231 0.33293269230769235 0.13461538461538464 0.01682692307692308
0 0.514423076923077 0.3449519230769231 0.13942307692307693 0.01682692307692308
0 0.514423076923077 0.3629807692307693 0.13461538461538464 0.019230769230769232
0 0.5132211538461539 0.3786057692307693 0.13701923076923078 0.021634615384615384
0 0.46995192307692313 0.3978365384615385 0.040865384615384616 0.01682692307692308
0 0.5444711538461539 0.4134615384615385 0.07451923076923077 0.014423076923076924
0 0.545673076923077 0.42668269230769235 0.07692307692307693 0.01682692307692308
0 0.5420673076923077 0.4447115384615385 0.06971153846153846 0.019230769230769232
0 0.5432692307692308 0.46153846153846156 0.07211538461538462 0.019230769230769232
0 0.5444711538461539 0.4747596153846154 0.07451923076923077 0.01682692307692308
0 0.5420673076923077 0.4903846153846154 0.06971153846153846 0.019230769230769232
0 0.5408653846153847 0.5060096153846154 0.06730769230769232 0.01682692307692308
0 0.5396634615384616 0.5216346153846154 0.07451923076923077 0.014423076923076924
0 0.5420673076923077 0.5396634615384616 0.06971153846153846 0.01682692307692308
0 0.5384615384615385 0.5576923076923077 0.06730769230769232 0.019230769230769232
0 0.5384615384615385 0.5709134615384616 0.06730769230769232 0.01682692307692308
0 0.7319711538461539 0.5745192307692308 0.07451923076923077 0.019230769230769232
0 0.7367788461538461 0.8329326923076924 0.05048076923076923 0.07451923076923077
