0 0.36778846153846156 0.11658653846153846 0.13942307692307693 0.021634615384615384
0 0.3701923076923077 0.13341346153846154 0.13461538461538464 0.01682692307692308
0 0.36778846153846156 0.14543269230769232 0.13942307692307693 0.01682692307692308
0 0.36778846153846156 0.16346153846153846 0.13461538461538464 0.019230769230769232
0 0.3665865384615385 0.17908653846153846 0.13701923076923078 0.021634615384615384
0 0.3233173076923077 0.1983173076923077 0.040865384615384616 0.01682692307692308
0 0.3978365384615385 0.2139423076923077 0.07451923076923077 0.014423076923076924
0 0.39903846153846156 0.22716346153846156 0.07692307692307693 0.01682692307692308
0 0.39543269230769235 0.2451923076923077 0.06971153846153846 0.019230769230769232
0 0.3966346153846154 0.2620192307692308 0.07211538461538462 0.019230769230769232
0 0.3978365384615385 0.27524038461538464 0.07451923076923077 0.01682692307692308
0 0.39543269230769235 0.29086538461538464 0.06971153846153846 0.019230769230769232
0 0.3942307692307693 0.30649038461538464 0.06730769230769232 0.01682692307692308
0 0.3930288461538462 0.32211538461538464 0.07451923076923077 0.014423076923076924
0 0.39543269230769235 0.3401442307692308 0.06971153846153846 0.01682692307692308
0 0.3918269230769231 0.3581730769230769 0.06730769230769232 0.019230769230769232
0 0.3918269230769231 0.3713942307692308 0.06730769230769232 0.01682692307692308
0 0.5853365384615385 0.375 0.07451923076923077 0.019230769230769232
0 0.5901442307692308 0.6334134615384616 0.05048076923076923 0.07451923076923077
