0 0.9723557692307693 0.019230769230769232 0.05528846153846154 0.028846153846153848
0 0.9579326923076924 0.04447115384615385 0.08413461538461539 0.03125
0 0.9471153846153847 0.06730769230769232 0.10576923076923078 0.02403846153846154
0 0.7704326923076924 0.01201923076923077 0.2956730769230769 0.02403846153846154
0 0.7403846153846154 0.04326923076923077 0.3028846153846154 0.02403846153846154
0 0.7055288461538461 0.07211538461538462 0.30528846153846156 0.02403846153846154
0 0.670673076923077 0.10576923076923078 0.3028846153846154 0.02403846153846154
0 0.6382211538461539 0.13822115384615385 0.3004807692307693 0.026442307692307696
0 0.6033653846153847 0.17307692307692307 0.3028846153846154 0.02403846153846154
0 0.9495192307692308 0.09615384615384616 0.10096153846153846 0.02403846153846154
0 0.9182692307692308 0.11899038461538462 0.16346153846153846 0.026442307692307696
0 0.9086538461538463 0.14423076923076925 0.1826923076923077 0.02403846153846154
0 0.889423076923077 0.1670673076923077 0.22115384615384617 0.026442307692307696
0 0.875 0.1935096153846154 0.25 0.026442307692307696
0 0.9110576923076924 0.7584134615384616 0.1778846153846154 0.4831730769230769
0 0.8689903846153847 0.21875 0.2620192307692308 0.028846153846153848
0 0.8485576923076924 0.24278846153846156 0.3028846153846154 0.028846153846153848
0 0.8389423076923077 0.26802884615384615 0.32211538461538464 0.026442307692307696
0 0.8173076923076924 0.2920673076923077 0.31730769230769235 0.026442307692307696
0 0.7920673076923077 0.3185096153846154 0.3293269230769231 0.026442307692307696
0 0.7680288461538461 0.34134615384615385 0.3197115384615385 0.03365384615384616
0 0.7355769230769231 0.36899038461538464 0.3125 0.03125
0 0.7115384615384616 0.3930288461538462 0.3269230769230769 0.03125
0 0.6887019230769231 0.4206730769230769 0.3293269230769231 0.028846153846153848
0 0.655048076923077 0.44230769230769235 0.3245192307692308 0.02403846153846154
0 0.6322115384615385 0.46875 0.3317307692307693 0.028846153846153848
0 0.609375 0.49399038461538464 0.3293269230769231 0.026442307692307696
0 0.5745192307692308 0.5180288461538461 0.3269230769230769 0.026442307692307696
0 0.5588942307692308 0.5444711538461539 0.3245192307692308 0.026442307692307696
0 0.5396634615384616 0.5661057692307693 0.31490384615384615 0.026442307692307696
0 0.5216346153846154 0.5913461538461539 0.28365384615384615 0.028846153846153848
0 0.5132211538461539 0.6165865384615385 0.2572115384615385 0.021634615384615384
0 0.5240384615384616 0.6454326923076923 0.19230769230769232 0.026442307692307696
0 0.514423076923077 0.6670673076923077 0.13942307692307693 0.01682692307692308
0 0.5108173076923077 0.6947115384615385 0.09855769230769232 0.019230769230769232
0 0.515625 0.7211538461538461 0.06009615384615385 0.019230769230769232
0 0.5673076923076923 0.203125 0.2980769230769231 0.026442307692307696
0 0.530048076923077 0.23677884615384617 0.3004807692307693 0.026442307692307696
0 0.5 0.2692307692307693 0.3125 0.02403846153846154
0 0.46274038461538464 0.3028846153846154 0.30528846153846156 0.02403846153846154
0 0.43509615384615385 0.3353365384615385 0.3028846153846154 0.026442307692307696
0 0.3966346153846154 0.36899038461538464 0.3028846153846154 0.026442307692307696
0 0.3713942307692308 0.40384615384615385 0.3004807692307693 0.02403846153846154
0 0.35216346153846156 0.43509615384615385 0.2620192307692308 0.02403846153846154
0 0.34375 0.46634615384615385 0.20673076923076925 0.028846153846153848
0 0.34615384615384615 0.4987980769230769 0.13942307692307693 0.021634615384615384
0 0.34615384615384615 0.5324519230769231 0.07692307692307693 0.021634615384615384
0 0.019230769230769232 0.6838942307692308 0.038461538461538464 0.17067307692307693
0 0.10096153846153846 0.8810096153846154 0.19230769230769232 0.19471153846153846
0 0.05288461538461539 0.9326923076923077 0.10576923076923078 0.13461538461538464
0 0.8088942307692308 0.9615384615384616 0.2043269230769231 0.07692307692307693
