0 0.7415865384615385 0.08293269230769232 0.15625 0.13701923076923078
0 0.6358173076923077 0.12379807692307693 0.10336538461538462 0.10817307692307693
0 0.7824519230769231 0.16586538461538464 0.1514423076923077 0.12980769230769232
0 0.8137019230769231 0.2620192307692308 0.11778846153846155 0.12980769230769232
0 0.890625 0.265625 0.10817307692307693 0.11298076923076923
0 0.920673076923077 0.3353365384615385 0.11538461538461539 0.10336538461538462
0 0.6802884615384616 0.2139423076923077 0.09615384615384616 0.1201923076923077
0 0.71875 0.30528846153846156 0.09134615384615385 0.11057692307692309
0 0.8365384615384616 0.35697115384615385 0.11057692307692309 0.11298076923076923
0 0.8641826923076924 0.4326923076923077 0.09855769230769232 0.10096153846153846
0 0.905048076923077 0.5108173076923077 0.09375 0.09855769230769232
0 0.592548076923077 0.21875 0.10817307692307693 0.12980769230769232
0 0.5336538461538461 0.24639423076923078 0.07692307692307693 0.12259615384615385
0 0.5673076923076923 0.359375 0.09615384615384616 0.13221153846153846
0 0.6466346153846154 0.328125 0.10096153846153846 0.13221153846153846
0 0.7632211538461539 0.3894230769230769 0.09855769230769232 0.10576923076923078
0 0.6850961538461539 0.421875 0.09615384615384616 0.10336538461538462
0 0.7920673076923077 0.46875 0.08413461538461539 0.10576923076923078
0 0.71875 0.49278846153846156 0.08653846153846154 0.08653846153846154
0 0.6105769230769231 0.45432692307692313 0.09134615384615385 0.10576923076923078
0 0.4903846153846154 0.3653846153846154 0.09615384615384616 0.08653846153846154
0 0.5060096153846154 0.4170673076923077 0.0889423076923077 0.08413461538461539
0 0.41466346153846156 0.3942307692307693 0.0889423076923077 0.08173076923076923
0 0.43870192307692313 0.45432692307692313 0.0889423076923077 0.08173076923076923
0 0.5360576923076923 0.48918269230769235 0.10096153846153846 0.10817307692307693
0 0.46274038461538464 0.5168269230769231 0.09375 0.10576923076923078
0 0.6418269230769231 0.5372596153846154 0.08653846153846154 0.08413461538461539
0 0.3858173076923077 0.5480769230769231 0.10336538461538462 0.10576923076923078
0 0.8209134615384616 0.5432692307692308 0.08413461538461539 0.09615384615384616
0 0.936298076923077 0.5865384615384616 0.10336538461538462 0.11538461538461539
0 0.859375 0.6225961538461539 0.09855769230769232 0.10096153846153846
0 0.7524038461538461 0.5745192307692308 0.08653846153846154 0.09615384615384616
0 0.7848557692307693 0.6502403846153847 0.10336538461538462 0.10817307692307693
0 0.8161057692307693 0.733173076923077 0.09375 0.09134615384615385
0 0.75 0.7632211538461539 0.09615384615384616 0.09375
0 0.6790865384615385 0.6069711538461539 0.09855769230769232 0.0889423076923077
0 0.7103365384615385 0.6790865384615385 0.09375 0.10336538461538462
0 0.5697115384615385 0.5625 0.09134615384615385 0.09134615384615385
0 0.6057692307692308 0.6370192307692308 0.08653846153846154 0.09134615384615385
0 0.640625 0.7151442307692308 0.09855769230769232 0.10817307692307693
0 0.4963942307692308 0.59375 0.0889423076923077 0.10096153846153846
0 0.5264423076923077 0.671875 0.08173076923076923 0.09855769230769232
0 0.5649038461538461 0.7512019230769231 0.10096153846153846 0.10336538461538462
0 0.42668269230769235 0.6286057692307693 0.08413461538461539 0.09855769230769232
0 0.3088942307692308 0.5829326923076923 0.09855769230769232 0.11298076923076923
0 0.34375 0.6598557692307693 0.09134615384615385 0.09855769230769232
0 0.45793269230769235 0.7043269230769231 0.08413461538461539 0.09615384615384616
0 0.4867788461538462 0.7836538461538461 0.10336538461538462 0.11057692307692309
0 0.41466346153846156 0.8137019230769231 0.10336538461538462 0.11778846153846155
0 0.3822115384615385 0.7403846153846154 0.10576923076923078 0.10576923076923078
0 0.5036057692307693 0.9350961538461539 0.09855769230769232 0.12980769230769232
0 0.4567307692307693 0.9447115384615385 0.09615384615384616 0.11057692307692309
