0 0.9747596153846154 0.006009615384615385 0.05048076923076923 0.01201923076923077
0 0.8257211538461539 0.009615384615384616 0.2091346153846154 0.019230769230769232
0 0.8209134615384616 0.03966346153846154 0.28605769230769235 0.026442307692307696
0 0.7920673076923077 0.07451923076923077 0.29086538461538464 0.02403846153846154
0 0.7560096153846154 0.1045673076923077 0.3004807692307693 0.021634615384615384
0 0.9651442307692308 0.10817307692307693 0.06971153846153846 0.02403846153846154
0 0.9543269230769231 0.140625 0.09134615384615385 0.021634615384615384
0 0.9423076923076924 0.1622596153846154 0.11538461538461539 0.021634615384615384
0 0.9338942307692308 0.18629807692307693 0.13221153846153846 0.026442307692307696
0 0.9158653846153847 0.2139423076923077 0.16826923076923078 0.028846153846153848
0 0.9014423076923077 0.23918269230769232 0.19711538461538464 0.03125
0 0.890625 0.2620192307692308 0.21875 0.02403846153846154
0 0.7199519230769231 0.13461538461538464 0.30528846153846156 0.019230769230769232
0 0.6911057692307693 0.171875 0.31009615384615385 0.026442307692307696
0 0.6574519230769231 0.2043269230769231 0.2956730769230769 0.028846153846153848
0 0.6274038461538461 0.23798076923076925 0.3028846153846154 0.02403846153846154
0 0.592548076923077 0.2668269230769231 0.30528846153846156 0.02403846153846154
0 0.5576923076923077 0.3004807692307693 0.3028846153846154 0.02403846153846154
0 0.5252403846153847 0.33293269230769235 0.3004807692307693 0.026442307692307696
0 0.4903846153846154 0.36778846153846156 0.3028846153846154 0.02403846153846154
0 0.8930288461538463 0.29086538461538464 0.2139423076923077 0.02403846153846154
0 0.8617788461538463 0.3137019230769231 0.2764423076923077 0.026442307692307696
0 0.8521634615384616 0.3389423076923077 0.2956730769230769 0.02403846153846154
0 0.8329326923076924 0.3617788461538462 0.3341346153846154 0.026442307692307696
0 0.8076923076923077 0.38822115384615385 0.34134615384615385 0.026442307692307696
0 0.8545673076923077 0.8557692307692308 0.29086538461538464 0.2884615384615385
0 0.7824519230769231 0.4134615384615385 0.31490384615384615 0.028846153846153848
0 0.7524038461538461 0.4375 0.33653846153846156 0.028846153846153848
0 0.7319711538461539 0.46274038461538464 0.3341346153846154 0.026442307692307696
0 0.7043269230769231 0.4867788461538462 0.31730769230769235 0.026442307692307696
0 0.6790865384615385 0.5132211538461539 0.3293269230769231 0.026442307692307696
0 0.655048076923077 0.5360576923076923 0.3197115384615385 0.03365384615384616
0 0.6225961538461539 0.5637019230769231 0.3125 0.03125
0 0.5985576923076923 0.5877403846153847 0.3269230769230769 0.03125
0 0.5757211538461539 0.6153846153846154 0.3293269230769231 0.028846153846153848
0 0.5420673076923077 0.6370192307692308 0.3245192307692308 0.02403846153846154
0 0.5192307692307693 0.6634615384615385 0.3317307692307693 0.028846153846153848
0 0.4963942307692308 0.6887019230769231 0.3293269230769231 0.026442307692307696
0 0.46153846153846156 0.7127403846153847 0.3269230769230769 0.026442307692307696
0 0.44591346153846156 0.7391826923076924 0.3245192307692308 0.026442307692307696
0 0.42668269230769235 0.7608173076923077 0.31490384615384615 0.026442307692307696
0 0.4086538461538462 0.7860576923076924 0.28365384615384615 0.028846153846153848
0 0.40024038461538464 0.811298076923077 0.2572115384615385 0.021634615384615384
0 0.41105769230769235 0.8401442307692308 0.19230769230769232 0.026442307692307696
0 0.4014423076923077 0.8617788461538463 0.13942307692307693 0.01682692307692308
0 0.3978365384615385 0.889423076923077 0.09855769230769232 0.019230769230769232
0 0.4026442307692308 0.9158653846153847 0.06009615384615385 0.019230769230769232
0 0.45432692307692313 0.3978365384615385 0.2980769230769231 0.026442307692307696
0 0.4170673076923077 0.43149038461538464 0.3004807692307693 0.026442307692307696
0 0.3870192307692308 0.4639423076923077 0.3125 0.02403846153846154
0 0.3497596153846154 0.49759615384615385 0.30528846153846156 0.02403846153846154
0 0.32211538461538464 0.530048076923077 0.3028846153846154 0.026442307692307696
0 0.28365384615384615 0.5637019230769231 0.3028846153846154 0.026442307692307696
0 0.25841346153846156 0.5985576923076923 0.3004807692307693 0.02403846153846154
0 0.23918269230769232 0.6298076923076923 0.2620192307692308 0.02403846153846154
0 0.23076923076923078 0.6610576923076923 0.20673076923076925 0.028846153846153848
0 0.23317307692307693 0.6935096153846154 0.13942307692307693 0.021634615384615384
0 0.23317307692307693 0.7271634615384616 0.07692307692307693 0.021634615384615384
