0 0.8858173076923077 0.01682692307692308 0.22836538461538464 0.028846153846153848
0 0.8701923076923077 0.038461538461538464 0.25961538461538464 0.02403846153846154
0 0.8569711538461539 0.06490384615384616 0.28605769230769235 0.028846153846153848
0 0.8461538461538463 0.09014423076923077 0.3076923076923077 0.026442307692307696
0 0.8221153846153847 0.11418269230769232 0.3269230769230769 0.026442307692307696
0 0.8064903846153847 0.140625 0.3245192307692308 0.026442307692307696
0 0.7872596153846154 0.1622596153846154 0.31490384615384615 0.026442307692307696
0 0.7692307692307693 0.1875 0.28365384615384615 0.028846153846153848
0 0.7608173076923077 0.21274038461538464 0.2572115384615385 0.021634615384615384
0 0.7716346153846154 0.24158653846153846 0.19230769230769232 0.026442307692307696
0 0.7620192307692308 0.26322115384615385 0.13942307692307693 0.01682692307692308
0 0.7584134615384616 0.29086538461538464 0.09855769230769232 0.019230769230769232
0 0.7632211538461539 0.31730769230769235 0.06009615384615385 0.019230769230769232
0 0.6189903846153847 0.006009615384615385 0.3004807692307693 0.01201923076923077
0 0.5997596153846154 0.03125 0.2620192307692308 0.02403846153846154
0 0.5913461538461539 0.0625 0.20673076923076925 0.028846153846153848
0 0.59375 0.09495192307692309 0.13942307692307693 0.021634615384615384
0 0.59375 0.12860576923076925 0.07692307692307693 0.021634615384615384
0 0.20072115384615385 0.2800480769230769 0.17067307692307693 0.17067307692307693
0 0.34855769230769235 0.47716346153846156 0.19230769230769232 0.19471153846153846
0 0.25841346153846156 0.5600961538461539 0.18990384615384617 0.19711538461538464
0 0.15625 0.6418269230769231 0.19711538461538464 0.19230769230769232
0 0.4987980769230769 0.6382211538461539 0.07451923076923077 0.03125
0 0.49278846153846156 0.6658653846153847 0.10576923076923078 0.04326923076923077
0 0.4867788461538462 0.6887019230769231 0.1514423076923077 0.05528846153846154
0 0.47355769230769235 0.7163461538461539 0.21153846153846156 0.0625
0 0.46634615384615385 0.7415865384615385 0.2644230769230769 0.07451923076923077
0 0.9771634615384616 0.6274038461538461 0.04567307692307693 0.21634615384615385
0 0.07932692307692309 0.7223557692307693 0.15865384615384617 0.19951923076923078
0 0.03125 0.8064903846153847 0.0625 0.19471153846153846
0 0.45072115384615385 0.7704326923076924 0.3245192307692308 0.09375
0 0.45432692307692313 0.7908653846153847 0.3509615384615385 0.09134615384615385
0 0.5096153846153847 0.8052884615384616 0.2692307692307693 0.07692307692307693
0 0.5168269230769231 0.8245192307692308 0.2884615384615385 0.08653846153846154
0 0.4495192307692308 0.8605769230769231 0.25 0.07211538461538462
0 0.5228365384615384 0.8918269230769231 0.2956730769230769 0.08173076923076923
0 0.4987980769230769 0.9194711538461539 0.24759615384615385 0.07451923076923077
0 0.48918269230769235 0.9435096153846154 0.18028846153846154 0.05528846153846154
0 0.4747596153846154 0.96875 0.12740384615384617 0.04326923076923077
0 0.6502403846153847 0.9783653846153847 0.3245192307692308 0.04326923076923077
0 0.6574519230769231 0.9879807692307693 0.35336538461538464 0.02403846153846154
