0 0.9230769230769231 0.15264423076923078 0.04326923076923077 0.026442307692307696
0 0.8665865384615385 0.14783653846153846 0.03125 0.01682692307692308
0 0.984375 0.17307692307692307 0.03125 0.04807692307692308
0 0.7439903846153847 0.390625 0.05048076923076923 0.026442307692307696
0 0.3966346153846154 0.3112980769230769 0.11057692307692309 0.04567307692307693
0 0.3233173076923077 0.5540865384615385 0.05528846153846154 0.05048076923076923
0 0.2668269230769231 0.5540865384615385 0.05288461538461539 0.05528846153846154
0 0.078125 0.32572115384615385 0.08413461538461539 0.06971153846153846
0 0.05288461538461539 0.20793269230769232 0.038461538461538464 0.026442307692307696
0 0.1887019230769231 0.7776442307692308 0.11778846153846155 0.05048076923076923
0 0.7283653846153847 0.9194711538461539 0.07211538461538462 0.06490384615384616
0 0.8317307692307693 0.9783653846153847 0.07211538461538462 0.04326923076923077
