0 0.34615384615384615 0.07211538461538462 0.19230769230769232 0.14423076923076925
0 0.2560096153846154 0.12980769230769232 0.18990384615384617 0.19711538461538464
0 0.15384615384615385 0.21153846153846156 0.19711538461538464 0.19230769230769232
0 0.4963942307692308 0.20793269230769232 0.07451923076923077 0.03125
0 0.4903846153846154 0.2355769230769231 0.10576923076923078 0.04326923076923077
0 0.484375 0.25841346153846156 0.1514423076923077 0.05528846153846154
0 0.4711538461538462 0.28605769230769235 0.21153846153846156 0.0625
0 0.4639423076923077 0.3112980769230769 0.2644230769230769 0.07451923076923077
0 0.9759615384615385 0.19711538461538464 0.04807692307692308 0.21634615384615385
0 0.078125 0.2920673076923077 0.15625 0.19951923076923078
0 0.030048076923076924 0.3762019230769231 0.06009615384615385 0.19471153846153846
0 0.4483173076923077 0.3401442307692308 0.3245192307692308 0.09375
0 0.4519230769230769 0.3605769230769231 0.3509615384615385 0.09134615384615385
0 0.5072115384615384 0.375 0.2692307692307693 0.07692307692307693
0 0.514423076923077 0.3942307692307693 0.2884615384615385 0.08653846153846154
0 0.44711538461538464 0.43028846153846156 0.25 0.07211538461538462
0 0.5204326923076923 0.46153846153846156 0.2956730769230769 0.08173076923076923
0 0.4963942307692308 0.48918269230769235 0.24759615384615385 0.07451923076923077
0 0.4867788461538462 0.5132211538461539 0.18028846153846154 0.05528846153846154
0 0.4723557692307693 0.5384615384615385 0.12740384615384617 0.04326923076923077
0 0.6478365384615385 0.5697115384615385 0.3245192307692308 0.08653846153846154
0 0.655048076923077 0.59375 0.35336538461538464 0.09615384615384616
0 0.6694711538461539 0.6129807692307693 0.34855769230769235 0.09134615384615385
0 0.6875 0.6334134615384616 0.3509615384615385 0.0889423076923077
0 0.7067307692307693 0.6514423076923077 0.3557692307692308 0.09134615384615385
0 0.7163461538461539 0.6694711538461539 0.34615384615384615 0.09375
0 0.71875 0.6947115384615385 0.2932692307692308 0.08173076923076923
0 0.6959134615384616 0.7451923076923077 0.18509615384615385 0.0625
0 0.7091346153846154 0.717548076923077 0.2451923076923077 0.07451923076923077
0 0.6875 0.7692307692307693 0.14423076923076925 0.04807692307692308
