0 0.5625 0.20673076923076925 0.875 0.4134615384615385
0 0.5685096153846154 0.24399038461538464 0.8629807692307693 0.4879807692307693
0 0.576923076923077 0.27884615384615385 0.8461538461538463 0.5576923076923077
0 0.5841346153846154 0.3161057692307693 0.8317307692307693 0.6322115384615385
0 0.5853365384615385 0.3545673076923077 0.8293269230769231 0.7091346153846154
0 0.5901442307692308 0.4182692307692308 0.8197115384615385 0.7403846153846154
0 0.6009615384615385 0.4987980769230769 0.7980769230769231 0.7379807692307693
0 0.6045673076923077 0.5697115384615385 0.7908653846153847 0.7596153846153847
0 0.6129807692307693 0.6358173076923077 0.7740384615384616 0.7283653846153847
0 0.6201923076923077 0.6742788461538461 0.7596153846153847 0.6514423076923077
0 0.6262019230769231 0.7247596153846154 0.7475961538461539 0.5504807692307693
