0 0.7548076923076924 0.3942307692307693 0.08173076923076923 0.028846153846153848
0 0.6730769230769231 0.36899038461538464 0.08653846153846154 0.03125
0 0.592548076923077 0.3605769230769231 0.06009615384615385 0.03365384615384616
0 0.6298076923076923 0.38461538461538464 0.14423076923076925 0.05288461538461539
0 0.6682692307692308 0.3822115384615385 0.07692307692307693 0.028846153846153848
0 0.7524038461538461 0.4074519230769231 0.08173076923076923 0.03125
0 0.748798076923077 0.4206730769230769 0.07932692307692309 0.028846153846153848
0 0.7439903846153847 0.4338942307692308 0.07932692307692309 0.03125
0 0.625 0.4026442307692308 0.14903846153846154 0.05048076923076923
0 0.6225961538461539 0.4122596153846154 0.14423076923076925 0.05048076923076923
0 0.6189903846153847 0.4278846153846154 0.1514423076923077 0.05288461538461539
0 0.7391826923076924 0.4435096153846154 0.07932692307692309 0.03605769230769231
0 0.7355769230769231 0.4591346153846154 0.08173076923076923 0.03365384615384616
0 0.7319711538461539 0.47716346153846156 0.07932692307692309 0.03125
0 0.6478365384615385 0.4519230769230769 0.07451923076923077 0.03365384615384616
