0 0.7259615384615385 0.936298076923077 0.11057692307692309 0.10336538461538462
0 0.6850961538461539 0.9098557692307693 0.038461538461538464 0.040865384615384616
0 0.7067307692307693 0.8918269230769231 0.038461538461538464 0.03365384615384616
0 0.7283653846153847 0.8786057692307693 0.03365384615384616 0.03605769230769231
0 0.6057692307692308 0.9795673076923077 0.14423076923076925 0.040865384615384616
0 0.5288461538461539 0.9939903846153847 0.04807692307692308 0.01201923076923077
0 0.5492788461538461 0.9867788461538463 0.04567307692307693 0.026442307692307696
0 0.5709134615384616 0.9759615384615385 0.04567307692307693 0.04807692307692308
0 0.592548076923077 0.9615384615384616 0.04567307692307693 0.04326923076923077
0 0.6129807692307693 0.9471153846153847 0.05288461538461539 0.038461538461538464
0 0.3966346153846154 0.8990384615384616 0.07211538461538462 0.0625
0 0.43509615384615385 0.8533653846153847 0.11057692307692309 0.10576923076923078
0 0.4915865384615385 0.7860576923076924 0.10336538461538462 0.10096153846153846
0 0.5504807692307693 0.7247596153846154 0.10576923076923078 0.10817307692307693
0 0.5168269230769231 0.6466346153846154 0.06730769230769232 0.05288461538461539
0 0.49759615384615385 0.670673076923077 0.057692307692307696 0.05288461538461539
0 0.47836538461538464 0.6899038461538461 0.06730769230769232 0.05288461538461539
0 0.4651442307692308 0.7127403846153847 0.06009615384615385 0.05048076923076923
0 0.44230769230769235 0.7319711538461539 0.057692307692307696 0.05048076923076923
0 0.42668269230769235 0.7536057692307693 0.06971153846153846 0.06009615384615385
0 0.4086538461538462 0.7764423076923077 0.05288461538461539 0.04807692307692308
0 0.39543269230769235 0.7980769230769231 0.06009615384615385 0.04326923076923077
0 0.37980769230769235 0.8173076923076924 0.057692307692307696 0.04807692307692308
0 0.3581730769230769 0.8413461538461539 0.05288461538461539 0.04326923076923077
0 0.34134615384615385 0.8641826923076924 0.05288461538461539 0.04567307692307693
0 0.19471153846153846 0.8834134615384616 0.1201923076923077 0.11298076923076923
0 0.296875 0.6021634615384616 0.2091346153846154 0.18990384615384617
0 0.14543269230769232 0.5480769230769231 0.06009615384615385 0.10096153846153846
0 0.11057692307692309 0.609375 0.08653846153846154 0.06971153846153846
0 0.06129807692307693 0.7259615384615385 0.09375 0.07211538461538462
0 0.1201923076923077 0.8028846153846154 0.07211538461538462 0.08173076923076923
0 0.040865384615384616 0.3233173076923077 0.08173076923076923 0.16105769230769232
