0 0.03605769230769231 0.4555288461538462 0.07211538461538462 0.13701923076923078
0 0.09975961538461539 0.3918269230769231 0.13221153846153846 0.13461538461538464
0 0.19711538461538464 0.33653846153846156 0.125 0.13461538461538464
0 0.2824519230769231 0.27884615384615385 0.10817307692307693 0.12980769230769232
0 0.5516826923076923 0.2668269230769231 0.06971153846153846 0.09134615384615385
0 0.53125 0.2824519230769231 0.07692307692307693 0.09375
0 0.4591346153846154 0.3233173076923077 0.07211538461538462 0.09855769230769232
0 0.4375 0.3401442307692308 0.08173076923076923 0.0889423076923077
0 0.36778846153846156 0.37980769230769235 0.07211538461538462 0.10096153846153846
0 0.33774038461538464 0.4026442307692308 0.0889423076923077 0.09855769230769232
0 0.3112980769230769 0.421875 0.07451923076923077 0.09375
0 0.2403846153846154 0.46274038461538464 0.07692307692307693 0.09855769230769232
0 0.21754807692307693 0.4807692307692308 0.07451923076923077 0.09134615384615385
0 0.14543269230769232 0.5240384615384616 0.07451923076923077 0.09134615384615385
0 0.12139423076923078 0.5396634615384616 0.08413461538461539 0.09855769230769232
0 0.1935096153846154 0.65625 0.09855769230769232 0.12980769230769232
0 0.2247596153846154 0.6370192307692308 0.10817307692307693 0.13461538461538464
0 0.28125 0.5997596153846154 0.11057692307692309 0.13221153846153846
0 0.3161057692307693 0.5757211538461539 0.10817307692307693 0.12740384615384617
0 0.3737980769230769 0.5408653846153847 0.11298076923076923 0.13461538461538464
0 0.4122596153846154 0.5192307692307693 0.10817307692307693 0.13461538461538464
0 0.4435096153846154 0.49278846153846156 0.10336538461538462 0.13461538461538464
0 0.5060096153846154 0.45793269230769235 0.10817307692307693 0.13221153846153846
0 0.5372596153846154 0.43509615384615385 0.10817307692307693 0.12980769230769232
0 0.59375 0.4014423076923077 0.10576923076923078 0.13461538461538464
0 0.623798076923077 0.37980769230769235 0.09855769230769232 0.125
0 0.6478365384615385 0.5072115384615384 0.06009615384615385 0.08173076923076923
0 0.6021634615384616 0.5336538461538461 0.08413461538461539 0.09615384615384616
0 0.5697115384615385 0.5552884615384616 0.08653846153846154 0.09615384615384616
0 0.5096153846153847 0.5949519230769231 0.08653846153846154 0.0889423076923077
0 0.4759615384615385 0.6153846153846154 0.08173076923076923 0.09615384615384616
0 0.4399038461538462 0.6346153846153847 0.07692307692307693 0.09134615384615385
0 0.3786057692307693 0.6766826923076923 0.07932692307692309 0.0889423076923077
0 0.34615384615384615 0.6971153846153847 0.07692307692307693 0.09615384615384616
0 0.2884615384615385 0.734375 0.07692307692307693 0.09375
0 0.2572115384615385 0.7560096153846154 0.07692307692307693 0.0889423076923077
0 0.06610576923076923 0.6899038461538461 0.13221153846153846 0.4278846153846154
