0 0.6502403846153847 0.4411057692307693 0.07932692307692309 0.08413461538461539
0 0.6682692307692308 0.4963942307692308 0.07211538461538462 0.07451923076923077
0 0.6899038461538461 0.5540865384615385 0.07211538461538462 0.07932692307692309
0 0.639423076923077 0.5793269230769231 0.07692307692307693 0.08653846153846154
0 0.6153846153846154 0.5192307692307693 0.08173076923076923 0.07692307692307693
0 0.6009615384615385 0.4591346153846154 0.0625 0.08653846153846154
0 0.4050480769230769 0.47355769230769235 0.04567307692307693 0.038461538461538464
0 0.35697115384615385 0.592548076923077 0.06971153846153846 0.10336538461538462
0 0.39543269230769235 0.6838942307692308 0.06971153846153846 0.09375
0 0.33052884615384615 0.6658653846153847 0.13701923076923078 0.27403846153846156
