0 0.27524038461538464 0.20552884615384617 0.15625 0.13701923076923078
0 0.16947115384615385 0.24639423076923078 0.10336538461538462 0.10817307692307693
0 0.3161057692307693 0.2884615384615385 0.1514423076923077 0.12980769230769232
0 0.3473557692307693 0.38461538461538464 0.11778846153846155 0.12980769230769232
0 0.4242788461538462 0.38822115384615385 0.10817307692307693 0.11298076923076923
0 0.45432692307692313 0.45793269230769235 0.11538461538461539 0.10336538461538462
0 0.2139423076923077 0.33653846153846156 0.09615384615384616 0.1201923076923077
0 0.25240384615384615 0.4278846153846154 0.09134615384615385 0.11057692307692309
0 0.3701923076923077 0.4795673076923077 0.11057692307692309 0.11298076923076923
0 0.3978365384615385 0.5552884615384616 0.09855769230769232 0.10096153846153846
0 0.43870192307692313 0.6334134615384616 0.09375 0.09855769230769232
0 0.12620192307692307 0.34134615384615385 0.10817307692307693 0.12980769230769232
0 0.06730769230769232 0.36899038461538464 0.07692307692307693 0.12259615384615385
0 0.10096153846153846 0.48197115384615385 0.09615384615384616 0.13221153846153846
0 0.18028846153846154 0.45072115384615385 0.10096153846153846 0.13221153846153846
0 0.296875 0.5120192307692308 0.09855769230769232 0.10576923076923078
0 0.21875 0.5444711538461539 0.09615384615384616 0.10336538461538462
0 0.32572115384615385 0.5913461538461539 0.08413461538461539 0.10576923076923078
0 0.25240384615384615 0.6153846153846154 0.08653846153846154 0.08653846153846154
0 0.14423076923076925 0.576923076923077 0.09134615384615385 0.10576923076923078
0 0.03605769230769231 0.4879807692307693 0.07211538461538462 0.08653846153846154
0 0.042067307692307696 0.5396634615384616 0.08413461538461539 0.08413461538461539
0 0.00841346153846154 0.576923076923077 0.01682692307692308 0.08173076923076923
0 0.06971153846153846 0.6117788461538461 0.10096153846153846 0.10817307692307693
0 0.021634615384615384 0.639423076923077 0.04326923076923077 0.10576923076923078
0 0.17548076923076925 0.6598557692307693 0.08653846153846154 0.08413461538461539
0 0.3545673076923077 0.6658653846153847 0.08413461538461539 0.09615384615384616
0 0.46995192307692313 0.7091346153846154 0.10336538461538462 0.11538461538461539
0 0.3930288461538462 0.7451923076923077 0.09855769230769232 0.10096153846153846
0 0.28605769230769235 0.6971153846153847 0.08653846153846154 0.09615384615384616
0 0.3185096153846154 0.7728365384615385 0.10336538461538462 0.10817307692307693
0 0.3497596153846154 0.8557692307692308 0.09375 0.09134615384615385
0 0.28365384615384615 0.8858173076923077 0.09615384615384616 0.09375
0 0.21274038461538464 0.7295673076923077 0.09855769230769232 0.0889423076923077
0 0.24399038461538464 0.8016826923076924 0.09375 0.10336538461538462
0 0.10336538461538462 0.6850961538461539 0.09134615384615385 0.09134615384615385
0 0.13942307692307693 0.7596153846153847 0.08653846153846154 0.09134615384615385
0 0.17427884615384617 0.8377403846153847 0.09855769230769232 0.10817307692307693
0 0.037259615384615384 0.7163461538461539 0.07451923076923077 0.10096153846153846
0 0.06009615384615385 0.7944711538461539 0.08173076923076923 0.09855769230769232
0 0.09855769230769232 0.873798076923077 0.10096153846153846 0.10336538461538462
0 0.01682692307692308 0.826923076923077 0.03365384615384616 0.09615384615384616
0 0.03605769230769231 0.90625 0.07211538461538462 0.11057692307692309
