0 0.38822115384615385 0.4290865384615385 0.05528846153846154 0.07451923076923077
0 0.4555288461538462 0.42307692307692313 0.026442307692307696 0.04326923076923077
0 0.4411057692307693 0.4675480769230769 0.026442307692307696 0.03605769230769231
0 0.46875 0.17548076923076925 0.22115384615384617 0.09615384615384616
0 0.6694711538461539 0.2668269230769231 0.05528846153846154 0.07692307692307693
0 0.8245192307692308 0.056490384615384616 0.038461538461538464 0.03605769230769231
0 0.84375 0.07091346153846154 0.028846153846153848 0.040865384615384616
0 0.8701923076923077 0.06971153846153846 0.028846153846153848 0.04807692307692308
0 0.905048076923077 0.07211538461538462 0.03605769230769231 0.05288461538461539
0 0.6322115384615385 0.3978365384615385 0.04807692307692308 0.06009615384615385
0 0.6971153846153847 0.49278846153846156 0.06730769230769232 0.11538461538461539
0 0.8233173076923077 0.8233173076923077 0.06490384615384616 0.03125
