0 0.5889423076923077 0.10336538461538462 0.09134615384615385 0.06730769230769232
0 0.41947115384615385 0.16346153846153846 0.11778846153846155 0.09134615384615385
0 0.04807692307692308 0.24399038461538464 0.09615384615384616 0.06971153846153846
0 0.1201923076923077 0.5444711538461539 0.125 0.0889423076923077
0 0.3966346153846154 0.7235576923076924 0.10576923076923078 0.0625
0 0.5625 0.6850961538461539 0.057692307692307696 0.05288461538461539
0 0.6490384615384616 0.6634615384615385 0.04807692307692308 0.04326923076923077
0 0.6887019230769231 0.8677884615384616 0.05048076923076923 0.05288461538461539
0 0.8341346153846154 0.6033653846153847 0.08653846153846154 0.0625
0 0.984375 0.828125 0.03125 0.021634615384615384
