0 0.9735576923076924 0.3233173076923077 0.05288461538461539 0.13221153846153846
0 0.7043269230769231 0.1358173076923077 0.19711538461538464 0.16105769230769232
0 0.65625 0.2295673076923077 0.16826923076923078 0.12259615384615385
0 0.5985576923076923 0.45432692307692313 0.15384615384615385 0.17307692307692307
0 0.48197115384615385 0.06129807692307693 0.13221153846153846 0.09855769230769232
0 0.3269230769230769 0.007211538461538462 0.11057692307692309 0.014423076923076924
0 0.14302884615384617 0.3942307692307693 0.06009615384615385 0.057692307692307696
0 0.08293269230769232 0.36778846153846156 0.08413461538461539 0.09615384615384616
0 0.47716346153846156 0.4651442307692308 0.22355769230769232 0.3004807692307693
0 0.5276442307692308 0.5793269230769231 0.15625 0.17307692307692307
0 0.826923076923077 0.5528846153846154 0.16826923076923078 0.17307692307692307
0 0.9158653846153847 0.6322115384615385 0.16826923076923078 0.17307692307692307
