0 0.3449519230769231 0.10216346153846155 0.07451923076923077 0.021634615384615384
0 0.33774038461538464 0.13942307692307693 0.14182692307692307 0.02403846153846154
0 0.34134615384615385 0.17427884615384617 0.20192307692307693 0.026442307692307696
0 0.3425480769230769 0.20673076923076925 0.2716346153846154 0.02403846153846154
0 0.31730769230769235 0.23798076923076925 0.3125 0.028846153846153848
0 0.28365384615384615 0.2716346153846154 0.2932692307692308 0.02403846153846154
0 0.2451923076923077 0.3028846153846154 0.2932692307692308 0.02403846153846154
0 0.22836538461538464 0.33774038461538464 0.2692307692307693 0.021634615384615384
0 0.2247596153846154 0.3701923076923077 0.2043269230769231 0.02403846153846154
0 0.2247596153846154 0.4026442307692308 0.13221153846153846 0.021634615384615384
0 0.22355769230769232 0.4362980769230769 0.07211538461538462 0.021634615384615384
0 0.5072115384615384 0.2620192307692308 0.057692307692307696 0.019230769230769232
0 0.49759615384615385 0.28605769230769235 0.10576923076923078 0.019230769230769232
0 0.4987980769230769 0.31490384615384615 0.16105769230769232 0.02403846153846154
0 0.5072115384615384 0.3401442307692308 0.21153846153846156 0.021634615384615384
0 0.49278846153846156 0.36418269230769235 0.2403846153846154 0.026442307692307696
0 0.49399038461538464 0.3870192307692308 0.30528846153846156 0.028846153846153848
0 0.4831730769230769 0.41466346153846156 0.32211538461538464 0.026442307692307696
0 0.453125 0.4375 0.31009615384615385 0.02403846153846154
0 0.4375 0.46634615384615385 0.2980769230769231 0.028846153846153848
0 0.42307692307692313 0.4915865384615385 0.28365384615384615 0.026442307692307696
0 0.4086538461538462 0.5132211538461539 0.2451923076923077 0.026442307692307696
0 0.41586538461538464 0.5420673076923077 0.19230769230769232 0.021634615384615384
0 0.4122596153846154 0.5649038461538461 0.16105769230769232 0.019230769230769232
0 0.4098557692307693 0.592548076923077 0.08413461538461539 0.021634615384615384
0 0.06129807692307693 0.3713942307692308 0.07932692307692309 0.021634615384615384
0 0.06730769230769232 0.4098557692307693 0.13461538461538464 0.021634615384615384
0 0.08413461538461539 0.44230769230769235 0.16826923076923078 0.02403846153846154
0 0.10096153846153846 0.4747596153846154 0.20192307692307693 0.026442307692307696
0 0.08774038461538462 0.5096153846153847 0.17548076923076925 0.02403846153846154
0 0.07211538461538462 0.5396634615384616 0.14423076923076925 0.021634615384615384
0 0.2199519230769231 0.5432692307692308 0.10336538461538462 0.02403846153846154
0 0.21514423076923078 0.5757211538461539 0.13701923076923078 0.021634615384615384
0 0.21875 0.5973557692307693 0.19230769230769232 0.021634615384615384
0 0.21875 0.6213942307692308 0.22596153846153846 0.026442307692307696
0 0.2139423076923077 0.6490384615384616 0.2884615384615385 0.028846153846153848
0 0.20192307692307693 0.6742788461538461 0.32211538461538464 0.03125
0 0.18028846153846154 0.6971153846153847 0.32211538461538464 0.02403846153846154
0 0.05528846153846154 0.5697115384615385 0.11057692307692309 0.019230769230769232
0 0.042067307692307696 0.6069711538461539 0.08413461538461539 0.026442307692307696
0 0.021634615384615384 0.639423076923077 0.04326923076923077 0.028846153846153848
0 0.17427884615384617 0.7259615384615385 0.3004807692307693 0.02403846153846154
0 0.14543269230769232 0.748798076923077 0.29086538461538464 0.026442307692307696
0 0.1310096153846154 0.7740384615384616 0.2620192307692308 0.02403846153846154
0 0.1201923076923077 0.796875 0.2403846153846154 0.026442307692307696
0 0.10817307692307693 0.8233173076923077 0.21634615384615385 0.026442307692307696
0 0.9867788461538463 0.9723557692307693 0.026442307692307696 0.05528846153846154
0 0.9759615384615385 0.983173076923077 0.04807692307692308 0.03365384615384616
0 0.96875 0.9927884615384616 0.0625 0.014423076923076924
0 0.4867788461538462 0.858173076923077 0.2043269230769231 0.21634615384615385
0 0.4675480769230769 0.873798076923077 0.2043269230769231 0.2139423076923077
0 0.4519230769230769 0.890625 0.20192307692307693 0.2139423076923077
0 0.4326923076923077 0.9002403846153847 0.21153846153846156 0.19951923076923078
0 0.41947115384615385 0.9086538461538463 0.2139423076923077 0.1826923076923077
0 0.0889423076923077 0.8485576923076924 0.1778846153846154 0.028846153846153848
0 0.07932692307692309 0.8725961538461539 0.15865384615384617 0.028846153846153848
0 0.06850961538461539 0.8978365384615385 0.13701923076923078 0.026442307692307696
0 0.05048076923076923 0.921875 0.10096153846153846 0.026442307692307696
0 0.040865384615384616 0.9483173076923077 0.08173076923076923 0.026442307692307696
0 0.026442307692307696 0.9711538461538463 0.05288461538461539 0.03365384615384616
