0 0.08533653846153846 0.41105769230769235 0.10817307692307693 0.10576923076923078
0 0.14302884615384617 0.4639423076923077 0.06490384615384616 0.07211538461538462
0 0.23317307692307693 0.5168269230769231 0.11057692307692309 0.125
0 0.4603365384615385 0.5649038461538461 0.03605769230769231 0.028846153846153848
0 0.6286057692307693 0.6887019230769231 0.06490384615384616 0.06009615384615385
0 0.7920673076923077 0.025240384615384616 0.13221153846153846 0.05048076923076923
0 0.8365384615384616 0.046875 0.04807692307692308 0.05048076923076923
0 0.9963942307692308 0.037259615384615384 0.007211538461538462 0.05048076923076923
0 0.9651442307692308 0.06730769230769232 0.03605769230769231 0.038461538461538464
0 0.9399038461538463 0.09495192307692309 0.04326923076923077 0.040865384615384616
0 0.9903846153846154 0.09495192307692309 0.019230769230769232 0.05048076923076923
0 0.9759615384615385 0.12980769230769232 0.04807692307692308 0.04326923076923077
0 0.8653846153846154 0.9314903846153847 0.125 0.09375
0 0.6009615384615385 0.9939903846153847 0.04326923076923077 0.01201923076923077
0 0.686298076923077 0.8317307692307693 0.16105769230769232 0.11057692307692309
0 0.8689903846153847 0.015625 0.04567307692307693 0.03125
