0 0.12259615384615385 0.171875 0.2451923076923077 0.34375
0 0.13461538461538464 0.21033653846153846 0.2692307692307693 0.4206730769230769
0 0.14302884615384617 0.25 0.28605769230769235 0.5
0 0.15264423076923078 0.28966346153846156 0.30528846153846156 0.5793269230769231
0 0.171875 0.33052884615384615 0.34375 0.6610576923076923
0 0.17908653846153846 0.3713942307692308 0.3581730769230769 0.7427884615384616
0 0.1875 0.4411057692307693 0.375 0.7620192307692308
0 0.17668269230769232 0.53125 0.35336538461538464 0.7403846153846154
0 0.4254807692307693 0.47355769230769235 0.11057692307692309 0.04807692307692308
0 0.4014423076923077 0.5408653846153847 0.21153846153846156 0.05288461538461539
0 0.3822115384615385 0.6141826923076923 0.3125 0.05048076923076923
0 0.3629807692307693 0.6766826923076923 0.4182692307692308 0.05528846153846154
0 0.33293269230769235 0.7451923076923077 0.5216346153846154 0.05288461538461539
0 0.3125 0.8137019230769231 0.625 0.06009615384615385
0 0.32572115384615385 0.8822115384615385 0.6514423076923077 0.07211538461538462
0 0.3353365384615385 0.9447115384615385 0.670673076923077 0.07692307692307693
0 0.34134615384615385 0.9867788461538463 0.6826923076923077 0.026442307692307696
