0 0.4134615384615385 0.18149038461538464 0.08173076923076923 0.06971153846153846
0 0.328125 0.17668269230769232 0.06971153846153846 0.07932692307692309
0 0.09134615384615385 0.078125 0.16346153846153846 0.15625
0 0.34375 0.20072115384615385 0.06730769230769232 0.07451923076923077
0 0.33052884615384615 0.14783653846153846 0.08413461538461539 0.10336538461538462
0 0.021634615384615384 0.8473557692307693 0.04326923076923077 0.06490384615384616
0 0.5432692307692308 0.8485576923076924 0.06730769230769232 0.05288461538461539
0 0.576923076923077 0.9038461538461539 0.07211538461538462 0.0625
0 0.8882211538461539 0.9338942307692308 0.13701923076923078 0.07932692307692309
0 0.9735576923076924 0.9699519230769231 0.05288461538461539 0.06009615384615385
0 0.9915865384615385 0.7992788461538461 0.01682692307692308 0.11778846153846155
0 0.4026442307692308 0.33653846153846156 0.06009615384615385 0.05288461538461539
