0 0.5084134615384616 0.22836538461538464 0.03605769230769231 0.02403846153846154
0 0.5240384615384616 0.24759615384615385 0.05288461538461539 0.028846153846153848
0 0.5444711538461539 0.2644230769230769 0.0889423076923077 0.03365384615384616
0 0.5564903846153847 0.2824519230769231 0.11298076923076923 0.040865384615384616
0 0.561298076923077 0.3028846153846154 0.10817307692307693 0.038461538461538464
0 0.5637019230769231 0.32091346153846156 0.11298076923076923 0.03605769230769231
0 0.5649038461538461 0.3389423076923077 0.11057692307692309 0.03365384615384616
0 0.5685096153846154 0.359375 0.10817307692307693 0.03605769230769231
0 0.5745192307692308 0.3786057692307693 0.11538461538461539 0.03605769230769231
0 0.5757211538461539 0.39543269230769235 0.10817307692307693 0.03605769230769231
0 0.578125 0.41466346153846156 0.10336538461538462 0.03605769230769231
0 0.5829326923076923 0.43509615384615385 0.11298076923076923 0.03365384615384616
0 0.5865384615384616 0.4567307692307693 0.11057692307692309 0.03365384615384616
0 0.59375 0.5 0.11057692307692309 0.03365384615384616
0 0.5997596153846154 0.5408653846153847 0.10336538461538462 0.038461538461538464
0 0.592548076923077 0.5829326923076923 0.06971153846153846 0.03125
0 0.9555288461538463 0.9543269230769231 0.0889423076923077 0.09134615384615385
