0 0.8401442307692308 0.15504807692307693 0.0889423076923077 0.08413461538461539
0 0.7367788461538461 0.11538461538461539 0.11778846153846155 0.11057692307692309
0 0.6790865384615385 0.3028846153846154 0.040865384615384616 0.03365384615384616
0 0.5889423076923077 0.25841346153846156 0.038461538461538464 0.03125
0 0.6153846153846154 0.3112980769230769 0.038461538461538464 0.03125
0 0.5637019230769231 0.3353365384615385 0.03605769230769231 0.03605769230769231
0 0.5528846153846154 0.32211538461538464 0.038461538461538464 0.028846153846153848
0 0.5432692307692308 0.30168269230769235 0.03365384615384616 0.03125
0 0.5324519230769231 0.2872596153846154 0.03605769230769231 0.03125
0 0.5817307692307693 0.328125 0.057692307692307696 0.09375
0 0.5216346153846154 0.265625 0.038461538461538464 0.03605769230769231
0 0.37259615384615385 0.03245192307692308 0.06730769230769232 0.05528846153846154
2 0.514423076923077 0.6129807692307693 0.057692307692307696 0.11538461538461539
0 0.3822115384615385 0.5540865384615385 0.0625 0.040865384615384616
