0 0.5516826923076923 0.3112980769230769 0.2139423076923077 0.17067307692307693
0 0.4951923076923077 0.3425480769230769 0.17307692307692307 0.13221153846153846
0 0.5528846153846154 0.5096153846153847 0.13942307692307693 0.125
0 0.16586538461538464 0.15504807692307693 0.19711538461538464 0.16105769230769232
0 0.11778846153846155 0.24879807692307693 0.16826923076923078 0.12259615384615385
0 0.06850961538461539 0.47355769230769235 0.13701923076923078 0.17307692307692307
0 0.025240384615384616 0.484375 0.05048076923076923 0.3004807692307693
0 0.03365384615384616 0.5985576923076923 0.06730769230769232 0.17307692307692307
0 0.2884615384615385 0.5721153846153847 0.16826923076923078 0.17307692307692307
0 0.37980769230769235 0.6514423076923077 0.17307692307692307 0.17307692307692307
