0 0.04567307692307693 0.6021634615384616 0.09134615384615385 0.13701923076923078
0 0.11899038461538462 0.5384615384615385 0.13221153846153846 0.13461538461538464
0 0.21634615384615385 0.4831730769230769 0.125 0.13461538461538464
0 0.30168269230769235 0.4254807692307693 0.10817307692307693 0.12980769230769232
0 0.5709134615384616 0.4134615384615385 0.06971153846153846 0.09134615384615385
0 0.5504807692307693 0.4290865384615385 0.07692307692307693 0.09375
0 0.47836538461538464 0.46995192307692313 0.07211538461538462 0.09855769230769232
0 0.4567307692307693 0.4867788461538462 0.08173076923076923 0.0889423076923077
0 0.3870192307692308 0.5264423076923077 0.07211538461538462 0.10096153846153846
0 0.35697115384615385 0.5492788461538461 0.0889423076923077 0.09855769230769232
0 0.33052884615384615 0.5685096153846154 0.07451923076923077 0.09375
0 0.25961538461538464 0.609375 0.07692307692307693 0.09855769230769232
0 0.23677884615384617 0.6274038461538461 0.07451923076923077 0.09134615384615385
0 0.16466346153846154 0.670673076923077 0.07451923076923077 0.09134615384615385
0 0.140625 0.686298076923077 0.08413461538461539 0.09855769230769232
0 0.21274038461538464 0.8028846153846154 0.09855769230769232 0.12980769230769232
0 0.24399038461538464 0.7836538461538461 0.10817307692307693 0.13461538461538464
0 0.3004807692307693 0.7463942307692308 0.11057692307692309 0.13221153846153846
0 0.3353365384615385 0.7223557692307693 0.10817307692307693 0.12740384615384617
0 0.3930288461538462 0.6875 0.11298076923076923 0.13461538461538464
0 0.43149038461538464 0.6658653846153847 0.10817307692307693 0.13461538461538464
0 0.46274038461538464 0.639423076923077 0.10336538461538462 0.13461538461538464
0 0.5252403846153847 0.6045673076923077 0.10817307692307693 0.13221153846153846
0 0.5564903846153847 0.5817307692307693 0.10817307692307693 0.12980769230769232
0 0.6129807692307693 0.5480769230769231 0.10576923076923078 0.13461538461538464
0 0.6430288461538461 0.5264423076923077 0.09855769230769232 0.125
0 0.6670673076923077 0.6538461538461539 0.06009615384615385 0.08173076923076923
0 0.6213942307692308 0.6802884615384616 0.08413461538461539 0.09615384615384616
0 0.5889423076923077 0.701923076923077 0.08653846153846154 0.09615384615384616
0 0.5288461538461539 0.7415865384615385 0.08653846153846154 0.0889423076923077
0 0.4951923076923077 0.7620192307692308 0.08173076923076923 0.09615384615384616
0 0.4591346153846154 0.78125 0.07692307692307693 0.09134615384615385
0 0.3978365384615385 0.8233173076923077 0.07932692307692309 0.0889423076923077
0 0.3653846153846154 0.84375 0.07692307692307693 0.09615384615384616
0 0.3076923076923077 0.8810096153846154 0.07692307692307693 0.09375
0 0.2764423076923077 0.9026442307692308 0.07692307692307693 0.0889423076923077
0 0.021634615384615384 0.8317307692307693 0.04326923076923077 0.33653846153846156
0 0.07572115384615385 0.811298076923077 0.1514423076923077 0.3774038461538462
