0 0.3822115384615385 0.025240384615384616 0.19230769230769232 0.05048076923076923
0 0.2920673076923077 0.06730769230769232 0.18990384615384617 0.13461538461538464
0 0.18990384615384617 0.11778846153846155 0.19711538461538464 0.19230769230769232
0 0.5324519230769231 0.11418269230769232 0.07451923076923077 0.03125
0 0.5264423076923077 0.14182692307692307 0.10576923076923078 0.04326923076923077
0 0.5204326923076923 0.16466346153846154 0.1514423076923077 0.05528846153846154
0 0.5072115384615384 0.19230769230769232 0.21153846153846156 0.0625
0 0.5 0.21754807692307693 0.2644230769230769 0.07451923076923077
0 0.09615384615384616 0.1983173076923077 0.19230769230769232 0.19951923076923078
0 0.04807692307692308 0.2824519230769231 0.09615384615384616 0.19471153846153846
0 0.484375 0.24639423076923078 0.3245192307692308 0.09375
0 0.4879807692307693 0.2668269230769231 0.3509615384615385 0.09134615384615385
0 0.5432692307692308 0.28125 0.2692307692307693 0.07692307692307693
0 0.5504807692307693 0.3004807692307693 0.2884615384615385 0.08653846153846154
0 0.4831730769230769 0.33653846153846156 0.25 0.07211538461538462
0 0.5564903846153847 0.36778846153846156 0.2956730769230769 0.08173076923076923
0 0.5324519230769231 0.39543269230769235 0.24759615384615385 0.07451923076923077
0 0.5228365384615384 0.41947115384615385 0.18028846153846154 0.05528846153846154
0 0.5084134615384616 0.4447115384615385 0.12740384615384617 0.04326923076923077
0 0.6838942307692308 0.4759615384615385 0.3245192307692308 0.08653846153846154
0 0.6911057692307693 0.5 0.35336538461538464 0.09615384615384616
0 0.7055288461538461 0.5192307692307693 0.34855769230769235 0.09134615384615385
0 0.7235576923076924 0.5396634615384616 0.3509615384615385 0.0889423076923077
0 0.7427884615384616 0.5576923076923077 0.3557692307692308 0.09134615384615385
0 0.7524038461538461 0.5757211538461539 0.34615384615384615 0.09375
0 0.7548076923076924 0.6009615384615385 0.2932692307692308 0.08173076923076923
0 0.7319711538461539 0.6514423076923077 0.18509615384615385 0.0625
0 0.7451923076923077 0.623798076923077 0.2451923076923077 0.07451923076923077
0 0.7235576923076924 0.6754807692307693 0.14423076923076925 0.04807692307692308
