0 0.3076923076923077 0.00841346153846154 0.028846153846153848 0.01682692307692308
0 0.953125 0.623798076923077 0.09375 0.04567307692307693
0 0.8882211538461539 0.8665865384615385 0.05528846153846154 0.05048076923076923
0 0.8317307692307693 0.8665865384615385 0.05288461538461539 0.05528846153846154
0 0.6430288461538461 0.6382211538461539 0.08413461538461539 0.06971153846153846
2 0.8389423076923077 0.0625 0.057692307692307696 0.04326923076923077
0 0.6177884615384616 0.5204326923076923 0.038461538461538464 0.026442307692307696
0 0.18149038461538464 0.3040865384615385 0.0889423076923077 0.08413461538461539
0 0.078125 0.2644230769230769 0.11778846153846155 0.11057692307692309
0 0.020432692307692308 0.4519230769230769 0.040865384615384616 0.03365384615384616
