0 0.7776442307692308 0.07572115384615385 0.11298076923076923 0.11298076923076923
0 0.43028846153846156 0.0625 0.15384615384615385 0.125
0 0.2884615384615385 0.13822115384615385 0.16346153846153846 0.12259615384615385
0 0.040865384615384616 0.4399038461538462 0.08173076923076923 0.13942307692307693
0 0.11778846153846155 0.3665865384615385 0.14903846153846154 0.12259615384615385
0 0.9819711538461539 0.15985576923076925 0.03605769230769231 0.19471153846153846
0 0.655048076923077 0.33774038461538464 0.06490384615384616 0.07451923076923077
0 0.5853365384615385 0.375 0.05048076923076923 0.07692307692307693
0 0.49278846153846156 0.44711538461538464 0.20192307692307693 0.14903846153846154
0 0.31490384615384615 0.484375 0.09615384615384616 0.11778846153846155
0 0.265625 0.40024038461538464 0.09855769230769232 0.10817307692307693
0 0.22596153846153846 0.3185096153846154 0.07211538461538462 0.09375
0 0.2728365384615385 0.28605769230769235 0.09855769230769232 0.09134615384615385
0 0.3353365384615385 0.40625 0.11298076923076923 0.21153846153846156
