0 0.8377403846153847 0.9903846153846154 0.14182692307692307 0.019230769230769232
0 0.9483173076923077 0.9266826923076924 0.08413461538461539 0.10336538461538462
0 0.8701923076923077 0.7848557692307693 0.11057692307692309 0.10336538461538462
0 0.8293269230769231 0.7584134615384616 0.038461538461538464 0.040865384615384616
0 0.8509615384615385 0.7403846153846154 0.038461538461538464 0.03365384615384616
0 0.8725961538461539 0.7271634615384616 0.03365384615384616 0.03605769230769231
0 0.75 0.8713942307692308 0.14423076923076925 0.12740384615384617
0 0.6730769230769231 0.8605769230769231 0.04807692307692308 0.04807692307692308
0 0.6935096153846154 0.84375 0.04567307692307693 0.04326923076923077
0 0.7151442307692308 0.826923076923077 0.04567307692307693 0.05288461538461539
0 0.7367788461538461 0.8100961538461539 0.04567307692307693 0.04326923076923077
0 0.7572115384615385 0.795673076923077 0.05288461538461539 0.038461538461538464
0 0.5408653846153847 0.7475961538461539 0.07211538461538462 0.0625
0 0.5793269230769231 0.701923076923077 0.11057692307692309 0.10576923076923078
0 0.6358173076923077 0.6346153846153847 0.10336538461538462 0.10096153846153846
0 0.6947115384615385 0.5733173076923077 0.10576923076923078 0.10817307692307693
0 0.6610576923076923 0.4951923076923077 0.06730769230769232 0.05288461538461539
0 0.6418269230769231 0.5192307692307693 0.057692307692307696 0.05288461538461539
0 0.6225961538461539 0.5384615384615385 0.06730769230769232 0.05288461538461539
0 0.609375 0.561298076923077 0.06009615384615385 0.05048076923076923
0 0.5865384615384616 0.5805288461538461 0.057692307692307696 0.05048076923076923
0 0.5709134615384616 0.6021634615384616 0.06971153846153846 0.06009615384615385
0 0.5528846153846154 0.625 0.05288461538461539 0.04807692307692308
0 0.5396634615384616 0.6466346153846154 0.06009615384615385 0.04326923076923077
0 0.5240384615384616 0.6658653846153847 0.057692307692307696 0.04807692307692308
0 0.5024038461538461 0.6899038461538461 0.05288461538461539 0.04326923076923077
0 0.48557692307692313 0.7127403846153847 0.05288461538461539 0.04567307692307693
0 0.3389423076923077 0.7319711538461539 0.1201923076923077 0.11298076923076923
0 0.4411057692307693 0.45072115384615385 0.2091346153846154 0.18990384615384617
0 0.28966346153846156 0.3966346153846154 0.06009615384615385 0.10096153846153846
0 0.25480769230769235 0.45793269230769235 0.08653846153846154 0.06971153846153846
0 0.20552884615384617 0.5745192307692308 0.09375 0.07211538461538462
0 0.2644230769230769 0.6514423076923077 0.07211538461538462 0.08173076923076923
0 0.06370192307692309 0.7728365384615385 0.07451923076923077 0.06490384615384616
0 0.09254807692307693 0.734375 0.07932692307692309 0.07932692307692309
0 0.11899038461538462 0.6899038461538461 0.06490384615384616 0.057692307692307696
0 0.046875 0.26802884615384615 0.09375 0.09375
0 0.14543269230769232 0.171875 0.16105769230769232 0.16105769230769232
