0 0.9855769230769231 0.07091346153846154 0.028846153846153848 0.06009615384615385
0 0.7872596153846154 0.16826923076923078 0.12259615384615385 0.11538461538461539
0 0.9447115384615385 0.33653846153846156 0.11057692307692309 0.12980769230769232
0 0.5793269230769231 0.47716346153846156 0.02403846153846154 0.026442307692307696
0 0.4867788461538462 0.6454326923076923 0.03605769230769231 0.040865384615384616
0 0.5348557692307693 0.6814903846153847 0.03605769230769231 0.040865384615384616
0 0.5997596153846154 0.7271634615384616 0.0889423076923077 0.09855769230769232
0 0.639423076923077 0.780048076923077 0.08653846153846154 0.0889423076923077
0 0.10216346153846155 0.13221153846153846 0.040865384615384616 0.03365384615384616
0 0.20673076923076925 0.2247596153846154 0.04807692307692308 0.03125
0 0.25480769230769235 0.23317307692307693 0.04807692307692308 0.04326923076923077
0 0.2920673076923077 0.25480769230769235 0.04567307692307693 0.04807692307692308
0 0.09855769230769232 0.3942307692307693 0.0625 0.07211538461538462
0 0.14783653846153846 0.41947115384615385 0.026442307692307696 0.03125
0 0.24759615384615385 0.4603365384615385 0.06730769230769232 0.07451923076923077
0 0.2848557692307693 0.48918269230769235 0.03125 0.03605769230769231
