0 0.36778846153846156 0.35216346153846156 0.07211538461538462 0.10336538461538462
0 0.40625 0.40625 0.07692307692307693 0.057692307692307696
0 0.6610576923076923 0.31490384615384615 0.05288461538461539 0.038461538461538464
0 0.671875 0.34855769230769235 0.04567307692307693 0.03365384615384616
0 0.686298076923077 0.37259615384615385 0.04567307692307693 0.028846153846153848
0 0.6995192307692308 0.4014423076923077 0.04326923076923077 0.03365384615384616
0 0.7103365384615385 0.42668269230769235 0.04567307692307693 0.026442307692307696
0 0.7247596153846154 0.45432692307692313 0.04567307692307693 0.028846153846153848
0 0.7379807692307693 0.4831730769230769 0.04326923076923077 0.03365384615384616
0 0.7740384615384616 0.6983173076923077 0.09134615384615385 0.13701923076923078
0 0.8701923076923077 0.6850961538461539 0.09615384615384616 0.09134615384615385
0 0.9290865384615385 0.9146634615384616 0.05048076923076923 0.04567307692307693
0 0.9855769230769231 0.5757211538461539 0.028846153846153848 0.23798076923076925
