0 0.8209134615384616 0.27524038461538464 0.15625 0.13701923076923078
0 0.7151442307692308 0.3161057692307693 0.10336538461538462 0.10817307692307693
0 0.8617788461538463 0.3581730769230769 0.1514423076923077 0.12980769230769232
0 0.8930288461538463 0.45432692307692313 0.11778846153846155 0.12980769230769232
0 0.9579326923076924 0.45793269230769235 0.08413461538461539 0.11298076923076923
0 0.9711538461538463 0.5276442307692308 0.057692307692307696 0.10336538461538462
0 0.7596153846153847 0.40625 0.09615384615384616 0.1201923076923077
0 0.7980769230769231 0.49759615384615385 0.09134615384615385 0.11057692307692309
0 0.9158653846153847 0.5492788461538461 0.11057692307692309 0.11298076923076923
0 0.9435096153846154 0.625 0.09855769230769232 0.10096153846153846
0 0.96875 0.703125 0.0625 0.09855769230769232
0 0.671875 0.41105769230769235 0.10817307692307693 0.12980769230769232
0 0.6129807692307693 0.43870192307692313 0.07692307692307693 0.12259615384615385
0 0.6466346153846154 0.5516826923076923 0.09615384615384616 0.13221153846153846
0 0.7259615384615385 0.5204326923076923 0.10096153846153846 0.13221153846153846
0 0.842548076923077 0.5817307692307693 0.09855769230769232 0.10576923076923078
0 0.764423076923077 0.6141826923076923 0.09615384615384616 0.10336538461538462
0 0.8713942307692308 0.6610576923076923 0.08413461538461539 0.10576923076923078
0 0.7980769230769231 0.6850961538461539 0.08653846153846154 0.08653846153846154
0 0.6899038461538461 0.6466346153846154 0.09134615384615385 0.10576923076923078
0 0.5697115384615385 0.5576923076923077 0.09615384615384616 0.08653846153846154
0 0.5853365384615385 0.609375 0.0889423076923077 0.08413461538461539
0 0.49399038461538464 0.5865384615384616 0.0889423076923077 0.08173076923076923
0 0.5180288461538461 0.6466346153846154 0.0889423076923077 0.08173076923076923
0 0.6153846153846154 0.6814903846153847 0.10096153846153846 0.10817307692307693
0 0.5420673076923077 0.7091346153846154 0.09375 0.10576923076923078
0 0.7211538461538461 0.7295673076923077 0.08653846153846154 0.08413461538461539
0 0.4651442307692308 0.7403846153846154 0.10336538461538462 0.10576923076923078
0 0.9002403846153847 0.7355769230769231 0.08413461538461539 0.09615384615384616
0 0.9819711538461539 0.7788461538461539 0.03605769230769231 0.11538461538461539
0 0.9387019230769231 0.8149038461538461 0.09855769230769232 0.10096153846153846
0 0.8317307692307693 0.7668269230769231 0.08653846153846154 0.09615384615384616
0 0.8641826923076924 0.842548076923077 0.10336538461538462 0.10817307692307693
0 0.8954326923076924 0.9254807692307693 0.09375 0.09134615384615385
0 0.8293269230769231 0.9543269230769231 0.09615384615384616 0.09134615384615385
0 0.7584134615384616 0.7992788461538461 0.09855769230769232 0.0889423076923077
0 0.7896634615384616 0.8713942307692308 0.09375 0.10336538461538462
0 0.6490384615384616 0.7548076923076924 0.09134615384615385 0.09134615384615385
0 0.6850961538461539 0.8293269230769231 0.08653846153846154 0.09134615384615385
0 0.7199519230769231 0.9074519230769231 0.09855769230769232 0.10817307692307693
0 0.5757211538461539 0.7860576923076924 0.0889423076923077 0.10096153846153846
0 0.6057692307692308 0.8641826923076924 0.08173076923076923 0.09855769230769232
0 0.6442307692307693 0.9435096153846154 0.10096153846153846 0.10336538461538462
0 0.5060096153846154 0.8209134615384616 0.08413461538461539 0.09855769230769232
0 0.38822115384615385 0.7752403846153847 0.09855769230769232 0.11298076923076923
0 0.42307692307692313 0.8521634615384616 0.09134615384615385 0.09855769230769232
0 0.5372596153846154 0.8966346153846154 0.08413461538461539 0.09615384615384616
0 0.5661057692307693 0.9603365384615385 0.10336538461538462 0.07932692307692309
0 0.49399038461538464 0.9735576923076924 0.10336538461538462 0.05288461538461539
0 0.46153846153846156 0.9326923076923077 0.10576923076923078 0.10576923076923078
