0 0.30649038461538464 0.03365384615384616 0.2091346153846154 0.06730769230769232
0 0.07572115384615385 0.056490384615384616 0.1514423076923077 0.06490384615384616
0 0.056490384615384616 0.2824519230769231 0.11298076923076923 0.05528846153846154
0 0.13701923076923078 0.5528846153846154 0.27403846153846156 0.10096153846153846
0 0.5949519230769231 0.48197115384615385 0.14182692307692307 0.04567307692307693
0 0.592548076923077 0.5132211538461539 0.14182692307692307 0.026442307692307696
0 0.5853365384615385 0.561298076923077 0.13701923076923078 0.03605769230769231
0 0.5853365384615385 0.6021634615384616 0.14182692307692307 0.04567307692307693
0 0.5805288461538461 0.6514423076923077 0.1466346153846154 0.038461538461538464
0 0.5745192307692308 0.6923076923076923 0.15384615384615385 0.04326923076923077
0 0.5721153846153847 0.7439903846153847 0.13942307692307693 0.026442307692307696
0 0.5757211538461539 0.6117788461538461 0.23798076923076925 0.36778846153846156
