0 0.514423076923077 0.2716346153846154 0.08173076923076923 0.028846153846153848
0 0.4326923076923077 0.24639423076923078 0.08653846153846154 0.03125
0 0.35216346153846156 0.23798076923076925 0.06009615384615385 0.03365384615384616
0 0.3894230769230769 0.2620192307692308 0.14423076923076925 0.05288461538461539
0 0.4278846153846154 0.25961538461538464 0.07692307692307693 0.028846153846153848
0 0.5120192307692308 0.2848557692307693 0.08173076923076923 0.03125
0 0.5084134615384616 0.2980769230769231 0.07932692307692309 0.028846153846153848
0 0.5036057692307693 0.3112980769230769 0.07932692307692309 0.03125
0 0.38461538461538464 0.2800480769230769 0.14903846153846154 0.05048076923076923
0 0.3822115384615385 0.28966346153846156 0.14423076923076925 0.05048076923076923
0 0.3786057692307693 0.30528846153846156 0.1514423076923077 0.05288461538461539
0 0.8834134615384616 0.8762019230769231 0.06971153846153846 0.040865384615384616
0 0.9567307692307693 0.9038461538461539 0.07692307692307693 0.04807692307692308
0 0.5372596153846154 0.9903846153846154 0.08413461538461539 0.019230769230769232
0 0.4483173076923077 0.9747596153846154 0.08413461538461539 0.05048076923076923
0 0.4987980769230769 0.32091346153846156 0.07932692307692309 0.03605769230769231
0 0.4951923076923077 0.33653846153846156 0.08173076923076923 0.03365384615384616
0 0.4915865384615385 0.3545673076923077 0.07932692307692309 0.03125
0 0.4074519230769231 0.3293269230769231 0.07451923076923077 0.03365384615384616
0 0.22716346153846156 0.9579326923076924 0.10817307692307693 0.08413461538461539
0 0.13221153846153846 0.9338942307692308 0.10096153846153846 0.09855769230769232
