0 0.8882211538461539 0.13942307692307693 0.021634615384615384 0.028846153846153848
0 0.8677884615384616 0.7043269230769231 0.038461538461538464 0.05288461538461539
0 0.9302884615384616 0.7271634615384616 0.038461538461538464 0.026442307692307696
0 0.9038461538461539 0.7584134615384616 0.09134615384615385 0.05048076923076923
0 0.8545673076923077 0.7451923076923077 0.04567307692307693 0.028846153846153848
0 0.8377403846153847 0.7163461538461539 0.06009615384615385 0.057692307692307696
0 0.6730769230769231 0.6766826923076923 0.028846153846153848 0.026442307692307696
0 0.6670673076923077 0.7560096153846154 0.03125 0.03125
0 0.701923076923077 0.7680288461538461 0.04807692307692308 0.08413461538461539
0 0.6778846153846154 0.8028846153846154 0.03365384615384616 0.038461538461538464
