0 0.8076923076923077 0.6021634615384616 0.057692307692307696 0.05048076923076923
0 0.733173076923077 0.608173076923077 0.06730769230769232 0.057692307692307696
0 0.28365384615384615 0.12620192307692307 0.057692307692307696 0.05528846153846154
0 0.03125 0.10817307692307693 0.04326923076923077 0.038461538461538464
0 0.13461538461538464 0.18028846153846154 0.05288461538461539 0.05288461538461539
0 0.28605769230769235 0.3605769230769231 0.028846153846153848 0.028846153846153848
0 0.3269230769230769 0.38461538461538464 0.04326923076923077 0.03365384615384616
0 0.3737980769230769 0.4435096153846154 0.040865384615384616 0.05048076923076923
0 0.3317307692307693 0.5973557692307693 0.0625 0.06490384615384616
0 0.2776442307692308 0.546875 0.026442307692307696 0.03125
0 0.23197115384615385 0.5072115384615384 0.026442307692307696 0.02403846153846154
0 0.1201923076923077 0.6189903846153847 0.08653846153846154 0.08413461538461539
0 0.2572115384615385 0.9927884615384616 0.04807692307692308 0.014423076923076924
0 0.9867788461538463 0.33052884615384615 0.026442307692307696 0.04567307692307693
0 0.06971153846153846 0.14783653846153846 0.038461538461538464 0.03125
