0 0.006009615384615385 0.1466346153846154 0.01201923076923077 0.028846153846153848
0 0.04927884615384616 0.18990384615384617 0.07932692307692309 0.07692307692307693
0 0.9567307692307693 0.00841346153846154 0.03365384615384616 0.01682692307692308
0 0.9867788461538463 0.7536057692307693 0.026442307692307696 0.09855769230769232
0 0.8377403846153847 0.5336538461538461 0.0889423076923077 0.0625
0 0.8257211538461539 0.5516826923076923 0.0889423076923077 0.06009615384615385
0 0.8125 0.576923076923077 0.08173076923076923 0.057692307692307696
0 0.8040865384615385 0.5817307692307693 0.06490384615384616 0.04807692307692308
0 0.796875 0.5973557692307693 0.06971153846153846 0.05048076923076923
0 0.7920673076923077 0.609375 0.06971153846153846 0.04567307692307693
0 0.7896634615384616 0.6201923076923077 0.07451923076923077 0.04807692307692308
0 0.8846153846153847 0.6574519230769231 0.11057692307692309 0.09855769230769232
0 0.48918269230769235 0.4098557692307693 0.12740384615384617 0.09375
