0 0.1778846153846154 0.03485576923076923 0.028846153846153848 0.03605769230769231
0 0.6658653846153847 0.15504807692307693 0.09615384615384616 0.05528846153846154
0 0.6105769230769231 0.4014423076923077 0.057692307692307696 0.07692307692307693
0 0.5853365384615385 0.3942307692307693 0.05048076923076923 0.08173076923076923
0 0.7920673076923077 0.9711538461538463 0.10336538461538462 0.057692307692307696
0 0.31730769230769235 0.09855769230769232 0.038461538461538464 0.04326923076923077
0 0.3870192307692308 0.13341346153846154 0.04807692307692308 0.07451923076923077
0 0.33293269230769235 0.3353365384615385 0.03605769230769231 0.026442307692307696
0 0.40024038461538464 0.6478365384615385 0.03605769230769231 0.040865384615384616
0 0.34615384615384615 0.6165865384615385 0.04326923076923077 0.05048076923076923
