0 0.734375 0.1935096153846154 0.07451923076923077 0.021634615384615384
0 0.7271634615384616 0.23076923076923078 0.14182692307692307 0.02403846153846154
0 0.7307692307692308 0.265625 0.20192307692307693 0.026442307692307696
0 0.7319711538461539 0.2980769230769231 0.2716346153846154 0.02403846153846154
0 0.7067307692307693 0.3293269230769231 0.3125 0.028846153846153848
0 0.6730769230769231 0.3629807692307693 0.2932692307692308 0.02403846153846154
0 0.6346153846153847 0.3942307692307693 0.2932692307692308 0.02403846153846154
0 0.6177884615384616 0.4290865384615385 0.2692307692307693 0.021634615384615384
0 0.6141826923076923 0.46153846153846156 0.2043269230769231 0.02403846153846154
0 0.6141826923076923 0.49399038461538464 0.13221153846153846 0.021634615384615384
0 0.6129807692307693 0.5276442307692308 0.07211538461538462 0.021634615384615384
0 0.8966346153846154 0.35336538461538464 0.057692307692307696 0.019230769230769232
0 0.8870192307692308 0.3774038461538462 0.10576923076923078 0.019230769230769232
0 0.8882211538461539 0.40625 0.16105769230769232 0.02403846153846154
0 0.8954326923076924 0.43149038461538464 0.2091346153846154 0.021634615384615384
0 0.8810096153846154 0.4555288461538462 0.23798076923076925 0.026442307692307696
0 0.8653846153846154 0.47836538461538464 0.2692307692307693 0.028846153846153848
0 0.8557692307692308 0.5060096153846154 0.2884615384615385 0.026442307692307696
0 0.842548076923077 0.5288461538461539 0.31009615384615385 0.02403846153846154
0 0.826923076923077 0.5576923076923077 0.2980769230769231 0.028846153846153848
0 0.8125 0.5829326923076923 0.28365384615384615 0.026442307692307696
0 0.7980769230769231 0.6045673076923077 0.2451923076923077 0.026442307692307696
0 0.8052884615384616 0.6334134615384616 0.19230769230769232 0.021634615384615384
0 0.8016826923076924 0.65625 0.16105769230769232 0.019230769230769232
0 0.7992788461538461 0.6838942307692308 0.08413461538461539 0.021634615384615384
0 0.45072115384615385 0.46274038461538464 0.07932692307692309 0.021634615384615384
0 0.4495192307692308 0.5012019230769231 0.14903846153846154 0.021634615384615384
0 0.453125 0.5336538461538461 0.2091346153846154 0.02403846153846154
0 0.4483173076923077 0.5661057692307693 0.28605769230769235 0.026442307692307696
0 0.41947115384615385 0.6009615384615385 0.29086538461538464 0.02403846153846154
0 0.38341346153846156 0.6310096153846154 0.3004807692307693 0.021634615384615384
0 0.609375 0.6346153846153847 0.10336538461538462 0.02403846153846154
0 0.6045673076923077 0.6670673076923077 0.13701923076923078 0.021634615384615384
0 0.608173076923077 0.6887019230769231 0.19230769230769232 0.021634615384615384
0 0.608173076923077 0.7127403846153847 0.22596153846153846 0.026442307692307696
0 0.6033653846153847 0.7403846153846154 0.2884615384615385 0.028846153846153848
0 0.5913461538461539 0.765625 0.32211538461538464 0.03125
0 0.5697115384615385 0.7884615384615385 0.32211538461538464 0.02403846153846154
0 0.3473557692307693 0.6610576923076923 0.30528846153846156 0.019230769230769232
0 0.3185096153846154 0.6983173076923077 0.31009615384615385 0.026442307692307696
0 0.2848557692307693 0.7307692307692308 0.2956730769230769 0.028846153846153848
0 0.25480769230769235 0.764423076923077 0.3028846153846154 0.02403846153846154
0 0.2199519230769231 0.7932692307692308 0.30528846153846156 0.02403846153846154
0 0.18509615384615385 0.826923076923077 0.3028846153846154 0.02403846153846154
0 0.15264423076923078 0.859375 0.3004807692307693 0.026442307692307696
0 0.13461538461538464 0.8942307692307693 0.2692307692307693 0.02403846153846154
0 0.5637019230769231 0.8173076923076924 0.3004807692307693 0.02403846153846154
0 0.515625 0.8401442307692308 0.3293269230769231 0.026442307692307696
0 0.4915865384615385 0.8653846153846154 0.3197115384615385 0.02403846153846154
0 0.46153846153846156 0.8882211538461539 0.33653846153846156 0.026442307692307696
0 0.43509615384615385 0.9146634615384616 0.34134615384615385 0.026442307692307696
0 0.8762019230769231 0.920673076923077 0.2043269230769231 0.15865384615384617
0 0.8569711538461539 0.9290865384615385 0.2043269230769231 0.14182692307692307
0 0.8413461538461539 0.9375 0.20192307692307693 0.125
0 0.8221153846153847 0.9459134615384616 0.21153846153846156 0.10817307692307693
0 0.8088942307692308 0.9543269230769231 0.2139423076923077 0.09134615384615385
0 0.4098557692307693 0.9399038461538463 0.31490384615384615 0.028846153846153848
0 0.37980769230769235 0.9639423076923077 0.33653846153846156 0.028846153846153848
0 0.359375 0.9879807692307693 0.3341346153846154 0.02403846153846154
0 0.11538461538461539 0.9242788461538463 0.23076923076923078 0.026442307692307696
0 0.09735576923076923 0.9579326923076924 0.19471153846153846 0.026442307692307696
0 0.08533653846153846 0.9891826923076924 0.17067307692307693 0.021634615384615384
