0 0.6165865384615385 0.12860576923076925 0.07451923076923077 0.021634615384615384
0 0.609375 0.16586538461538464 0.14182692307692307 0.02403846153846154
0 0.6129807692307693 0.20072115384615385 0.20192307692307693 0.026442307692307696
0 0.6141826923076923 0.23317307692307693 0.2716346153846154 0.02403846153846154
0 0.5889423076923077 0.2644230769230769 0.3125 0.028846153846153848
0 0.5552884615384616 0.2980769230769231 0.2932692307692308 0.02403846153846154
0 0.5168269230769231 0.3293269230769231 0.2932692307692308 0.02403846153846154
0 0.5 0.36418269230769235 0.2692307692307693 0.021634615384615384
0 0.4963942307692308 0.3966346153846154 0.2043269230769231 0.02403846153846154
0 0.4963942307692308 0.4290865384615385 0.13221153846153846 0.021634615384615384
0 0.4951923076923077 0.46274038461538464 0.07211538461538462 0.021634615384615384
0 0.7788461538461539 0.2884615384615385 0.057692307692307696 0.019230769230769232
0 0.7692307692307693 0.3125 0.10576923076923078 0.019230769230769232
0 0.7704326923076924 0.34134615384615385 0.16105769230769232 0.02403846153846154
0 0.7788461538461539 0.3665865384615385 0.21153846153846156 0.021634615384615384
0 0.764423076923077 0.390625 0.2403846153846154 0.026442307692307696
0 0.765625 0.4134615384615385 0.30528846153846156 0.028846153846153848
0 0.7548076923076924 0.4411057692307693 0.32211538461538464 0.026442307692307696
0 0.7247596153846154 0.4639423076923077 0.31009615384615385 0.02403846153846154
0 0.7091346153846154 0.49278846153846156 0.2980769230769231 0.028846153846153848
0 0.6947115384615385 0.5180288461538461 0.28365384615384615 0.026442307692307696
0 0.6802884615384616 0.5396634615384616 0.2451923076923077 0.026442307692307696
0 0.6875 0.5685096153846154 0.19230769230769232 0.021634615384615384
0 0.6838942307692308 0.5913461538461539 0.16105769230769232 0.019230769230769232
0 0.6814903846153847 0.6189903846153847 0.08413461538461539 0.021634615384615384
0 0.33293269230769235 0.3978365384615385 0.07932692307692309 0.021634615384615384
0 0.3317307692307693 0.4362980769230769 0.14903846153846154 0.021634615384615384
0 0.3353365384615385 0.46875 0.2091346153846154 0.02403846153846154
0 0.33052884615384615 0.5012019230769231 0.28605769230769235 0.026442307692307696
0 0.30168269230769235 0.5360576923076923 0.29086538461538464 0.02403846153846154
0 0.265625 0.5661057692307693 0.3004807692307693 0.021634615384615384
0 0.4915865384615385 0.5697115384615385 0.10336538461538462 0.02403846153846154
0 0.4867788461538462 0.6021634615384616 0.13701923076923078 0.021634615384615384
0 0.4903846153846154 0.623798076923077 0.19230769230769232 0.021634615384615384
0 0.4903846153846154 0.6478365384615385 0.22596153846153846 0.026442307692307696
0 0.48557692307692313 0.6754807692307693 0.2884615384615385 0.028846153846153848
0 0.47355769230769235 0.7007211538461539 0.32211538461538464 0.03125
0 0.4519230769230769 0.7235576923076924 0.32211538461538464 0.02403846153846154
0 0.2295673076923077 0.5961538461538461 0.30528846153846156 0.019230769230769232
0 0.20072115384615385 0.6334134615384616 0.31009615384615385 0.026442307692307696
0 0.1670673076923077 0.6658653846153847 0.2956730769230769 0.028846153846153848
0 0.14423076923076925 0.6995192307692308 0.2884615384615385 0.02403846153846154
0 0.12740384615384617 0.7283653846153847 0.25480769230769235 0.02403846153846154
0 0.109375 0.7620192307692308 0.21875 0.02403846153846154
0 0.09254807692307693 0.7944711538461539 0.18509615384615385 0.026442307692307696
0 0.07572115384615385 0.8293269230769231 0.1514423076923077 0.02403846153846154
0 0.44591346153846156 0.7524038461538461 0.3004807692307693 0.02403846153846154
0 0.3978365384615385 0.7752403846153847 0.3293269230769231 0.026442307692307696
0 0.3737980769230769 0.8004807692307693 0.3197115384615385 0.02403846153846154
0 0.34375 0.8233173076923077 0.33653846153846156 0.026442307692307696
0 0.31730769230769235 0.8497596153846154 0.34134615384615385 0.026442307692307696
0 0.7584134615384616 0.8846153846153847 0.2043269230769231 0.21634615384615385
0 0.7391826923076924 0.8966346153846154 0.2043269230769231 0.20673076923076925
0 0.7235576923076924 0.905048076923077 0.20192307692307693 0.18990384615384617
0 0.7043269230769231 0.9134615384615385 0.21153846153846156 0.17307692307692307
0 0.6911057692307693 0.921875 0.2139423076923077 0.15625
0 0.2920673076923077 0.875 0.31490384615384615 0.028846153846153848
0 0.2620192307692308 0.8990384615384616 0.33653846153846156 0.028846153846153848
0 0.24158653846153846 0.9242788461538463 0.3341346153846154 0.026442307692307696
0 0.2139423076923077 0.9483173076923077 0.31730769230769235 0.026442307692307696
0 0.1887019230769231 0.9747596153846154 0.3293269230769231 0.026442307692307696
0 0.16466346153846154 0.9903846153846154 0.3197115384615385 0.019230769230769232
0 0.056490384615384616 0.859375 0.11298076923076923 0.026442307692307696
0 0.038461538461538464 0.8930288461538463 0.07692307692307693 0.026442307692307696
0 0.026442307692307696 0.9254807692307693 0.05288461538461539 0.02403846153846154
