0 0.04807692307692308 0.48557692307692313 0.09615384615384616 0.14903846153846154
0 0.40384615384615385 0.2728365384615385 0.125 0.13701923076923078
0 0.49399038461538464 0.2091346153846154 0.13221153846153846 0.13461538461538464
0 0.5913461538461539 0.15384615384615385 0.125 0.13461538461538464
0 0.6766826923076923 0.09615384615384616 0.10817307692307693 0.12980769230769232
0 0.9459134615384616 0.08413461538461539 0.06971153846153846 0.09134615384615385
0 0.9254807692307693 0.09975961538461539 0.07692307692307693 0.09375
0 0.8533653846153847 0.140625 0.07211538461538462 0.09855769230769232
0 0.8317307692307693 0.15745192307692307 0.08173076923076923 0.0889423076923077
0 0.7620192307692308 0.19711538461538464 0.07211538461538462 0.10096153846153846
0 0.7319711538461539 0.2199519230769231 0.0889423076923077 0.09855769230769232
0 0.7055288461538461 0.23918269230769232 0.07451923076923077 0.09375
0 0.6346153846153847 0.2800480769230769 0.07692307692307693 0.09855769230769232
0 0.6117788461538461 0.2980769230769231 0.07451923076923077 0.09134615384615385
0 0.5396634615384616 0.34134615384615385 0.07451923076923077 0.09134615384615385
0 0.515625 0.35697115384615385 0.08413461538461539 0.09855769230769232
0 0.5877403846153847 0.47355769230769235 0.09855769230769232 0.12980769230769232
0 0.6189903846153847 0.45432692307692313 0.10817307692307693 0.13461538461538464
0 0.6754807692307693 0.4170673076923077 0.11057692307692309 0.13221153846153846
0 0.7103365384615385 0.3930288461538462 0.10817307692307693 0.12740384615384617
0 0.7680288461538461 0.3581730769230769 0.11298076923076923 0.13461538461538464
0 0.8064903846153847 0.33653846153846156 0.10817307692307693 0.13461538461538464
0 0.8377403846153847 0.31009615384615385 0.10336538461538462 0.13461538461538464
0 0.9002403846153847 0.27524038461538464 0.10817307692307693 0.13221153846153846
0 0.9314903846153847 0.25240384615384615 0.10817307692307693 0.12980769230769232
0 0.967548076923077 0.21875 0.06490384615384616 0.13461538461538464
0 0.984375 0.19711538461538464 0.03125 0.125
0 0.9771634615384616 0.3509615384615385 0.04567307692307693 0.09615384615384616
0 0.9603365384615385 0.37259615384615385 0.07932692307692309 0.09615384615384616
0 0.9038461538461539 0.4122596153846154 0.08653846153846154 0.0889423076923077
0 0.8701923076923077 0.4326923076923077 0.08173076923076923 0.09615384615384616
0 0.8341346153846154 0.4519230769230769 0.07692307692307693 0.09134615384615385
0 0.7728365384615385 0.49399038461538464 0.07932692307692309 0.0889423076923077
0 0.7403846153846154 0.514423076923077 0.07692307692307693 0.09615384615384616
0 0.6826923076923077 0.5516826923076923 0.07692307692307693 0.09375
0 0.6514423076923077 0.5733173076923077 0.07692307692307693 0.0889423076923077
0 0.2668269230769231 0.545673076923077 0.3028846153846154 0.42307692307692313
0 0.1887019230769231 0.6887019230769231 0.2139423076923077 0.31490384615384615
0 0.09495192307692309 0.765625 0.18990384615384617 0.3293269230769231
0 0.06490384615384616 0.8052884615384616 0.12980769230769232 0.3076923076923077
0 0.22836538461538464 0.6682692307692308 0.21634615384615385 0.3076923076923077
0 0.3581730769230769 0.5072115384615384 0.33653846153846156 0.4278846153846154
