0 0.983173076923077 0.13341346153846154 0.03365384615384616 0.03125
0 0.8978365384615385 0.6935096153846154 0.2043269230769231 0.13701923076923078
0 0.6959134615384616 0.4014423076923077 0.1466346153846154 0.09134615384615385
0 0.5757211538461539 0.35697115384615385 0.13221153846153846 0.0889423076923077
0 0.421875 0.3269230769230769 0.1514423076923077 0.08653846153846154
0 0.5396634615384616 0.2920673076923077 0.06490384615384616 0.06009615384615385
0 0.49278846153846156 0.27884615384615385 0.07692307692307693 0.06730769230769232
0 0.41947115384615385 0.2560096153846154 0.10336538461538462 0.08413461538461539
0 0.33052884615384615 0.22836538461538464 0.09855769230769232 0.07692307692307693
0 0.32091346153846156 0.28125 0.10817307692307693 0.06730769230769232
0 0.3665865384615385 0.46875 0.2620192307692308 0.1201923076923077
0 0.046875 0.2199519230769231 0.09375 0.11778846153846155
0 0.1466346153846154 0.25961538461538464 0.12980769230769232 0.10096153846153846
