0 0.3665865384615385 0.22235576923076925 0.1466346153846154 0.14182692307692307
0 0.29927884615384615 0.296875 0.14182692307692307 0.14182692307692307
0 0.875 0.028846153846153848 0.25 0.057692307692307696
0 0.9182692307692308 0.29086538461538464 0.16346153846153846 0.19230769230769232
0 0.8713942307692308 0.31490384615384615 0.1514423076923077 0.17307692307692307
0 0.23076923076923078 0.3737980769230769 0.13461538461538464 0.14182692307692307
0 0.3545673076923077 0.530048076923077 0.6225961538461539 0.6129807692307693
0 0.7055288461538461 0.6430288461538461 0.23317307692307693 0.21875
0 0.764423076923077 0.6983173076923077 0.21634615384615385 0.19951923076923078
0 0.6033653846153847 0.8798076923076924 0.22115384615384617 0.22115384615384617
0 0.46274038461538464 0.9603365384615385 0.19951923076923078 0.07932692307692309
0 0.44591346153846156 0.8870192307692308 0.28125 0.22596153846153846
0 0.4375 0.6262019230769231 0.04807692307692308 0.021634615384615384
0 0.4338942307692308 0.6574519230769231 0.09855769230769232 0.026442307692307696
0 0.4134615384615385 0.6838942307692308 0.1201923076923077 0.021634615384615384
0 0.37980769230769235 0.7139423076923077 0.1201923076923077 0.02403846153846154
0 0.3197115384615385 0.7740384615384616 0.125 0.02403846153846154
0 0.35216346153846156 0.7427884615384616 0.12259615384615385 0.02403846153846154
0 0.2932692307692308 0.8028846153846154 0.11538461538461539 0.02403846153846154
0 0.2620192307692308 0.828125 0.1201923076923077 0.021634615384615384
0 0.25961538461538464 0.8569711538461539 0.057692307692307696 0.021634615384615384
0 0.49399038461538464 0.6995192307692308 0.05528846153846154 0.02403846153846154
0 0.4987980769230769 0.7211538461538461 0.10336538461538462 0.03365384615384616
0 0.48557692307692313 0.7427884615384616 0.10096153846153846 0.028846153846153848
0 0.46274038461538464 0.7584134615384616 0.10817307692307693 0.03125
0 0.4399038461538462 0.7764423076923077 0.11057692307692309 0.028846153846153848
0 0.4278846153846154 0.7908653846153847 0.10576923076923078 0.03365384615384616
0 0.4098557692307693 0.811298076923077 0.10817307692307693 0.03125
0 0.3918269230769231 0.826923076923077 0.09615384615384616 0.028846153846153848
0 0.3762019230769231 0.8473557692307693 0.10817307692307693 0.026442307692307696
0 0.35216346153846156 0.8641826923076924 0.11298076923076923 0.03125
0 0.3293269230769231 0.8810096153846154 0.11057692307692309 0.026442307692307696
0 0.3185096153846154 0.921875 0.06490384615384616 0.021634615384615384
0 0.3185096153846154 0.9447115384615385 0.03605769230769231 0.019230769230769232
0 0.3185096153846154 0.9014423076923077 0.10336538461538462 0.028846153846153848
