0 0.3665865384615385 0.3088942307692308 0.1466346153846154 0.14182692307692307
0 0.29927884615384615 0.38341346153846156 0.14182692307692307 0.14182692307692307
0 0.875 0.07211538461538462 0.25 0.14423076923076925
0 0.9182692307692308 0.3774038461538462 0.16346153846153846 0.19230769230769232
0 0.8713942307692308 0.4014423076923077 0.1514423076923077 0.17307692307692307
0 0.23076923076923078 0.4603365384615385 0.13461538461538464 0.14182692307692307
0 0.3545673076923077 0.6165865384615385 0.6225961538461539 0.6129807692307693
0 0.7055288461538461 0.7295673076923077 0.23317307692307693 0.21875
0 0.764423076923077 0.7848557692307693 0.21634615384615385 0.19951923076923078
0 0.6033653846153847 0.9278846153846154 0.22115384615384617 0.14423076923076925
0 0.44591346153846156 0.9302884615384616 0.28125 0.13942307692307693
0 0.4375 0.7127403846153847 0.04807692307692308 0.021634615384615384
0 0.4338942307692308 0.7439903846153847 0.09855769230769232 0.026442307692307696
0 0.4134615384615385 0.7704326923076924 0.1201923076923077 0.021634615384615384
0 0.37980769230769235 0.8004807692307693 0.1201923076923077 0.02403846153846154
0 0.3197115384615385 0.8605769230769231 0.125 0.02403846153846154
0 0.35216346153846156 0.8293269230769231 0.12259615384615385 0.02403846153846154
0 0.2932692307692308 0.889423076923077 0.11538461538461539 0.02403846153846154
0 0.2620192307692308 0.9146634615384616 0.1201923076923077 0.021634615384615384
0 0.25961538461538464 0.9435096153846154 0.057692307692307696 0.021634615384615384
0 0.49399038461538464 0.7860576923076924 0.05528846153846154 0.02403846153846154
0 0.4987980769230769 0.8076923076923077 0.10336538461538462 0.03365384615384616
0 0.48557692307692313 0.8293269230769231 0.10096153846153846 0.028846153846153848
0 0.46274038461538464 0.8449519230769231 0.10817307692307693 0.03125
0 0.4399038461538462 0.8629807692307693 0.11057692307692309 0.028846153846153848
0 0.4278846153846154 0.8774038461538463 0.10576923076923078 0.03365384615384616
0 0.4098557692307693 0.8978365384615385 0.10817307692307693 0.03125
0 0.3918269230769231 0.9134615384615385 0.09615384615384616 0.028846153846153848
0 0.3762019230769231 0.9338942307692308 0.10817307692307693 0.026442307692307696
0 0.35216346153846156 0.9507211538461539 0.11298076923076923 0.03125
0 0.3293269230769231 0.967548076923077 0.11057692307692309 0.026442307692307696
0 0.3185096153846154 0.998798076923077 0.06490384615384616 0.002403846153846154
0 0.3185096153846154 0.9867788461538463 0.10336538461538462 0.026442307692307696
