0 0.5576923076923077 0.030048076923076924 0.08173076923076923 0.06009615384615385
0 0.4723557692307693 0.030048076923076924 0.06971153846153846 0.06009615384615385
0 0.4879807692307693 0.04447115384615385 0.06730769230769232 0.07451923076923077
0 0.4747596153846154 0.021634615384615384 0.08413461538461539 0.04326923076923077
0 0.15264423076923078 0.6911057692307693 0.06971153846153846 0.06490384615384616
0 0.11177884615384616 0.6947115384615385 0.07451923076923077 0.07692307692307693
0 0.08173076923076923 0.8329326923076924 0.10576923076923078 0.10336538461538462
0 0.2608173076923077 0.9591346153846154 0.10336538461538462 0.08173076923076923
0 0.6875 0.6923076923076923 0.06730769230769232 0.05288461538461539
0 0.7211538461538461 0.7475961538461539 0.07211538461538462 0.0625
0 0.9819711538461539 0.7776442307692308 0.03605769230769231 0.07932692307692309
0 0.546875 0.18028846153846154 0.06009615384615385 0.05288461538461539
