0 0.8173076923076924 0.040865384615384616 0.09615384615384616 0.08173076923076923
0 0.015625 0.10576923076923078 0.03125 0.04807692307692308
0 0.22836538461538464 0.23798076923076925 0.028846153846153848 0.02403846153846154
0 0.42307692307692313 0.47355769230769235 0.10576923076923078 0.11057692307692309
0 0.49278846153846156 0.701923076923077 0.038461538461538464 0.038461538461538464
0 0.5372596153846154 0.35216346153846156 0.06971153846153846 0.07932692307692309
0 0.6165865384615385 0.3581730769230769 0.07451923076923077 0.0625
0 0.7247596153846154 0.873798076923077 0.03605769230769231 0.03125
0 0.7824519230769231 0.9134615384615385 0.03125 0.028846153846153848
0 0.9122596153846154 0.7752403846153847 0.03125 0.03605769230769231
0 0.7427884615384616 0.44591346153846156 0.04326923076923077 0.04567307692307693
