0 0.48918269230769235 0.4074519230769231 0.07451923076923077 0.021634615384615384
0 0.48197115384615385 0.4447115384615385 0.14182692307692307 0.02403846153846154
0 0.48557692307692313 0.4795673076923077 0.20192307692307693 0.026442307692307696
0 0.4867788461538462 0.5120192307692308 0.2716346153846154 0.02403846153846154
0 0.46153846153846156 0.5432692307692308 0.3125 0.028846153846153848
0 0.4278846153846154 0.576923076923077 0.2932692307692308 0.02403846153846154
0 0.3894230769230769 0.608173076923077 0.2932692307692308 0.02403846153846154
0 0.37259615384615385 0.6430288461538461 0.2692307692307693 0.021634615384615384
0 0.36899038461538464 0.6754807692307693 0.2043269230769231 0.02403846153846154
0 0.36899038461538464 0.7079326923076924 0.13221153846153846 0.021634615384615384
0 0.36778846153846156 0.7415865384615385 0.07211538461538462 0.021634615384615384
0 0.6514423076923077 0.5673076923076923 0.057692307692307696 0.019230769230769232
0 0.6418269230769231 0.5913461538461539 0.10576923076923078 0.019230769230769232
0 0.6430288461538461 0.6201923076923077 0.16105769230769232 0.02403846153846154
0 0.6514423076923077 0.6454326923076923 0.21153846153846156 0.021634615384615384
0 0.6370192307692308 0.6694711538461539 0.2403846153846154 0.026442307692307696
0 0.6382211538461539 0.6923076923076923 0.30528846153846156 0.028846153846153848
0 0.6274038461538461 0.7199519230769231 0.32211538461538464 0.026442307692307696
0 0.5973557692307693 0.7427884615384616 0.31009615384615385 0.02403846153846154
0 0.5817307692307693 0.7716346153846154 0.2980769230769231 0.028846153846153848
0 0.5673076923076923 0.796875 0.28365384615384615 0.026442307692307696
0 0.5528846153846154 0.8185096153846154 0.2451923076923077 0.026442307692307696
0 0.5600961538461539 0.8473557692307693 0.19230769230769232 0.021634615384615384
0 0.5564903846153847 0.8701923076923077 0.16105769230769232 0.019230769230769232
0 0.5540865384615385 0.8978365384615385 0.08413461538461539 0.021634615384615384
0 0.20552884615384617 0.6766826923076923 0.07932692307692309 0.021634615384615384
0 0.2043269230769231 0.7151442307692308 0.14903846153846154 0.021634615384615384
0 0.20793269230769232 0.7475961538461539 0.2091346153846154 0.02403846153846154
0 0.203125 0.780048076923077 0.28605769230769235 0.026442307692307696
0 0.17427884615384617 0.8149038461538461 0.29086538461538464 0.02403846153846154
0 0.14423076923076925 0.8449519230769231 0.2884615384615385 0.021634615384615384
0 0.36418269230769235 0.8485576923076924 0.10336538461538462 0.02403846153846154
0 0.359375 0.8810096153846154 0.13701923076923078 0.021634615384615384
0 0.3629807692307693 0.9026442307692308 0.19230769230769232 0.021634615384615384
0 0.3629807692307693 0.9266826923076924 0.22596153846153846 0.026442307692307696
0 0.3581730769230769 0.9543269230769231 0.2884615384615385 0.028846153846153848
0 0.34615384615384615 0.9795673076923077 0.32211538461538464 0.03125
0 0.3245192307692308 0.9951923076923077 0.32211538461538464 0.009615384615384616
0 0.12740384615384617 0.875 0.25480769230769235 0.019230769230769232
0 0.11418269230769232 0.9122596153846154 0.22836538461538464 0.026442307692307696
0 0.09375 0.9447115384615385 0.1875 0.028846153846153848
0 0.08052884615384616 0.9783653846153847 0.16105769230769232 0.02403846153846154
