0 0.4206730769230769 0.26802884615384615 0.13942307692307693 0.021634615384615384
0 0.42307692307692313 0.2848557692307693 0.13461538461538464 0.01682692307692308
0 0.4206730769230769 0.296875 0.13942307692307693 0.01682692307692308
0 0.4206730769230769 0.31490384615384615 0.13461538461538464 0.019230769230769232
0 0.41947115384615385 0.33052884615384615 0.13701923076923078 0.021634615384615384
0 0.3762019230769231 0.3497596153846154 0.040865384615384616 0.01682692307692308
0 0.45072115384615385 0.3653846153846154 0.07451923076923077 0.014423076923076924
0 0.4519230769230769 0.3786057692307693 0.07692307692307693 0.01682692307692308
0 0.4483173076923077 0.3966346153846154 0.06971153846153846 0.019230769230769232
0 0.4495192307692308 0.4134615384615385 0.07211538461538462 0.019230769230769232
0 0.45072115384615385 0.42668269230769235 0.07451923076923077 0.01682692307692308
0 0.4483173076923077 0.44230769230769235 0.06971153846153846 0.019230769230769232
0 0.44711538461538464 0.45793269230769235 0.06730769230769232 0.01682692307692308
0 0.44591346153846156 0.47355769230769235 0.07451923076923077 0.014423076923076924
0 0.4483173076923077 0.4915865384615385 0.06971153846153846 0.01682692307692308
0 0.4447115384615385 0.5096153846153847 0.06730769230769232 0.019230769230769232
0 0.4447115384615385 0.5228365384615384 0.06730769230769232 0.01682692307692308
0 0.6382211538461539 0.5264423076923077 0.07451923076923077 0.019230769230769232
0 0.6430288461538461 0.7848557692307693 0.05048076923076923 0.07451923076923077
