0 0.9663461538461539 0.59375 0.06730769230769232 0.11538461538461539
0 0.7860576923076924 0.9026442307692308 0.02403846153846154 0.026442307692307696
0 0.3088942307692308 0.5576923076923077 0.040865384615384616 0.03365384615384616
0 0.4134615384615385 0.6502403846153847 0.04807692307692308 0.03125
0 0.46153846153846156 0.6586538461538461 0.04807692307692308 0.04326923076923077
0 0.4987980769230769 0.6802884615384616 0.04567307692307693 0.04807692307692308
0 0.30528846153846156 0.8197115384615385 0.0625 0.07211538461538462
0 0.3545673076923077 0.8449519230769231 0.026442307692307696 0.03125
0 0.45432692307692313 0.8858173076923077 0.06730769230769232 0.07451923076923077
0 0.4915865384615385 0.9146634615384616 0.03125 0.03605769230769231
