0 0.040865384615384616 0.009615384615384616 0.08173076923076923 0.019230769230769232
0 0.020432692307692308 0.037259615384615384 0.040865384615384616 0.021634615384615384
0 0.6286057692307693 0.4122596153846154 0.09855769230769232 0.09375
0 0.6069711538461539 0.43509615384615385 0.0889423076923077 0.09134615384615385
0 0.5877403846153847 0.4567307692307693 0.09375 0.09134615384615385
0 0.5721153846153847 0.47716346153846156 0.09134615384615385 0.09375
0 0.5480769230769231 0.49759615384615385 0.09615384615384616 0.08653846153846154
0 0.0889423076923077 0.3028846153846154 0.1778846153846154 0.21634615384615385
0 0.07932692307692309 0.3185096153846154 0.15865384615384617 0.2139423076923077
0 0.07091346153846154 0.3353365384615385 0.14182692307692307 0.2139423076923077
0 0.06370192307692309 0.3497596153846154 0.12740384615384617 0.2091346153846154
0 0.057692307692307696 0.36899038461538464 0.11538461538461539 0.2139423076923077
0 0.09014423076923077 0.795673076923077 0.18028846153846154 0.4086538461538462
