0 0.13701923076923078 0.2043269230769231 0.11538461538461539 0.11538461538461539
0 0.5024038461538461 0.49759615384615385 0.06730769230769232 0.0625
0 0.5721153846153847 0.5084134615384616 0.05288461538461539 0.05528846153846154
0 0.7139423076923077 0.13701923076923078 0.038461538461538464 0.038461538461538464
0 0.9459134615384616 0.3088942307692308 0.03605769230769231 0.03125
0 0.9939903846153847 0.34855769230769235 0.01201923076923077 0.028846153846153848
0 0.6009615384615385 0.795673076923077 0.08173076923076923 0.08173076923076923
0 0.5504807692307693 0.8233173076923077 0.13942307692307693 0.11298076923076923
0 0.3617788461538462 0.6766826923076923 0.0889423076923077 0.06490384615384616
0 0.025240384615384616 0.9399038461538463 0.05048076923076923 0.05288461538461539
0 0.06490384615384616 0.9567307692307693 0.05288461538461539 0.04326923076923077
