0 0.875 0.01201923076923077 0.028846153846153848 0.02403846153846154
0 0.9158653846153847 0.03365384615384616 0.04326923076923077 0.03365384615384616
0 0.9627403846153847 0.09254807692307693 0.040865384615384616 0.05048076923076923
0 0.920673076923077 0.24639423076923078 0.0625 0.06490384615384616
0 0.8665865384615385 0.19591346153846154 0.026442307692307696 0.03125
0 0.8209134615384616 0.15625 0.026442307692307696 0.02403846153846154
0 0.7091346153846154 0.26802884615384615 0.08653846153846154 0.08413461538461539
2 0.3822115384615385 0.12259615384615385 0.04326923076923077 0.05288461538461539
0 0.3245192307692308 0.040865384615384616 0.057692307692307696 0.0625
0 0.8461538461538463 0.65625 0.04807692307692308 0.04326923076923077
0 0.02764423076923077 0.3930288461538462 0.05528846153846154 0.06009615384615385
0 0.028846153846153848 0.5 0.05288461538461539 0.06730769230769232
0 0.3653846153846154 0.6814903846153847 0.09615384615384616 0.07932692307692309
0 0.46995192307692313 0.6826923076923077 0.06009615384615385 0.06730769230769232
0 0.2776442307692308 0.8365384615384616 0.026442307692307696 0.02403846153846154
