0 0.03605769230769231 0.4987980769230769 0.07211538461538462 0.10336538461538462
0 0.07451923076923077 0.5528846153846154 0.07692307692307693 0.057692307692307696
0 0.3293269230769231 0.46153846153846156 0.05288461538461539 0.038461538461538464
0 0.3401442307692308 0.4951923076923077 0.04567307692307693 0.03365384615384616
0 0.3545673076923077 0.5192307692307693 0.04567307692307693 0.028846153846153848
0 0.36778846153846156 0.5480769230769231 0.04326923076923077 0.03365384615384616
0 0.3786057692307693 0.5733173076923077 0.04567307692307693 0.026442307692307696
0 0.3930288461538462 0.6009615384615385 0.04567307692307693 0.028846153846153848
0 0.40625 0.6298076923076923 0.04326923076923077 0.03365384615384616
0 0.44230769230769235 0.8449519230769231 0.09134615384615385 0.13701923076923078
0 0.5384615384615385 0.8317307692307693 0.09615384615384616 0.09134615384615385
0 0.9855769230769231 0.22235576923076925 0.028846153846153848 0.15625
0 0.7932692307692308 0.623798076923077 0.08173076923076923 0.10817307692307693
0 0.8413461538461539 0.7367788461538461 0.08173076923076923 0.11298076923076923
0 0.7127403846153847 0.7223557692307693 0.1466346153846154 0.23798076923076925
0 0.7668269230769231 0.8725961538461539 0.06730769230769232 0.08653846153846154
0 0.7980769230769231 0.9399038461538463 0.06730769230769232 0.08653846153846154
0 0.8064903846153847 0.8545673076923077 0.06490384615384616 0.0889423076923077
0 0.8305288461538461 0.921875 0.06971153846153846 0.0889423076923077
