0 0.2848557692307693 0.00841346153846154 0.0889423076923077 0.01682692307692308
0 0.296875 0.019230769230769232 0.11298076923076923 0.038461538461538464
0 0.30168269230769235 0.038461538461538464 0.10817307692307693 0.038461538461538464
0 0.3040865384615385 0.056490384615384616 0.11298076923076923 0.03605769230769231
0 0.30528846153846156 0.07451923076923077 0.11057692307692309 0.03365384615384616
0 0.3088942307692308 0.09495192307692309 0.10817307692307693 0.03605769230769231
0 0.31490384615384615 0.11418269230769232 0.11538461538461539 0.03605769230769231
0 0.3161057692307693 0.1310096153846154 0.10817307692307693 0.03605769230769231
0 0.3185096153846154 0.15024038461538464 0.10336538461538462 0.03605769230769231
0 0.3233173076923077 0.17067307692307693 0.11298076923076923 0.03365384615384616
0 0.3269230769230769 0.19230769230769232 0.11057692307692309 0.03365384615384616
0 0.3341346153846154 0.2355769230769231 0.11057692307692309 0.03365384615384616
0 0.3401442307692308 0.2764423076923077 0.10336538461538462 0.038461538461538464
0 0.33293269230769235 0.3185096153846154 0.06971153846153846 0.03125
0 0.9399038461538463 0.5252403846153847 0.038461538461538464 0.040865384615384616
0 0.9074519230769231 0.5588942307692308 0.026442307692307696 0.026442307692307696
0 0.967548076923077 0.9134615384615385 0.06490384615384616 0.08173076923076923
0 0.7283653846153847 0.7403846153846154 0.15384615384615385 0.19230769230769232
0 0.5108173076923077 0.9879807692307693 0.05528846153846154 0.02403846153846154
