0 0.14543269230769232 0.054086538461538464 0.1466346153846154 0.05528846153846154
0 0.21033653846153846 0.3245192307692308 0.3389423076923077 0.10096153846153846
0 0.7007211538461539 0.2536057692307692 0.14182692307692307 0.04567307692307693
0 0.6983173076923077 0.2848557692307693 0.14182692307692307 0.026442307692307696
0 0.6911057692307693 0.33293269230769235 0.13701923076923078 0.03605769230769231
0 0.6911057692307693 0.3737980769230769 0.14182692307692307 0.04567307692307693
0 0.686298076923077 0.42307692307692313 0.1466346153846154 0.038461538461538464
0 0.6802884615384616 0.4639423076923077 0.15384615384615385 0.04326923076923077
0 0.6778846153846154 0.515625 0.13942307692307693 0.026442307692307696
0 0.6814903846153847 0.38341346153846156 0.23798076923076925 0.36778846153846156
