0 0.44711538461538464 0.36899038461538464 0.13942307692307693 0.021634615384615384
0 0.4495192307692308 0.3858173076923077 0.13461538461538464 0.01682692307692308
0 0.44711538461538464 0.3978365384615385 0.13942307692307693 0.01682692307692308
0 0.44711538461538464 0.41586538461538464 0.13461538461538464 0.019230769230769232
0 0.44591346153846156 0.43149038461538464 0.13701923076923078 0.021634615384615384
0 0.4026442307692308 0.45072115384615385 0.040865384615384616 0.01682692307692308
0 0.47716346153846156 0.46634615384615385 0.07451923076923077 0.014423076923076924
0 0.47836538461538464 0.4795673076923077 0.07692307692307693 0.01682692307692308
0 0.4747596153846154 0.49759615384615385 0.06971153846153846 0.019230769230769232
0 0.4759615384615385 0.514423076923077 0.07211538461538462 0.019230769230769232
0 0.47716346153846156 0.5276442307692308 0.07451923076923077 0.01682692307692308
0 0.4747596153846154 0.5432692307692308 0.06971153846153846 0.019230769230769232
0 0.47355769230769235 0.5588942307692308 0.06730769230769232 0.01682692307692308
0 0.4723557692307693 0.5745192307692308 0.07451923076923077 0.014423076923076924
0 0.4747596153846154 0.592548076923077 0.06971153846153846 0.01682692307692308
0 0.4711538461538462 0.6105769230769231 0.06730769230769232 0.019230769230769232
0 0.4711538461538462 0.623798076923077 0.06730769230769232 0.01682692307692308
0 0.6646634615384616 0.6274038461538461 0.07451923076923077 0.019230769230769232
0 0.6694711538461539 0.8858173076923077 0.05048076923076923 0.07451923076923077
