0 0.3509615384615385 0.3762019230769231 0.13942307692307693 0.021634615384615384
0 0.35336538461538464 0.3930288461538462 0.13461538461538464 0.01682692307692308
0 0.3509615384615385 0.4050480769230769 0.13942307692307693 0.01682692307692308
0 0.3509615384615385 0.42307692307692313 0.13461538461538464 0.019230769230769232
0 0.3497596153846154 0.43870192307692313 0.13701923076923078 0.021634615384615384
0 0.30649038461538464 0.45793269230769235 0.040865384615384616 0.01682692307692308
0 0.3810096153846154 0.47355769230769235 0.07451923076923077 0.014423076923076924
0 0.3822115384615385 0.4867788461538462 0.07692307692307693 0.01682692307692308
0 0.3786057692307693 0.5048076923076923 0.06971153846153846 0.019230769230769232
0 0.37980769230769235 0.5216346153846154 0.07211538461538462 0.019230769230769232
0 0.3810096153846154 0.5348557692307693 0.07451923076923077 0.01682692307692308
0 0.3786057692307693 0.5504807692307693 0.06971153846153846 0.019230769230769232
0 0.3774038461538462 0.5661057692307693 0.06730769230769232 0.01682692307692308
0 0.3762019230769231 0.5817307692307693 0.07451923076923077 0.014423076923076924
0 0.3786057692307693 0.5997596153846154 0.06971153846153846 0.01682692307692308
0 0.375 0.6177884615384616 0.06730769230769232 0.019230769230769232
0 0.375 0.6310096153846154 0.06730769230769232 0.01682692307692308
0 0.5685096153846154 0.6346153846153847 0.07451923076923077 0.019230769230769232
0 0.5733173076923077 0.8930288461538463 0.05048076923076923 0.07451923076923077
