0 0.875 0.013221153846153848 0.028846153846153848 0.026442307692307696
0 0.9158653846153847 0.03605769230769231 0.04326923076923077 0.03365384615384616
0 0.9627403846153847 0.09495192307692309 0.040865384615384616 0.05048076923076923
0 0.920673076923077 0.24879807692307693 0.0625 0.06490384615384616
0 0.8665865384615385 0.1983173076923077 0.026442307692307696 0.03125
0 0.8209134615384616 0.15865384615384617 0.026442307692307696 0.02403846153846154
0 0.7091346153846154 0.27043269230769235 0.08653846153846154 0.08413461538461539
2 0.3822115384615385 0.125 0.04326923076923077 0.05288461538461539
0 0.3245192307692308 0.04326923076923077 0.057692307692307696 0.0625
0 0.8461538461538463 0.6586538461538461 0.04807692307692308 0.04326923076923077
0 0.02764423076923077 0.39543269230769235 0.05528846153846154 0.06009615384615385
0 0.028846153846153848 0.5024038461538461 0.05288461538461539 0.06730769230769232
0 0.3653846153846154 0.6838942307692308 0.09615384615384616 0.07932692307692309
0 0.46995192307692313 0.6850961538461539 0.06009615384615385 0.06730769230769232
0 0.2776442307692308 0.8389423076923077 0.026442307692307696 0.02403846153846154
