0 0.026442307692307696 0.5985576923076923 0.05288461538461539 0.14903846153846154
0 0.3605769230769231 0.3858173076923077 0.125 0.13701923076923078
0 0.45072115384615385 0.32211538461538464 0.13221153846153846 0.13461538461538464
0 0.5480769230769231 0.2668269230769231 0.125 0.13461538461538464
0 0.6334134615384616 0.2091346153846154 0.10817307692307693 0.12980769230769232
0 0.9026442307692308 0.19711538461538464 0.06971153846153846 0.09134615384615385
0 0.8822115384615385 0.21274038461538464 0.07692307692307693 0.09375
0 0.8100961538461539 0.2536057692307692 0.07211538461538462 0.09855769230769232
0 0.7884615384615385 0.27043269230769235 0.08173076923076923 0.0889423076923077
0 0.71875 0.31009615384615385 0.07211538461538462 0.10096153846153846
0 0.6887019230769231 0.33293269230769235 0.0889423076923077 0.09855769230769232
0 0.6622596153846154 0.35216346153846156 0.07451923076923077 0.09375
0 0.5913461538461539 0.3930288461538462 0.07692307692307693 0.09855769230769232
0 0.5685096153846154 0.41105769230769235 0.07451923076923077 0.09134615384615385
0 0.4963942307692308 0.45432692307692313 0.07451923076923077 0.09134615384615385
0 0.4723557692307693 0.46995192307692313 0.08413461538461539 0.09855769230769232
0 0.5444711538461539 0.5865384615384616 0.09855769230769232 0.12980769230769232
0 0.5757211538461539 0.5673076923076923 0.10817307692307693 0.13461538461538464
0 0.6322115384615385 0.530048076923077 0.11057692307692309 0.13221153846153846
0 0.6670673076923077 0.5060096153846154 0.10817307692307693 0.12740384615384617
0 0.7247596153846154 0.4711538461538462 0.11298076923076923 0.13461538461538464
0 0.7632211538461539 0.4495192307692308 0.10817307692307693 0.13461538461538464
0 0.7944711538461539 0.42307692307692313 0.10336538461538462 0.13461538461538464
0 0.8569711538461539 0.38822115384615385 0.10817307692307693 0.13221153846153846
0 0.8882211538461539 0.3653846153846154 0.10817307692307693 0.12980769230769232
0 0.9447115384615385 0.3317307692307693 0.10576923076923078 0.13461538461538464
0 0.9627403846153847 0.31009615384615385 0.07451923076923077 0.125
0 0.984375 0.4375 0.03125 0.08173076923076923
0 0.953125 0.4639423076923077 0.08413461538461539 0.09615384615384616
0 0.920673076923077 0.48557692307692313 0.08653846153846154 0.09615384615384616
0 0.8605769230769231 0.5252403846153847 0.08653846153846154 0.0889423076923077
0 0.826923076923077 0.545673076923077 0.08173076923076923 0.09615384615384616
0 0.7908653846153847 0.5649038461538461 0.07692307692307693 0.09134615384615385
0 0.7295673076923077 0.6069711538461539 0.07932692307692309 0.0889423076923077
0 0.6971153846153847 0.6274038461538461 0.07692307692307693 0.09615384615384616
0 0.639423076923077 0.6646634615384616 0.07692307692307693 0.09375
0 0.608173076923077 0.686298076923077 0.07692307692307693 0.0889423076923077
0 0.22355769230769232 0.6586538461538461 0.3028846153846154 0.42307692307692313
0 0.14543269230769232 0.8016826923076924 0.2139423076923077 0.31490384615384615
0 0.0733173076923077 0.8569711538461539 0.1466346153846154 0.28605769230769235
0 0.04326923076923077 0.8822115384615385 0.08653846153846154 0.2355769230769231
0 0.18509615384615385 0.78125 0.21634615384615385 0.3076923076923077
0 0.31490384615384615 0.6201923076923077 0.33653846153846156 0.4278846153846154
