0 0.25841346153846156 0.33653846153846156 0.03605769230769231 0.02403846153846154
0 0.27403846153846156 0.3557692307692308 0.05288461538461539 0.028846153846153848
0 0.29447115384615385 0.37259615384615385 0.0889423076923077 0.03365384615384616
0 0.30649038461538464 0.390625 0.11298076923076923 0.040865384615384616
0 0.3112980769230769 0.41105769230769235 0.10817307692307693 0.038461538461538464
0 0.3137019230769231 0.4290865384615385 0.11298076923076923 0.03605769230769231
0 0.31490384615384615 0.44711538461538464 0.11057692307692309 0.03365384615384616
0 0.3185096153846154 0.4675480769230769 0.10817307692307693 0.03605769230769231
0 0.3245192307692308 0.4867788461538462 0.11538461538461539 0.03605769230769231
0 0.32572115384615385 0.5036057692307693 0.10817307692307693 0.03605769230769231
0 0.328125 0.5228365384615384 0.10336538461538462 0.03605769230769231
0 0.33293269230769235 0.5432692307692308 0.11298076923076923 0.03365384615384616
0 0.33653846153846156 0.5649038461538461 0.11057692307692309 0.03365384615384616
0 0.34375 0.608173076923077 0.11057692307692309 0.03365384615384616
0 0.3497596153846154 0.6490384615384616 0.10336538461538462 0.038461538461538464
0 0.3425480769230769 0.6911057692307693 0.06971153846153846 0.03125
0 0.9495192307692308 0.8978365384615385 0.038461538461538464 0.040865384615384616
0 0.9170673076923077 0.9314903846153847 0.026442307692307696 0.026442307692307696
