0 0.07091346153846154 0.021634615384615384 0.07932692307692309 0.04326923076923077
0 0.038461538461538464 0.03365384615384616 0.07692307692307693 0.06730769230769232
0 0.009615384615384616 0.056490384615384616 0.019230769230769232 0.09375
0 0.6754807692307693 0.44711538461538464 0.04326923076923077 0.028846153846153848
0 0.5973557692307693 0.45432692307692313 0.05528846153846154 0.0625
0 0.5504807692307693 0.5384615384615385 0.057692307692307696 0.038461538461538464
0 0.5072115384615384 0.545673076923077 0.038461538461538464 0.028846153846153848
0 0.41466346153846156 0.5805288461538461 0.12259615384615385 0.10817307692307693
0 0.29927884615384615 0.8990384615384616 0.06490384615384616 0.1201923076923077
0 0.07211538461538462 0.7632211538461539 0.05288461538461539 0.040865384615384616
0 0.018028846153846156 0.8040865384615385 0.03605769230769231 0.05048076923076923
