0 0.3786057692307693 0.20793269230769232 0.03125 0.05048076923076923
0 0.5348557692307693 0.484375 0.06490384615384616 0.03605769230769231
0 0.5829326923076923 0.40024038461538464 0.03125 0.05528846153846154
0 0.6141826923076923 0.40625 0.03125 0.05288461538461539
0 0.6322115384615385 0.33653846153846156 0.10576923076923078 0.07211538461538462
0 0.8125 0.5973557692307693 0.038461538461538464 0.05048076923076923
0 0.8617788461538463 0.5985576923076923 0.05048076923076923 0.04326923076923077
0 0.8689903846153847 0.7860576923076924 0.10817307692307693 0.05288461538461539
0 0.6742788461538461 0.8028846153846154 0.05048076923076923 0.0625
0 0.6021634615384616 0.7872596153846154 0.03605769230769231 0.05048076923076923
0 0.561298076923077 0.9615384615384616 0.11778846153846155 0.07692307692307693
0 0.3918269230769231 0.8149038461538461 0.1201923076923077 0.09134615384615385
0 0.010817307692307692 0.9002403846153847 0.021634615384615384 0.040865384615384616
