0 0.29927884615384615 0.03245192307692308 0.14182692307692307 0.06490384615384616
0 0.9182692307692308 0.042067307692307696 0.16346153846153846 0.08413461538461539
0 0.8713942307692308 0.04927884615384616 0.1514423076923077 0.09855769230769232
0 0.23076923076923078 0.07091346153846154 0.13461538461538464 0.14182692307692307
0 0.3545673076923077 0.2668269230769231 0.6225961538461539 0.5336538461538461
0 0.7055288461538461 0.3401442307692308 0.23317307692307693 0.21875
0 0.764423076923077 0.39543269230769235 0.21634615384615385 0.19951923076923078
0 0.6033653846153847 0.576923076923077 0.22115384615384617 0.22115384615384617
0 0.46274038461538464 0.7151442307692308 0.19951923076923078 0.19471153846153846
0 0.44591346153846156 0.6057692307692308 0.28125 0.2692307692307693
0 0.4375 0.3233173076923077 0.04807692307692308 0.021634615384615384
0 0.4338942307692308 0.3545673076923077 0.09855769230769232 0.026442307692307696
0 0.4134615384615385 0.3810096153846154 0.1201923076923077 0.021634615384615384
0 0.37980769230769235 0.41105769230769235 0.1201923076923077 0.02403846153846154
0 0.3197115384615385 0.4711538461538462 0.125 0.02403846153846154
0 0.35216346153846156 0.4399038461538462 0.12259615384615385 0.02403846153846154
0 0.2932692307692308 0.5 0.11538461538461539 0.02403846153846154
0 0.2620192307692308 0.5252403846153847 0.1201923076923077 0.021634615384615384
0 0.25961538461538464 0.5540865384615385 0.057692307692307696 0.021634615384615384
0 0.49399038461538464 0.3966346153846154 0.05528846153846154 0.02403846153846154
0 0.4987980769230769 0.4182692307692308 0.10336538461538462 0.03365384615384616
0 0.48557692307692313 0.4399038461538462 0.10096153846153846 0.028846153846153848
0 0.46274038461538464 0.4555288461538462 0.10817307692307693 0.03125
0 0.4399038461538462 0.47355769230769235 0.11057692307692309 0.028846153846153848
0 0.4278846153846154 0.4879807692307693 0.10576923076923078 0.03365384615384616
0 0.4098557692307693 0.5084134615384616 0.10817307692307693 0.03125
0 0.3918269230769231 0.5240384615384616 0.09615384615384616 0.028846153846153848
0 0.3762019230769231 0.5444711538461539 0.10817307692307693 0.026442307692307696
0 0.35216346153846156 0.561298076923077 0.11298076923076923 0.03125
0 0.3293269230769231 0.578125 0.11057692307692309 0.026442307692307696
0 0.3185096153846154 0.6189903846153847 0.06490384615384616 0.021634615384615384
0 0.3185096153846154 0.6418269230769231 0.03605769230769231 0.019230769230769232
0 0.3185096153846154 0.5985576923076923 0.10336538461538462 0.028846153846153848
