0 0.34615384615384615 0.04807692307692308 0.22115384615384617 0.09615384615384616
0 0.1887019230769231 0.7680288461538461 0.10336538461538462 0.11298076923076923
0 0.2800480769230769 0.7427884615384616 0.06971153846153846 0.08653846153846154
0 0.34375 0.9879807692307693 0.05288461538461539 0.02403846153846154
0 0.6658653846153847 0.36418269230769235 0.125 0.10336538461538462
0 0.7415865384615385 0.30649038461538464 0.09855769230769232 0.11778846153846155
0 0.6838942307692308 0.4435096153846154 0.12740384615384617 0.10336538461538462
1 0.7524038461538461 0.3978365384615385 0.057692307692307696 0.05048076923076923
0 0.8401442307692308 0.48918269230769235 0.03125 0.040865384615384616
0 0.7211538461538461 0.4951923076923077 0.15384615384615385 0.12980769230769232
0 0.7439903846153847 0.5841346153846154 0.19951923076923078 0.21634615384615385
0 0.6610576923076923 0.6045673076923077 0.06730769230769232 0.06490384615384616
0 0.8870192307692308 0.5576923076923077 0.09134615384615385 0.125
1 0.84375 0.6382211538461539 0.11538461538461539 0.11298076923076923
0 0.9387019230769231 0.9098557692307693 0.12259615384615385 0.18028846153846154
0 0.514423076923077 0.12740384615384617 0.15865384615384617 0.15865384615384617
0 0.6694711538461539 0.12980769230769232 0.15625 0.15384615384615385
