0 0.7259615384615385 0.026442307692307696 0.5480769230769231 0.05288461538461539
0 0.6802884615384616 0.08413461538461539 0.639423076923077 0.08173076923076923
0 0.6346153846153847 0.15264423076923078 0.7307692307692308 0.08413461538461539
0 0.5889423076923077 0.22355769230769232 0.8221153846153847 0.08173076923076923
0 0.576923076923077 0.29447115384615385 0.8461538461538463 0.07932692307692309
0 0.5853365384615385 0.3653846153846154 0.8293269230769231 0.08173076923076923
0 0.59375 0.44230769230769235 0.8125 0.07692307692307693
0 0.592548076923077 0.5024038461538461 0.7908653846153847 0.07692307692307693
0 0.5576923076923077 0.5745192307692308 0.6826923076923077 0.07211538461538462
0 0.5240384615384616 0.639423076923077 0.576923076923077 0.07211538461538462
0 0.48918269230769235 0.7079326923076924 0.47355769230769235 0.06490384615384616
0 0.4555288461538462 0.7728365384615385 0.37259615384615385 0.05528846153846154
0 0.4206730769230769 0.842548076923077 0.2644230769230769 0.05048076923076923
0 0.38461538461538464 0.9074519230769231 0.15865384615384617 0.05528846153846154
0 0.3497596153846154 0.9795673076923077 0.05528846153846154 0.03605769230769231
