0 0.04326923076923077 0.31730769230769235 0.08653846153846154 0.21153846153846156
0 0.08774038461538462 0.4278846153846154 0.16105769230769232 0.16346153846153846
0 0.0625 0.53125 0.125 0.21634615384615385
0 0.3341346153846154 0.9074519230769231 0.125 0.10336538461538462
0 0.4098557692307693 0.8497596153846154 0.09855769230769232 0.11778846153846155
0 0.35216346153846156 0.967548076923077 0.12740384615384617 0.06490384615384616
1 0.4206730769230769 0.9411057692307693 0.057692307692307696 0.05048076923076923
0 0.3894230769230769 0.9867788461538463 0.15384615384615385 0.026442307692307696
0 0.1826923076923077 0.670673076923077 0.15865384615384617 0.15865384615384617
0 0.33774038461538464 0.6730769230769231 0.15625 0.15384615384615385
