0 0.9495192307692308 0.7079326923076924 0.10096153846153846 0.16105769230769232
0 0.9326923076923077 0.8016826923076924 0.13461538461538464 0.12259615384615385
0 0.8918269230769231 0.9699519230769231 0.15384615384615385 0.06009615384615385
0 0.7752403846153847 0.6334134615384616 0.13221153846153846 0.09855769230769232
0 0.5733173076923077 0.4134615384615385 0.0889423076923077 0.0625
0 0.561298076923077 0.43149038461538464 0.0889423076923077 0.06009615384615385
0 0.5480769230769231 0.4567307692307693 0.08173076923076923 0.057692307692307696
0 0.5396634615384616 0.46153846153846156 0.06490384615384616 0.04807692307692308
0 0.5324519230769231 0.47716346153846156 0.06971153846153846 0.05048076923076923
0 0.5276442307692308 0.48918269230769235 0.06971153846153846 0.04567307692307693
0 0.5252403846153847 0.5 0.07451923076923077 0.04807692307692308
0 0.6201923076923077 0.5372596153846154 0.11057692307692309 0.09855769230769232
0 0.4362980769230769 0.9663461538461539 0.06009615384615385 0.057692307692307696
0 0.3762019230769231 0.9399038461538463 0.08413461538461539 0.09615384615384616
0 0.2247596153846154 0.28966346153846156 0.12740384615384617 0.09375
0 0.7704326923076924 0.9435096153846154 0.22355769230769232 0.11298076923076923
