0 0.6165865384615385 0.3088942307692308 0.07451923076923077 0.021634615384615384
0 0.609375 0.34615384615384615 0.14182692307692307 0.02403846153846154
0 0.6129807692307693 0.3810096153846154 0.20192307692307693 0.026442307692307696
0 0.6141826923076923 0.4134615384615385 0.2716346153846154 0.02403846153846154
0 0.5889423076923077 0.4447115384615385 0.3125 0.028846153846153848
0 0.5552884615384616 0.47836538461538464 0.2932692307692308 0.02403846153846154
0 0.5168269230769231 0.5096153846153847 0.2932692307692308 0.02403846153846154
0 0.5 0.5444711538461539 0.2692307692307693 0.021634615384615384
0 0.4963942307692308 0.576923076923077 0.2043269230769231 0.02403846153846154
0 0.4963942307692308 0.609375 0.13221153846153846 0.021634615384615384
0 0.4951923076923077 0.6430288461538461 0.07211538461538462 0.021634615384615384
0 0.7788461538461539 0.46875 0.057692307692307696 0.019230769230769232
0 0.7692307692307693 0.49278846153846156 0.10576923076923078 0.019230769230769232
0 0.7704326923076924 0.5216346153846154 0.16105769230769232 0.02403846153846154
0 0.7788461538461539 0.546875 0.21153846153846156 0.021634615384615384
0 0.764423076923077 0.5709134615384616 0.2403846153846154 0.026442307692307696
0 0.765625 0.59375 0.30528846153846156 0.028846153846153848
0 0.7548076923076924 0.6213942307692308 0.32211538461538464 0.026442307692307696
0 0.7247596153846154 0.6442307692307693 0.31009615384615385 0.02403846153846154
0 0.7091346153846154 0.6730769230769231 0.2980769230769231 0.028846153846153848
0 0.6947115384615385 0.6983173076923077 0.28365384615384615 0.026442307692307696
0 0.6802884615384616 0.7199519230769231 0.2451923076923077 0.026442307692307696
0 0.6875 0.748798076923077 0.19230769230769232 0.021634615384615384
0 0.6838942307692308 0.7716346153846154 0.16105769230769232 0.019230769230769232
0 0.6814903846153847 0.7992788461538461 0.08413461538461539 0.021634615384615384
0 0.33293269230769235 0.578125 0.07932692307692309 0.021634615384615384
0 0.3317307692307693 0.6165865384615385 0.14903846153846154 0.021634615384615384
0 0.3353365384615385 0.6490384615384616 0.2091346153846154 0.02403846153846154
0 0.33052884615384615 0.6814903846153847 0.28605769230769235 0.026442307692307696
0 0.30168269230769235 0.7163461538461539 0.29086538461538464 0.02403846153846154
0 0.265625 0.7463942307692308 0.3004807692307693 0.021634615384615384
0 0.4915865384615385 0.75 0.10336538461538462 0.02403846153846154
0 0.4867788461538462 0.7824519230769231 0.13701923076923078 0.021634615384615384
0 0.4903846153846154 0.8040865384615385 0.19230769230769232 0.021634615384615384
0 0.4903846153846154 0.828125 0.22596153846153846 0.026442307692307696
0 0.48557692307692313 0.8557692307692308 0.2884615384615385 0.028846153846153848
0 0.47355769230769235 0.8810096153846154 0.32211538461538464 0.03125
0 0.4519230769230769 0.9038461538461539 0.32211538461538464 0.02403846153846154
0 0.2295673076923077 0.7764423076923077 0.30528846153846156 0.019230769230769232
0 0.20072115384615385 0.8137019230769231 0.31009615384615385 0.026442307692307696
0 0.1670673076923077 0.8461538461538463 0.2956730769230769 0.028846153846153848
0 0.14423076923076925 0.8798076923076924 0.2884615384615385 0.02403846153846154
0 0.12740384615384617 0.9086538461538463 0.25480769230769235 0.02403846153846154
0 0.109375 0.9423076923076924 0.21875 0.02403846153846154
0 0.09254807692307693 0.9747596153846154 0.18509615384615385 0.026442307692307696
0 0.44591346153846156 0.9326923076923077 0.3004807692307693 0.02403846153846154
0 0.3978365384615385 0.9555288461538463 0.3293269230769231 0.026442307692307696
0 0.3737980769230769 0.9807692307692308 0.3197115384615385 0.02403846153846154
0 0.34375 0.9951923076923077 0.33653846153846156 0.009615384615384616
0 0.7584134615384616 0.9783653846153847 0.2043269230769231 0.04326923076923077
0 0.7391826923076924 0.9867788461538463 0.2043269230769231 0.026442307692307696
