0 0.7475961538461539 0.01201923076923077 0.20192307692307693 0.02403846153846154
0 0.748798076923077 0.04326923076923077 0.2716346153846154 0.02403846153846154
0 0.7235576923076924 0.07451923076923077 0.3125 0.028846153846153848
0 0.6899038461538461 0.10817307692307693 0.2932692307692308 0.02403846153846154
0 0.6514423076923077 0.13942307692307693 0.2932692307692308 0.02403846153846154
0 0.6346153846153847 0.17427884615384617 0.2692307692307693 0.021634615384615384
0 0.6310096153846154 0.20673076923076925 0.2043269230769231 0.02403846153846154
0 0.6310096153846154 0.23918269230769232 0.13221153846153846 0.021634615384615384
0 0.6298076923076923 0.2728365384615385 0.07211538461538462 0.021634615384615384
0 0.9134615384615385 0.09855769230769232 0.057692307692307696 0.019230769230769232
0 0.9038461538461539 0.12259615384615385 0.10576923076923078 0.019230769230769232
0 0.905048076923077 0.1514423076923077 0.16105769230769232 0.02403846153846154
0 0.9038461538461539 0.17668269230769232 0.19230769230769232 0.021634615384615384
0 0.889423076923077 0.20072115384615385 0.22115384615384617 0.026442307692307696
0 0.873798076923077 0.22355769230769232 0.25240384615384615 0.028846153846153848
0 0.8641826923076924 0.2512019230769231 0.2716346153846154 0.026442307692307696
0 0.8521634615384616 0.27403846153846156 0.2956730769230769 0.02403846153846154
0 0.84375 0.3028846153846154 0.2980769230769231 0.028846153846153848
0 0.8293269230769231 0.328125 0.28365384615384615 0.026442307692307696
0 0.8149038461538461 0.3497596153846154 0.2451923076923077 0.026442307692307696
0 0.8221153846153847 0.3786057692307693 0.19230769230769232 0.021634615384615384
0 0.8185096153846154 0.4014423076923077 0.16105769230769232 0.019230769230769232
0 0.8161057692307693 0.4290865384615385 0.08413461538461539 0.021634615384615384
0 0.4675480769230769 0.20793269230769232 0.07932692307692309 0.021634615384615384
0 0.46634615384615385 0.24639423076923078 0.14903846153846154 0.021634615384615384
0 0.46995192307692313 0.27884615384615385 0.2091346153846154 0.02403846153846154
0 0.4651442307692308 0.3112980769230769 0.28605769230769235 0.026442307692307696
0 0.4362980769230769 0.34615384615384615 0.29086538461538464 0.02403846153846154
0 0.40024038461538464 0.3762019230769231 0.3004807692307693 0.021634615384615384
0 0.6262019230769231 0.37980769230769235 0.10336538461538462 0.02403846153846154
0 0.6213942307692308 0.4122596153846154 0.13701923076923078 0.021634615384615384
0 0.625 0.4338942307692308 0.19230769230769232 0.021634615384615384
0 0.625 0.45793269230769235 0.22596153846153846 0.026442307692307696
0 0.6201923076923077 0.48557692307692313 0.2884615384615385 0.028846153846153848
0 0.608173076923077 0.5108173076923077 0.32211538461538464 0.03125
0 0.5865384615384616 0.5336538461538461 0.32211538461538464 0.02403846153846154
0 0.36418269230769235 0.40625 0.30528846153846156 0.019230769230769232
0 0.3353365384615385 0.4435096153846154 0.31009615384615385 0.026442307692307696
0 0.30168269230769235 0.4759615384615385 0.2956730769230769 0.028846153846153848
0 0.2716346153846154 0.5096153846153847 0.3028846153846154 0.02403846153846154
0 0.23677884615384617 0.5384615384615385 0.30528846153846156 0.02403846153846154
0 0.20192307692307693 0.5721153846153847 0.3028846153846154 0.02403846153846154
0 0.16947115384615385 0.6045673076923077 0.3004807692307693 0.026442307692307696
0 0.14302884615384617 0.639423076923077 0.28605769230769235 0.02403846153846154
0 0.5805288461538461 0.5625 0.3004807692307693 0.02403846153846154
0 0.5324519230769231 0.5853365384615385 0.3293269230769231 0.026442307692307696
0 0.5084134615384616 0.6105769230769231 0.3197115384615385 0.02403846153846154
0 0.47836538461538464 0.6334134615384616 0.33653846153846156 0.026442307692307696
0 0.4519230769230769 0.6598557692307693 0.34134615384615385 0.026442307692307696
0 0.8930288461538463 0.6947115384615385 0.2043269230769231 0.21634615384615385
0 0.873798076923077 0.7103365384615385 0.2043269230769231 0.2139423076923077
0 0.858173076923077 0.7271634615384616 0.20192307692307693 0.2139423076923077
0 0.8389423076923077 0.7415865384615385 0.21153846153846156 0.2091346153846154
0 0.8257211538461539 0.7608173076923077 0.2139423076923077 0.2139423076923077
0 0.42668269230769235 0.6850961538461539 0.31490384615384615 0.028846153846153848
0 0.3966346153846154 0.7091346153846154 0.33653846153846156 0.028846153846153848
0 0.3762019230769231 0.734375 0.3341346153846154 0.026442307692307696
0 0.34855769230769235 0.7584134615384616 0.31730769230769235 0.026442307692307696
0 0.3233173076923077 0.7848557692307693 0.3293269230769231 0.026442307692307696
0 0.29927884615384615 0.8076923076923077 0.3197115384615385 0.03365384615384616
0 0.2668269230769231 0.8353365384615385 0.3125 0.03125
0 0.24278846153846156 0.859375 0.3269230769230769 0.03125
0 0.2199519230769231 0.8870192307692308 0.3293269230769231 0.028846153846153848
0 0.18629807692307693 0.9086538461538463 0.3245192307692308 0.02403846153846154
0 0.16466346153846154 0.9350961538461539 0.3293269230769231 0.028846153846153848
0 0.15264423076923078 0.9603365384615385 0.30528846153846156 0.026442307692307696
0 0.13461538461538464 0.984375 0.2692307692307693 0.026442307692307696
0 0.12379807692307693 0.6694711538461539 0.24759615384615385 0.026442307692307696
0 0.10576923076923078 0.703125 0.21153846153846156 0.026442307692307696
0 0.09375 0.7355769230769231 0.1875 0.02403846153846154
0 0.0733173076923077 0.7692307692307693 0.1466346153846154 0.02403846153846154
0 0.058894230769230775 0.8016826923076924 0.11778846153846155 0.026442307692307696
0 0.03966346153846154 0.8353365384615385 0.07932692307692309 0.026442307692307696
0 0.026442307692307696 0.8701923076923077 0.05288461538461539 0.02403846153846154
