0 0.17307692307692307 0.23076923076923078 0.10576923076923078 0.12980769230769232
0 0.45072115384615385 0.2043269230769231 0.10817307692307693 0.10576923076923078
0 0.5084134615384616 0.2572115384615385 0.06490384615384616 0.07211538461538462
0 0.5985576923076923 0.31009615384615385 0.11057692307692309 0.125
0 0.8257211538461539 0.3581730769230769 0.03605769230769231 0.028846153846153848
0 0.9807692307692308 0.48197115384615385 0.038461538461538464 0.06009615384615385
0 0.9663461538461539 0.7944711538461539 0.04326923076923077 0.026442307692307696
0 0.9855769230769231 0.625 0.028846153846153848 0.11057692307692309
0 0.10697115384615385 0.7884615384615385 0.11778846153846155 0.10096153846153846
0 0.03245192307692308 0.75 0.06490384615384616 0.09615384615384616
