0 0.04567307692307693 0.03365384615384616 0.09134615384615385 0.06730769230769232
0 0.47355769230769235 0.022836538461538464 0.06730769230769232 0.04567307692307693
0 0.530048076923077 0.01682692307692308 0.05048076923076923 0.03365384615384616
0 0.6213942307692308 0.015625 0.0889423076923077 0.03125
0 0.3040865384615385 0.6334134615384616 0.2716346153846154 0.13221153846153846
0 0.4903846153846154 0.5540865384615385 0.08653846153846154 0.06009615384615385
0 0.5661057692307693 0.5192307692307693 0.0889423076923077 0.057692307692307696
0 0.6454326923076923 0.5649038461538461 0.06490384615384616 0.14903846153846154
0 0.6538461538461539 0.5072115384615384 0.05288461538461539 0.07211538461538462
0 0.6766826923076923 0.5853365384615385 0.06490384615384616 0.08413461538461539
0 0.9591346153846154 0.5733173076923077 0.08173076923076923 0.07932692307692309
