0 0.6382211538461539 0.32091346153846156 0.07932692307692309 0.08413461538461539
0 0.65625 0.3762019230769231 0.07211538461538462 0.07451923076923077
0 0.6778846153846154 0.4338942307692308 0.07211538461538462 0.07932692307692309
0 0.6274038461538461 0.4591346153846154 0.07692307692307693 0.08653846153846154
0 0.6033653846153847 0.39903846153846156 0.08173076923076923 0.07692307692307693
0 0.5889423076923077 0.3389423076923077 0.0625 0.08653846153846154
0 0.3930288461538462 0.35336538461538464 0.04567307692307693 0.038461538461538464
0 0.3449519230769231 0.4723557692307693 0.06971153846153846 0.10336538461538462
0 0.38341346153846156 0.5637019230769231 0.06971153846153846 0.09375
0 0.3185096153846154 0.545673076923077 0.13701923076923078 0.27403846153846156
