0 0.967548076923077 0.09735576923076923 0.04567307692307693 0.03125
0 0.8870192307692308 0.6574519230769231 0.22596153846153846 0.13701923076923078
0 0.6742788461538461 0.3653846153846154 0.1466346153846154 0.09134615384615385
0 0.5540865384615385 0.32091346153846156 0.13221153846153846 0.0889423076923077
0 0.40024038461538464 0.29086538461538464 0.1514423076923077 0.08653846153846154
0 0.5180288461538461 0.2560096153846154 0.06490384615384616 0.06009615384615385
0 0.4711538461538462 0.24278846153846156 0.07692307692307693 0.06730769230769232
0 0.3978365384615385 0.2199519230769231 0.10336538461538462 0.08413461538461539
0 0.3088942307692308 0.19230769230769232 0.09855769230769232 0.07692307692307693
0 0.29927884615384615 0.2451923076923077 0.10817307692307693 0.06730769230769232
0 0.3449519230769231 0.4326923076923077 0.2620192307692308 0.1201923076923077
0 0.03605769230769231 0.18389423076923078 0.07211538461538462 0.11778846153846155
0 0.125 0.22355769230769232 0.12980769230769232 0.10096153846153846
