0 0.671875 0.967548076923077 0.14182692307692307 0.06490384615384616
0 0.7824519230769231 0.8810096153846154 0.08413461538461539 0.10336538461538462
0 0.7043269230769231 0.7391826923076924 0.11057692307692309 0.10336538461538462
0 0.6634615384615385 0.7127403846153847 0.038461538461538464 0.040865384615384616
0 0.6850961538461539 0.6947115384615385 0.038461538461538464 0.03365384615384616
0 0.7067307692307693 0.6814903846153847 0.03365384615384616 0.03605769230769231
0 0.5841346153846154 0.8257211538461539 0.14423076923076925 0.12740384615384617
0 0.5072115384615384 0.8149038461538461 0.04807692307692308 0.04807692307692308
0 0.5276442307692308 0.7980769230769231 0.04567307692307693 0.04326923076923077
0 0.5492788461538461 0.78125 0.04567307692307693 0.05288461538461539
0 0.5709134615384616 0.764423076923077 0.04567307692307693 0.04326923076923077
0 0.5913461538461539 0.75 0.05288461538461539 0.038461538461538464
0 0.375 0.701923076923077 0.07211538461538462 0.0625
0 0.4134615384615385 0.65625 0.11057692307692309 0.10576923076923078
0 0.46995192307692313 0.5889423076923077 0.10336538461538462 0.10096153846153846
0 0.5288461538461539 0.5276442307692308 0.10576923076923078 0.10817307692307693
0 0.4951923076923077 0.4495192307692308 0.06730769230769232 0.05288461538461539
0 0.4759615384615385 0.47355769230769235 0.057692307692307696 0.05288461538461539
0 0.4567307692307693 0.49278846153846156 0.06730769230769232 0.05288461538461539
0 0.4435096153846154 0.515625 0.06009615384615385 0.05048076923076923
0 0.4206730769230769 0.5348557692307693 0.057692307692307696 0.05048076923076923
0 0.4050480769230769 0.5564903846153847 0.06971153846153846 0.06009615384615385
0 0.3870192307692308 0.5793269230769231 0.05288461538461539 0.04807692307692308
0 0.3737980769230769 0.6009615384615385 0.06009615384615385 0.04326923076923077
0 0.3581730769230769 0.6201923076923077 0.057692307692307696 0.04807692307692308
0 0.33653846153846156 0.6442307692307693 0.05288461538461539 0.04326923076923077
0 0.3197115384615385 0.6670673076923077 0.05288461538461539 0.04567307692307693
0 0.17307692307692307 0.686298076923077 0.1201923076923077 0.11298076923076923
0 0.27524038461538464 0.4050480769230769 0.2091346153846154 0.18990384615384617
0 0.12379807692307693 0.3509615384615385 0.06009615384615385 0.10096153846153846
0 0.0889423076923077 0.4122596153846154 0.08653846153846154 0.06971153846153846
0 0.04326923076923077 0.5288461538461539 0.08653846153846154 0.07211538461538462
0 0.09855769230769232 0.6057692307692308 0.07211538461538462 0.08173076923076923
0 0.030048076923076924 0.12620192307692307 0.06009615384615385 0.16105769230769232
