0 0.5264423076923077 0.4411057692307693 0.04326923076923077 0.05048076923076923
0 0.5132211538461539 0.453125 0.04567307692307693 0.04567307692307693
0 0.4951923076923077 0.4675480769230769 0.05288461538461539 0.04567307692307693
0 0.484375 0.4795673076923077 0.040865384615384616 0.040865384615384616
0 0.46634615384615385 0.49399038461538464 0.04326923076923077 0.040865384615384616
0 0.5360576923076923 0.9423076923076924 0.10576923076923078 0.11538461538461539
0 0.8137019230769231 0.9230769230769231 0.10817307692307693 0.10576923076923078
0 0.8713942307692308 0.9699519230769231 0.06490384615384616 0.06009615384615385
0 0.953125 0.983173076923077 0.09375 0.03365384615384616
0 0.09014423076923077 0.36899038461538464 0.0889423076923077 0.07932692307692309
0 0.12259615384615385 0.33293269230769235 0.08173076923076923 0.06490384615384616
