0 0.4435096153846154 0.171875 0.07451923076923077 0.021634615384615384
0 0.4362980769230769 0.2091346153846154 0.14182692307692307 0.02403846153846154
0 0.4399038461538462 0.24399038461538464 0.20192307692307693 0.026442307692307696
0 0.4411057692307693 0.2764423076923077 0.2716346153846154 0.02403846153846154
0 0.41586538461538464 0.3076923076923077 0.3125 0.028846153846153848
0 0.3822115384615385 0.34134615384615385 0.2932692307692308 0.02403846153846154
0 0.34375 0.37259615384615385 0.2932692307692308 0.02403846153846154
0 0.3269230769230769 0.4074519230769231 0.2692307692307693 0.021634615384615384
0 0.3233173076923077 0.4399038461538462 0.2043269230769231 0.02403846153846154
0 0.3233173076923077 0.4723557692307693 0.13221153846153846 0.021634615384615384
0 0.32211538461538464 0.5060096153846154 0.07211538461538462 0.021634615384615384
0 0.6057692307692308 0.3317307692307693 0.057692307692307696 0.019230769230769232
0 0.5961538461538461 0.3557692307692308 0.10576923076923078 0.019230769230769232
0 0.5973557692307693 0.38461538461538464 0.16105769230769232 0.02403846153846154
0 0.6057692307692308 0.4098557692307693 0.21153846153846156 0.021634615384615384
0 0.5913461538461539 0.4338942307692308 0.2403846153846154 0.026442307692307696
0 0.592548076923077 0.4567307692307693 0.30528846153846156 0.028846153846153848
0 0.5817307692307693 0.484375 0.32211538461538464 0.026442307692307696
0 0.5516826923076923 0.5072115384615384 0.31009615384615385 0.02403846153846154
0 0.5360576923076923 0.5360576923076923 0.2980769230769231 0.028846153846153848
0 0.5216346153846154 0.561298076923077 0.28365384615384615 0.026442307692307696
0 0.5072115384615384 0.5829326923076923 0.2451923076923077 0.026442307692307696
0 0.514423076923077 0.6117788461538461 0.19230769230769232 0.021634615384615384
0 0.5108173076923077 0.6346153846153847 0.16105769230769232 0.019230769230769232
0 0.5084134615384616 0.6622596153846154 0.08413461538461539 0.021634615384615384
0 0.15985576923076925 0.4411057692307693 0.07932692307692309 0.021634615384615384
0 0.15865384615384617 0.4795673076923077 0.14903846153846154 0.021634615384615384
0 0.1622596153846154 0.5120192307692308 0.2091346153846154 0.02403846153846154
0 0.15745192307692307 0.5444711538461539 0.28605769230769235 0.026442307692307696
0 0.13701923076923078 0.5793269230769231 0.27403846153846156 0.02403846153846154
0 0.12139423076923078 0.609375 0.24278846153846156 0.021634615384615384
0 0.3185096153846154 0.6129807692307693 0.10336538461538462 0.02403846153846154
0 0.3137019230769231 0.6454326923076923 0.13701923076923078 0.021634615384615384
0 0.31730769230769235 0.6670673076923077 0.19230769230769232 0.021634615384615384
0 0.31730769230769235 0.6911057692307693 0.22596153846153846 0.026442307692307696
0 0.3125 0.71875 0.2884615384615385 0.028846153846153848
0 0.3004807692307693 0.7439903846153847 0.32211538461538464 0.03125
0 0.27884615384615385 0.7668269230769231 0.32211538461538464 0.02403846153846154
0 0.1045673076923077 0.639423076923077 0.2091346153846154 0.019230769230769232
0 0.09134615384615385 0.6766826923076923 0.1826923076923077 0.026442307692307696
0 0.07091346153846154 0.7091346153846154 0.14182692307692307 0.028846153846153848
0 0.057692307692307696 0.7427884615384616 0.11538461538461539 0.02403846153846154
0 0.040865384615384616 0.7716346153846154 0.08173076923076923 0.02403846153846154
0 0.022836538461538464 0.8052884615384616 0.04567307692307693 0.02403846153846154
0 0.2728365384615385 0.795673076923077 0.3004807692307693 0.02403846153846154
0 0.2247596153846154 0.8185096153846154 0.3293269230769231 0.026442307692307696
0 0.20072115384615385 0.84375 0.3197115384615385 0.02403846153846154
0 0.17067307692307693 0.8665865384615385 0.33653846153846156 0.026442307692307696
0 0.15745192307692307 0.8930288461538463 0.31490384615384615 0.026442307692307696
0 0.5853365384615385 0.9098557692307693 0.2043269230769231 0.18028846153846154
0 0.5661057692307693 0.9182692307692308 0.2043269230769231 0.16346153846153846
0 0.5504807692307693 0.9266826923076924 0.20192307692307693 0.1466346153846154
0 0.53125 0.9350961538461539 0.21153846153846156 0.12980769230769232
0 0.5180288461538461 0.9435096153846154 0.2139423076923077 0.11298076923076923
0 0.13822115384615385 0.9182692307692308 0.2764423076923077 0.028846153846153848
0 0.12860576923076925 0.9423076923076924 0.2572115384615385 0.028846153846153848
0 0.11778846153846155 0.967548076923077 0.2355769230769231 0.026442307692307696
0 0.09975961538461539 0.9891826923076924 0.19951923076923078 0.021634615384615384
