0 0.34375 0.038461538461538464 0.22115384615384617 0.07692307692307693
0 0.18629807692307693 0.748798076923077 0.10336538461538462 0.11298076923076923
0 0.2776442307692308 0.7235576923076924 0.06971153846153846 0.08653846153846154
0 0.34134615384615385 0.9783653846153847 0.05288461538461539 0.04326923076923077
0 0.6634615384615385 0.3449519230769231 0.125 0.10336538461538462
0 0.7391826923076924 0.2872596153846154 0.09855769230769232 0.11778846153846155
0 0.6814903846153847 0.4242788461538462 0.12740384615384617 0.10336538461538462
1 0.75 0.3786057692307693 0.057692307692307696 0.05048076923076923
0 0.8377403846153847 0.46995192307692313 0.03125 0.040865384615384616
0 0.71875 0.4759615384615385 0.15384615384615385 0.12980769230769232
0 0.7415865384615385 0.5649038461538461 0.19951923076923078 0.21634615384615385
0 0.6586538461538461 0.5853365384615385 0.06730769230769232 0.06490384615384616
0 0.8846153846153847 0.5384615384615385 0.09134615384615385 0.125
1 0.8413461538461539 0.6189903846153847 0.11538461538461539 0.11298076923076923
0 0.9375 0.9002403846153847 0.125 0.19951923076923078
0 0.5120192307692308 0.10817307692307693 0.15865384615384617 0.15865384615384617
0 0.6670673076923077 0.11057692307692309 0.15625 0.15384615384615385
