0 0.47355769230769235 0.03245192307692308 0.11538461538461539 0.06490384615384616
0 0.2716346153846154 0.019230769230769232 0.09134615384615385 0.038461538461538464
0 0.3894230769230769 0.04567307692307693 0.11057692307692309 0.09134615384615385
0 0.4170673076923077 0.11057692307692309 0.09855769230769232 0.10096153846153846
0 0.45793269230769235 0.1887019230769231 0.09375 0.09855769230769232
0 0.1201923076923077 0.05168269230769231 0.09615384615384616 0.10336538461538462
0 0.19951923076923078 0.03605769230769231 0.10096153846153846 0.07211538461538462
0 0.3161057692307693 0.06730769230769232 0.09855769230769232 0.10576923076923078
0 0.23798076923076925 0.09975961538461539 0.09615384615384616 0.10336538461538462
0 0.3449519230769231 0.1466346153846154 0.08413461538461539 0.10576923076923078
0 0.2716346153846154 0.17067307692307693 0.08653846153846154 0.08653846153846154
0 0.16346153846153846 0.13221153846153846 0.09134615384615385 0.10576923076923078
0 0.04567307692307693 0.04326923076923077 0.09134615384615385 0.08653846153846154
0 0.058894230769230775 0.09495192307692309 0.0889423076923077 0.08413461538461539
0 0.006009615384615385 0.07211538461538462 0.01201923076923077 0.08173076923076923
0 0.018028846153846156 0.13221153846153846 0.03605769230769231 0.08173076923076923
0 0.0889423076923077 0.1670673076923077 0.10096153846153846 0.10817307692307693
0 0.03125 0.19471153846153846 0.0625 0.10576923076923078
0 0.19471153846153846 0.21514423076923078 0.08653846153846154 0.08413461538461539
0 0.3737980769230769 0.22115384615384617 0.08413461538461539 0.09615384615384616
0 0.48918269230769235 0.2644230769230769 0.10336538461538462 0.11538461538461539
0 0.4122596153846154 0.3004807692307693 0.09855769230769232 0.10096153846153846
0 0.30528846153846156 0.25240384615384615 0.08653846153846154 0.09615384615384616
0 0.33774038461538464 0.328125 0.10336538461538462 0.10817307692307693
0 0.36899038461538464 0.41105769230769235 0.09375 0.09134615384615385
0 0.3028846153846154 0.4411057692307693 0.09615384615384616 0.09375
0 0.23197115384615385 0.2848557692307693 0.09855769230769232 0.0889423076923077
0 0.26322115384615385 0.35697115384615385 0.09375 0.10336538461538462
0 0.12259615384615385 0.2403846153846154 0.09134615384615385 0.09134615384615385
0 0.15865384615384617 0.31490384615384615 0.08653846153846154 0.09134615384615385
0 0.1935096153846154 0.3930288461538462 0.09855769230769232 0.10817307692307693
0 0.04927884615384616 0.2716346153846154 0.0889423076923077 0.10096153846153846
0 0.07932692307692309 0.3497596153846154 0.08173076923076923 0.09855769230769232
0 0.11778846153846155 0.4290865384615385 0.10096153846153846 0.10336538461538462
0 0.010817307692307692 0.30649038461538464 0.021634615384615384 0.09855769230769232
0 0.026442307692307696 0.3822115384615385 0.05288461538461539 0.09615384615384616
0 0.04567307692307693 0.46153846153846156 0.09134615384615385 0.11057692307692309
0 0.009615384615384616 0.4915865384615385 0.019230769230769232 0.11778846153846155
0 0.056490384615384616 0.6153846153846154 0.09855769230769232 0.13461538461538464
0 0.028846153846153848 0.6358173076923077 0.057692307692307696 0.13701923076923078
