0 0.7776442307692308 0.03485576923076923 0.09375 0.06971153846153846
0 0.6646634615384616 0.015625 0.08413461538461539 0.03125
0 0.5913461538461539 0.022836538461538464 0.08653846153846154 0.04567307692307693
0 0.4831730769230769 0.00841346153846154 0.09134615384615385 0.01682692307692308
0 0.4086538461538462 0.026442307692307696 0.10096153846153846 0.05288461538461539
0 0.3353365384615385 0.03966346153846154 0.09375 0.07932692307692309
0 0.514423076923077 0.046875 0.08653846153846154 0.08413461538461539
0 0.25841346153846156 0.057692307692307696 0.10336538461538462 0.10576923076923078
0 0.6935096153846154 0.05288461538461539 0.08413461538461539 0.09615384615384616
0 0.8088942307692308 0.09615384615384616 0.10336538461538462 0.11538461538461539
0 0.7319711538461539 0.13221153846153846 0.09855769230769232 0.10096153846153846
0 0.625 0.08413461538461539 0.08653846153846154 0.09615384615384616
0 0.6574519230769231 0.15985576923076925 0.10336538461538462 0.10817307692307693
0 0.6887019230769231 0.24278846153846156 0.09375 0.09134615384615385
0 0.6225961538461539 0.2728365384615385 0.09615384615384616 0.09375
0 0.5516826923076923 0.11658653846153846 0.09855769230769232 0.0889423076923077
0 0.5829326923076923 0.1887019230769231 0.09375 0.10336538461538462
0 0.44230769230769235 0.07211538461538462 0.09134615384615385 0.09134615384615385
0 0.47836538461538464 0.1466346153846154 0.08653846153846154 0.09134615384615385
0 0.5132211538461539 0.2247596153846154 0.09855769230769232 0.10817307692307693
0 0.36899038461538464 0.10336538461538462 0.0889423076923077 0.10096153846153846
0 0.39903846153846156 0.18149038461538464 0.08173076923076923 0.09855769230769232
0 0.4375 0.2608173076923077 0.10096153846153846 0.10336538461538462
0 0.29927884615384615 0.13822115384615385 0.08413461538461539 0.09855769230769232
0 0.18149038461538464 0.09254807692307693 0.09855769230769232 0.11298076923076923
0 0.21634615384615385 0.16947115384615385 0.09134615384615385 0.09855769230769232
0 0.33052884615384615 0.2139423076923077 0.08413461538461539 0.09615384615384616
0 0.359375 0.2932692307692308 0.10336538461538462 0.11057692307692309
0 0.2872596153846154 0.3233173076923077 0.10336538461538462 0.11778846153846155
0 0.25480769230769235 0.25 0.10576923076923078 0.10576923076923078
0 0.3762019230769231 0.44711538461538464 0.09855769230769232 0.13461538461538464
0 0.3293269230769231 0.4675480769230769 0.09615384615384616 0.13701923076923078
