0 0.873798076923077 0.009615384615384616 0.25240384615384615 0.019230769230769232
0 0.859375 0.030048076923076924 0.28125 0.03125
0 0.8485576923076924 0.05288461538461539 0.3028846153846154 0.02403846153846154
0 0.5733173076923077 0.004807692307692308 0.2956730769230769 0.009615384615384616
0 0.5432692307692308 0.028846153846153848 0.3028846153846154 0.02403846153846154
0 0.5084134615384616 0.057692307692307696 0.30528846153846156 0.02403846153846154
0 0.47355769230769235 0.09134615384615385 0.3028846153846154 0.02403846153846154
0 0.4411057692307693 0.12379807692307693 0.3004807692307693 0.026442307692307696
0 0.40625 0.15865384615384617 0.3028846153846154 0.02403846153846154
0 0.8509615384615385 0.08173076923076923 0.2980769230769231 0.02403846153846154
0 0.8040865384615385 0.1045673076923077 0.3293269230769231 0.026442307692307696
0 0.780048076923077 0.12980769230769232 0.3197115384615385 0.02403846153846154
0 0.75 0.15264423076923078 0.33653846153846156 0.026442307692307696
0 0.7235576923076924 0.17908653846153846 0.34134615384615385 0.026442307692307696
0 0.8125 0.7512019230769231 0.375 0.49759615384615385
0 0.6983173076923077 0.2043269230769231 0.31490384615384615 0.028846153846153848
0 0.6682692307692308 0.22836538461538464 0.33653846153846156 0.028846153846153848
0 0.6478365384615385 0.2536057692307692 0.3341346153846154 0.026442307692307696
0 0.6201923076923077 0.2776442307692308 0.31730769230769235 0.026442307692307696
0 0.5949519230769231 0.3040865384615385 0.3293269230769231 0.026442307692307696
0 0.5709134615384616 0.3269230769230769 0.3197115384615385 0.03365384615384616
0 0.5384615384615385 0.3545673076923077 0.3125 0.03125
0 0.514423076923077 0.3786057692307693 0.3269230769230769 0.03125
0 0.4915865384615385 0.40625 0.3293269230769231 0.028846153846153848
0 0.45793269230769235 0.4278846153846154 0.3245192307692308 0.02403846153846154
0 0.43509615384615385 0.45432692307692313 0.3317307692307693 0.028846153846153848
0 0.4122596153846154 0.4795673076923077 0.3293269230769231 0.026442307692307696
0 0.3774038461538462 0.5036057692307693 0.3269230769230769 0.026442307692307696
0 0.3617788461538462 0.530048076923077 0.3245192307692308 0.026442307692307696
0 0.3425480769230769 0.5516826923076923 0.31490384615384615 0.026442307692307696
0 0.3245192307692308 0.576923076923077 0.28365384615384615 0.028846153846153848
0 0.3161057692307693 0.6021634615384616 0.2572115384615385 0.021634615384615384
0 0.3269230769230769 0.6310096153846154 0.19230769230769232 0.026442307692307696
0 0.31730769230769235 0.6526442307692308 0.13942307692307693 0.01682692307692308
0 0.3137019230769231 0.6802884615384616 0.09855769230769232 0.019230769230769232
0 0.3185096153846154 0.7067307692307693 0.06009615384615385 0.019230769230769232
0 0.3701923076923077 0.1887019230769231 0.2980769230769231 0.026442307692307696
0 0.33293269230769235 0.22235576923076925 0.3004807692307693 0.026442307692307696
0 0.3028846153846154 0.25480769230769235 0.3125 0.02403846153846154
0 0.265625 0.2884615384615385 0.30528846153846156 0.02403846153846154
0 0.23798076923076925 0.32091346153846156 0.3028846153846154 0.026442307692307696
0 0.19951923076923078 0.3545673076923077 0.3028846153846154 0.026442307692307696
0 0.17427884615384617 0.3894230769230769 0.3004807692307693 0.02403846153846154
0 0.15504807692307693 0.4206730769230769 0.2620192307692308 0.02403846153846154
0 0.1466346153846154 0.4519230769230769 0.20673076923076925 0.028846153846153848
0 0.14903846153846154 0.484375 0.13942307692307693 0.021634615384615384
0 0.14903846153846154 0.5180288461538461 0.07692307692307693 0.021634615384615384
0 0.6117788461538461 0.9543269230769231 0.2043269230769231 0.09134615384615385
