0 0.5528846153846154 0.390625 0.13942307692307693 0.021634615384615384
0 0.5552884615384616 0.4074519230769231 0.13461538461538464 0.01682692307692308
0 0.5528846153846154 0.41947115384615385 0.13942307692307693 0.01682692307692308
0 0.5528846153846154 0.4375 0.13461538461538464 0.019230769230769232
0 0.5516826923076923 0.453125 0.13701923076923078 0.021634615384615384
0 0.5084134615384616 0.4723557692307693 0.040865384615384616 0.01682692307692308
0 0.5829326923076923 0.4879807692307693 0.07451923076923077 0.014423076923076924
0 0.5841346153846154 0.5012019230769231 0.07692307692307693 0.01682692307692308
0 0.5805288461538461 0.5192307692307693 0.06971153846153846 0.019230769230769232
0 0.5817307692307693 0.5360576923076923 0.07211538461538462 0.019230769230769232
0 0.5829326923076923 0.5492788461538461 0.07451923076923077 0.01682692307692308
0 0.5805288461538461 0.5649038461538461 0.06971153846153846 0.019230769230769232
0 0.5793269230769231 0.5805288461538461 0.06730769230769232 0.01682692307692308
0 0.578125 0.5961538461538461 0.07451923076923077 0.014423076923076924
0 0.5805288461538461 0.6141826923076923 0.06971153846153846 0.01682692307692308
0 0.576923076923077 0.6322115384615385 0.06730769230769232 0.019230769230769232
0 0.576923076923077 0.6454326923076923 0.06730769230769232 0.01682692307692308
0 0.7704326923076924 0.6490384615384616 0.07451923076923077 0.019230769230769232
0 0.7752403846153847 0.9074519230769231 0.05048076923076923 0.07451923076923077
