0 0.561298076923077 0.4747596153846154 0.07451923076923077 0.021634615384615384
0 0.5540865384615385 0.5120192307692308 0.14182692307692307 0.02403846153846154
0 0.5576923076923077 0.546875 0.20192307692307693 0.026442307692307696
0 0.5588942307692308 0.5793269230769231 0.2716346153846154 0.02403846153846154
0 0.5336538461538461 0.6105769230769231 0.3125 0.028846153846153848
0 0.5 0.6442307692307693 0.2932692307692308 0.02403846153846154
0 0.46153846153846156 0.6754807692307693 0.2932692307692308 0.02403846153846154
0 0.4447115384615385 0.7103365384615385 0.2692307692307693 0.021634615384615384
0 0.4411057692307693 0.7427884615384616 0.2043269230769231 0.02403846153846154
0 0.4411057692307693 0.7752403846153847 0.13221153846153846 0.021634615384615384
0 0.4399038461538462 0.8088942307692308 0.07211538461538462 0.021634615384615384
0 0.7235576923076924 0.6346153846153847 0.057692307692307696 0.019230769230769232
0 0.7139423076923077 0.6586538461538461 0.10576923076923078 0.019230769230769232
0 0.7151442307692308 0.6875 0.16105769230769232 0.02403846153846154
0 0.7235576923076924 0.7127403846153847 0.21153846153846156 0.021634615384615384
0 0.7091346153846154 0.7367788461538461 0.2403846153846154 0.026442307692307696
0 0.7103365384615385 0.7596153846153847 0.30528846153846156 0.028846153846153848
0 0.6995192307692308 0.7872596153846154 0.32211538461538464 0.026442307692307696
0 0.6694711538461539 0.8100961538461539 0.31009615384615385 0.02403846153846154
0 0.6538461538461539 0.8389423076923077 0.2980769230769231 0.028846153846153848
0 0.639423076923077 0.8641826923076924 0.28365384615384615 0.026442307692307696
0 0.625 0.8858173076923077 0.2451923076923077 0.026442307692307696
0 0.6322115384615385 0.9146634615384616 0.19230769230769232 0.021634615384615384
0 0.6286057692307693 0.9375 0.16105769230769232 0.019230769230769232
0 0.6262019230769231 0.9651442307692308 0.08413461538461539 0.021634615384615384
0 0.2776442307692308 0.7439903846153847 0.07932692307692309 0.021634615384615384
0 0.2764423076923077 0.7824519230769231 0.14903846153846154 0.021634615384615384
0 0.2800480769230769 0.8149038461538461 0.2091346153846154 0.02403846153846154
0 0.27524038461538464 0.8473557692307693 0.28605769230769235 0.026442307692307696
0 0.24639423076923078 0.8822115384615385 0.29086538461538464 0.02403846153846154
0 0.21033653846153846 0.9122596153846154 0.3004807692307693 0.021634615384615384
0 0.4362980769230769 0.9158653846153847 0.10336538461538462 0.02403846153846154
0 0.43149038461538464 0.9483173076923077 0.13701923076923078 0.021634615384615384
0 0.43509615384615385 0.9699519230769231 0.19230769230769232 0.021634615384615384
0 0.43509615384615385 0.9903846153846154 0.22596153846153846 0.019230769230769232
0 0.17427884615384617 0.9423076923076924 0.30528846153846156 0.019230769230769232
0 0.15024038461538464 0.9795673076923077 0.3004807692307693 0.026442307692307696
