0 0.1310096153846154 0.8930288461538463 0.05528846153846154 0.07451923076923077
0 0.1983173076923077 0.8870192307692308 0.026442307692307696 0.04326923076923077
0 0.18389423076923078 0.9314903846153847 0.026442307692307696 0.03605769230769231
0 0.21153846153846156 0.639423076923077 0.22115384615384617 0.09615384615384616
0 0.4122596153846154 0.7307692307692308 0.05528846153846154 0.07692307692307693
0 0.5673076923076923 0.5204326923076923 0.038461538461538464 0.03605769230769231
0 0.5865384615384616 0.5348557692307693 0.028846153846153848 0.040865384615384616
0 0.6129807692307693 0.5336538461538461 0.028846153846153848 0.04807692307692308
0 0.6478365384615385 0.5360576923076923 0.03605769230769231 0.05288461538461539
0 0.375 0.8617788461538463 0.04807692307692308 0.06009615384615385
0 0.4399038461538462 0.9495192307692308 0.06730769230769232 0.10096153846153846
