0 0.014423076923076924 0.038461538461538464 0.028846153846153848 0.028846153846153848
0 0.01682692307692308 0.06370192307692309 0.03365384615384616 0.03125
0 0.7103365384615385 0.35697115384615385 0.09855769230769232 0.09375
0 0.6887019230769231 0.37980769230769235 0.0889423076923077 0.09134615384615385
0 0.6694711538461539 0.4014423076923077 0.09375 0.09134615384615385
0 0.6538461538461539 0.421875 0.09134615384615385 0.09375
0 0.6298076923076923 0.44230769230769235 0.09615384615384616 0.08653846153846154
0 0.15745192307692307 0.24759615384615385 0.2043269230769231 0.21634615384615385
0 0.13822115384615385 0.26322115384615385 0.2043269230769231 0.2139423076923077
0 0.12259615384615385 0.2800480769230769 0.20192307692307693 0.2139423076923077
0 0.1045673076923077 0.29447115384615385 0.2091346153846154 0.2091346153846154
0 0.09855769230769232 0.3137019230769231 0.19711538461538464 0.2139423076923077
0 0.1310096153846154 0.7680288461538461 0.2620192307692308 0.4639423076923077
