0 0.022836538461538464 0.3269230769230769 0.04567307692307693 0.05288461538461539
0 0.10336538461538462 0.30528846153846156 0.04807692307692308 0.04326923076923077
0 0.14302884615384617 0.5096153846153847 0.05048076923076923 0.05288461538461539
0 0.2884615384615385 0.2451923076923077 0.08653846153846154 0.0625
0 0.5024038461538461 0.22235576923076925 0.10096153846153846 0.05048076923076923
0 0.44711538461538464 0.46995192307692313 0.04807692307692308 0.021634615384615384
0 0.7211538461538461 0.20072115384615385 0.04326923076923077 0.05048076923076923
0 0.9014423076923077 0.19711538461538464 0.03365384615384616 0.05288461538461539
0 0.9783653846153847 0.1875 0.03365384615384616 0.057692307692307696
0 0.6742788461538461 0.46634615384615385 0.08413461538461539 0.04807692307692308
0 0.7163461538461539 0.4963942307692308 0.03365384615384616 0.06009615384615385
0 0.7536057692307693 0.4963942307692308 0.03125 0.06009615384615385
0 0.7151442307692308 0.9651442307692308 0.03125 0.03125
0 0.7608173076923077 0.9639423076923077 0.03125 0.03365384615384616
0 0.9735576923076924 0.6201923076923077 0.028846153846153848 0.019230769230769232
0 0.9747596153846154 0.8161057692307693 0.05048076923076923 0.06009615384615385
0 0.780048076923077 0.1875 0.040865384615384616 0.03365384615384616
